  0.0000e+00   0.0000e+00
  1.0000e+02   4.6532e-02
  2.0000e+02   8.6877e-03
  3.0000e+02  -5.0329e-02
  4.0000e+02   6.0659e-02
  5.0000e+02  -9.5915e-02
  6.0000e+02   6.2976e-02
  7.0000e+02   2.8593e-03
  8.0000e+02  -8.2350e-02
  9.0000e+02   1.9884e-01
  1.0000e+03  -3.0335e-01
  1.1000e+03   3.8384e-01
  1.2000e+03  -4.4477e-01
  1.3000e+03   4.6386e-01
  1.4000e+03  -4.4904e-01
  1.5000e+03   4.1400e-01
  1.6000e+03  -3.5822e-01
  1.7000e+03   2.9448e-01
  1.8000e+03  -2.3402e-01
  1.9000e+03   1.7706e-01
  2.0000e+03  -1.2823e-01
  2.1000e+03   9.0785e-02
  2.2000e+03  -6.1658e-02
  2.3000e+03   3.9974e-02
  2.4000e+03  -2.5687e-02
  2.5000e+03   1.6003e-02
  2.6000e+03  -9.3065e-03
  2.7000e+03   5.4576e-03
  2.8000e+03  -3.2436e-03
  2.9000e+03   1.6770e-03
  3.0000e+03  -8.4968e-04
  3.1000e+03   5.3862e-04
  3.2000e+03  -2.6475e-04
  3.3000e+03   7.3463e-05
  3.4000e+03  -6.5292e-05
  3.5000e+03   5.7719e-05
  3.6000e+03   2.3822e-06
  3.7000e+03  -8.8301e-06
  3.8000e+03  -1.7583e-05
  3.9000e+03   6.3611e-06
  4.0000e+03   1.1040e-05
  4.1000e+03  -3.7568e-07
  4.2000e+03  -7.8926e-06
  4.3000e+03  -1.1512e-06
  4.4000e+03   4.9960e-06
  4.5000e+03   1.4278e-06
  4.6000e+03  -3.2201e-06
  4.7000e+03  -1.0074e-06
  4.8000e+03   2.2680e-06
  4.9000e+03   3.5724e-07
  5.0000e+03  -1.9756e-06
  5.1000e+03   3.4673e-07
  5.2000e+03   2.2703e-06
  5.3000e+03  -9.9422e-07
  5.4000e+03  -3.2239e-06
  5.5000e+03   1.4091e-06
  5.6000e+03   4.9991e-06
  5.7000e+03  -1.1232e-06
  5.8000e+03  -7.8905e-06
  5.9000e+03  -4.1522e-07
  6.0000e+03   1.1021e-05
  6.1000e+03   6.4160e-06
  6.2000e+03  -1.7543e-05
  6.3000e+03  -8.8714e-06
  6.4000e+03   2.2570e-06
  6.5000e+03   5.7813e-05
  6.6000e+03  -6.5264e-05
  6.7000e+03   7.3764e-05
  6.8000e+03  -2.6544e-04
  6.9000e+03   5.3936e-04
  7.0000e+03  -8.5125e-04
  7.1000e+03   1.6805e-03
  7.2000e+03  -3.2489e-03
  7.3000e+03   5.4661e-03
  7.4000e+03  -9.3217e-03
  7.5000e+03   1.6026e-02
  7.6000e+03  -2.5722e-02
  7.7000e+03   4.0026e-02
  7.8000e+03  -6.1732e-02
  7.9000e+03   9.0883e-02
  8.0000e+03  -1.2835e-01
  8.1000e+03   1.7721e-01
  8.2000e+03  -2.3419e-01
  8.3000e+03   2.9467e-01
  8.4000e+03  -3.5840e-01
  8.5000e+03   4.1414e-01
  8.6000e+03  -4.4912e-01
  8.7000e+03   4.6386e-01
  8.8000e+03  -4.4465e-01
  8.9000e+03   3.8363e-01
  9.0000e+03  -3.0308e-01
  9.1000e+03   1.9850e-01
  9.2000e+03  -8.2054e-02
  9.3000e+03   2.6398e-03
  9.4000e+03   6.3125e-02
  9.5000e+03  -9.5903e-02
  9.6000e+03   6.0586e-02
  9.7000e+03  -5.0245e-02
  9.8000e+03   8.5339e-03
  9.9000e+03   4.6540e-02
  1.0000e+04   0.0000e+00
