  0.0000e+00   0.0000e+00
  1.0000e+02  -4.3635e-04
  2.0000e+02  -2.5969e-03
  3.0000e+02   1.7812e-03
  4.0000e+02   1.9354e-03
  5.0000e+02  -2.6997e-03
  6.0000e+02   2.0662e-03
  7.0000e+02   1.5487e-04
  8.0000e+02  -4.3138e-03
  9.0000e+02   5.1360e-03
  1.0000e+03  -8.0148e-04
  1.1000e+03  -4.7258e-03
  1.2000e+03   7.9830e-03
  1.3000e+03  -6.0952e-03
  1.4000e+03  -1.8784e-03
  1.5000e+03   1.1008e-02
  1.6000e+03  -1.4116e-02
  1.7000e+03   7.9295e-03
  1.8000e+03   5.6391e-03
  1.9000e+03  -1.9923e-02
  2.0000e+03   2.5653e-02
  2.1000e+03  -1.6793e-02
  2.2000e+03  -4.9399e-03
  2.3000e+03   3.0685e-02
  2.4000e+03  -4.8064e-02
  2.5000e+03   4.6164e-02
  2.6000e+03  -2.0935e-02
  2.7000e+03  -2.2104e-02
  2.8000e+03   6.9579e-02
  2.9000e+03  -1.0472e-01
  3.0000e+03   1.1254e-01
  3.1000e+03  -8.4477e-02
  3.2000e+03   2.0862e-02
  3.3000e+03   6.9729e-02
  3.4000e+03  -1.7329e-01
  3.5000e+03   2.7408e-01
  3.6000e+03  -3.5813e-01
  3.7000e+03   4.1594e-01
  3.8000e+03  -4.4347e-01
  3.9000e+03   4.4178e-01
  4.0000e+03  -4.1574e-01
  4.1000e+03   3.7238e-01
  4.2000e+03  -3.1927e-01
  4.3000e+03   2.6321e-01
  4.4000e+03  -2.0954e-01
  4.5000e+03   1.6193e-01
  4.6000e+03  -1.2246e-01
  4.7000e+03   9.1973e-02
  4.8000e+03  -7.0551e-02
  4.9000e+03   5.7913e-02
  5.0000e+03  -5.3751e-02
  5.1000e+03   5.7938e-02
  5.2000e+03  -7.0601e-02
  5.3000e+03   9.2050e-02
  5.4000e+03  -1.2256e-01
  5.5000e+03   1.6206e-01
  5.6000e+03  -2.0969e-01
  5.7000e+03   2.6337e-01
  5.8000e+03  -3.1943e-01
  5.9000e+03   3.7253e-01
  6.0000e+03  -4.1585e-01
  6.1000e+03   4.4183e-01
  6.2000e+03  -4.4344e-01
  6.3000e+03   4.1581e-01
  6.4000e+03  -3.5792e-01
  6.5000e+03   2.7380e-01
  6.6000e+03  -1.7298e-01
  6.7000e+03   6.9435e-02
  6.8000e+03   2.1096e-02
  6.9000e+03  -8.4614e-02
  7.0000e+03   1.1256e-01
  7.1000e+03  -1.0465e-01
  7.2000e+03   6.9449e-02
  7.3000e+03  -2.1963e-02
  7.4000e+03  -2.1041e-02
  7.5000e+03   4.6205e-02
  7.6000e+03  -4.8037e-02
  7.7000e+03   3.0615e-02
  7.8000e+03  -4.8641e-03
  7.9000e+03  -1.6841e-02
  8.0000e+03   2.5656e-02
  8.1000e+03  -1.9889e-02
  8.2000e+03   5.5936e-03
  8.3000e+03   7.9610e-03
  8.4000e+03  -1.4120e-02
  8.5000e+03   1.0987e-02
  8.6000e+03  -1.8499e-03
  8.7000e+03  -6.1109e-03
  8.8000e+03   7.9799e-03
  8.9000e+03  -4.7107e-03
  9.0000e+03  -8.1806e-04
  9.1000e+03   5.1414e-03
  9.2000e+03  -4.3047e-03
  9.3000e+03   1.4404e-04
  9.4000e+03   2.0708e-03
  9.5000e+03  -2.6992e-03
  9.6000e+03   1.9274e-03
  9.7000e+03   1.7889e-03
  9.8000e+03  -2.5926e-03
  9.9000e+03  -4.4083e-04
  1.0000e+04   0.0000e+00
