  0.0000e+00   0.0000e+00
  1.0000e+02  -2.5059e-04
  2.0000e+02  -1.4222e-03
  3.0000e+02   9.7118e-04
  4.0000e+02   1.3160e-03
  5.0000e+02  -1.5987e-03
  6.0000e+02   6.1735e-04
  7.0000e+02   7.3634e-04
  8.0000e+02  -2.4530e-03
  9.0000e+02   2.0162e-03
  1.0000e+03   1.1363e-03
  1.1000e+03  -3.6393e-03
  1.2000e+03   3.1817e-03
  1.3000e+03   2.2618e-05
  1.4000e+03  -4.2841e-03
  1.5000e+03   6.1269e-03
  1.6000e+03  -2.8553e-03
  1.7000e+03  -3.8364e-03
  1.8000e+03   9.0597e-03
  1.9000e+03  -8.5680e-03
  2.0000e+03   1.3352e-03
  2.1000e+03   9.1416e-03
  2.2000e+03  -1.5979e-02
  2.3000e+03   1.3363e-02
  2.4000e+03  -8.6958e-04
  2.5000e+03  -1.5780e-02
  2.6000e+03   2.7366e-02
  2.7000e+03  -2.5747e-02
  2.8000e+03   8.5990e-03
  2.9000e+03   1.8406e-02
  3.0000e+03  -4.3614e-02
  3.1000e+03   5.4363e-02
  3.2000e+03  -4.2430e-02
  3.3000e+03   7.8547e-03
  3.4000e+03   4.0335e-02
  3.5000e+03  -8.6865e-02
  3.6000e+03   1.1515e-01
  3.7000e+03  -1.1235e-01
  3.8000e+03   7.2872e-02
  3.9000e+03   4.6773e-04
  4.0000e+03  -9.7758e-02
  4.1000e+03   2.0507e-01
  4.2000e+03  -3.0811e-01
  4.3000e+03   3.9531e-01
  4.4000e+03  -4.5980e-01
  4.5000e+03   4.9999e-01
  4.6000e+03  -5.1888e-01
  4.7000e+03   5.2251e-01
  4.8000e+03  -5.1815e-01
  4.9000e+03   5.1244e-01
  5.0000e+03  -5.1000e-01
  5.1000e+03   5.1246e-01
  5.2000e+03  -5.1817e-01
  5.3000e+03   5.2252e-01
  5.4000e+03  -5.1885e-01
  5.5000e+03   4.9991e-01
  5.6000e+03  -4.5965e-01
  5.7000e+03   3.9508e-01
  5.8000e+03  -3.0783e-01
  5.9000e+03   2.0476e-01
  6.0000e+03  -9.7449e-02
  6.1000e+03   2.1000e-04
  6.2000e+03   7.3042e-02
  6.3000e+03  -1.1241e-01
  6.4000e+03   1.1511e-01
  6.5000e+03  -8.6747e-02
  6.6000e+03   4.0187e-02
  6.7000e+03   7.9831e-03
  6.8000e+03  -4.2501e-02
  6.9000e+03   5.4363e-02
  7.0000e+03  -4.3555e-02
  7.1000e+03   1.8322e-02
  7.2000e+03   8.6687e-03
  7.3000e+03  -2.5775e-02
  7.4000e+03   2.7349e-02
  7.5000e+03  -1.5733e-02
  7.6000e+03  -9.1663e-04
  7.7000e+03   1.3386e-02
  7.8000e+03  -1.5971e-02
  7.9000e+03   9.1125e-03
  8.0000e+03   1.3642e-03
  8.1000e+03  -8.5800e-03
  8.2000e+03   9.0511e-03
  8.3000e+03  -3.8162e-03
  8.4000e+03  -2.8718e-03
  8.5000e+03   6.1286e-03
  8.6000e+03  -4.2733e-03
  8.7000e+03   1.0022e-05
  8.8000e+03   3.1876e-03
  8.9000e+03  -3.6354e-03
  9.0000e+03   1.1264e-03
  9.1000e+03   2.0222e-03
  9.2000e+03  -2.4504e-03
  9.3000e+03   7.3096e-04
  9.4000e+03   6.2132e-04
  9.5000e+03  -1.5998e-03
  9.6000e+03   1.3113e-03
  9.7000e+03   9.7592e-04
  9.8000e+03  -1.4198e-03
  9.9000e+03  -2.5308e-04
  1.0000e+04   0.0000e+00
