  0.0000e+00   0.0000e+00
  1.0000e+02  -1.2818e-01
  2.0000e+02  -1.4530e-02
  3.0000e+02   7.7914e-02
  4.0000e+02  -1.5346e-01
  5.0000e+02   3.1318e-01
  6.0000e+02  -3.6344e-01
  7.0000e+02   4.3895e-01
  8.0000e+02  -4.7666e-01
  9.0000e+02   4.4677e-01
  1.0000e+03  -4.2597e-01
  1.1000e+03   3.6923e-01
  1.2000e+03  -2.9754e-01
  1.3000e+03   2.4290e-01
  1.4000e+03  -1.8089e-01
  1.5000e+03   1.2851e-01
  1.6000e+03  -9.3835e-02
  1.7000e+03   6.1504e-02
  1.8000e+03  -3.8827e-02
  1.9000e+03   2.6476e-02
  2.0000e+03  -1.5332e-02
  2.1000e+03   8.3642e-03
  2.2000e+03  -5.8206e-03
  2.3000e+03   2.9784e-03
  2.4000e+03  -1.1360e-03
  2.5000e+03   1.0779e-03
  2.6000e+03  -5.6021e-04
  2.7000e+03  -3.2286e-05
  2.8000e+03  -1.5898e-04
  2.9000e+03   1.7934e-04
  3.0000e+03   8.3811e-05
  3.1000e+03  -2.0504e-05
  3.2000e+03  -8.9426e-05
  3.3000e+03  -1.7508e-05
  3.4000e+03   4.6037e-05
  3.5000e+03   3.2638e-05
  3.6000e+03  -1.7809e-05
  3.7000e+03  -2.7497e-05
  3.8000e+03   1.7506e-06
  3.9000e+03   1.8387e-05
  4.0000e+03   4.5273e-06
  4.1000e+03  -1.0549e-05
  4.2000e+03  -5.7765e-06
  4.3000e+03   5.4016e-06
  4.4000e+03   5.0649e-06
  4.5000e+03  -2.4934e-06
  4.6000e+03  -3.9931e-06
  4.7000e+03   1.0102e-06
  4.8000e+03   3.2162e-06
  4.9000e+03  -2.5927e-07
  5.0000e+03  -2.9426e-06
  5.1000e+03  -2.7238e-07
  5.2000e+03   3.2127e-06
  5.3000e+03   1.0251e-06
  5.4000e+03  -3.9841e-06
  5.5000e+03  -2.5112e-06
  5.6000e+03   5.0461e-06
  5.7000e+03   5.4214e-06
  5.8000e+03  -5.7408e-06
  5.9000e+03  -1.0565e-05
  6.0000e+03   4.4664e-06
  6.1000e+03   1.8384e-05
  6.2000e+03   1.8420e-06
  6.3000e+03  -2.7446e-05
  6.4000e+03  -1.7920e-05
  6.5000e+03   3.2498e-05
  6.6000e+03   4.6118e-05
  6.7000e+03  -1.7241e-05
  6.8000e+03  -8.9384e-05
  6.9000e+03  -2.0834e-05
  7.0000e+03   8.3416e-05
  7.1000e+03   1.7971e-04
  7.2000e+03  -1.5848e-04
  7.3000e+03  -3.1618e-05
  7.4000e+03  -5.6193e-04
  7.5000e+03   1.0784e-03
  7.6000e+03  -1.1387e-03
  7.7000e+03   2.9854e-03
  7.8000e+03  -5.8278e-03
  7.9000e+03   8.3778e-03
  8.0000e+03  -1.5358e-02
  8.1000e+03   2.6509e-02
  8.2000e+03  -3.8878e-02
  8.3000e+03   6.1586e-02
  8.4000e+03  -9.3932e-02
  8.5000e+03   1.2864e-01
  8.6000e+03  -1.8106e-01
  8.7000e+03   2.4307e-01
  8.8000e+03  -2.9773e-01
  8.9000e+03   3.6943e-01
  9.0000e+03  -4.2609e-01
  9.1000e+03   4.4685e-01
  9.2000e+03  -4.7666e-01
  9.3000e+03   4.3878e-01
  9.4000e+03  -3.6326e-01
  9.5000e+03   3.1285e-01
  9.6000e+03  -1.5311e-01
  9.7000e+03   7.7705e-02
  9.8000e+03  -1.4214e-02
  9.9000e+03  -1.2819e-01
  1.0000e+04   0.0000e+00
