  0.0000e+00   0.0000e+00
  1.0000e+02   3.9181e-03
  2.0000e+02  -2.9383e-03
  3.0000e+02  -5.8157e-03
  4.0000e+02   6.1387e-03
  5.0000e+02  -3.0964e-03
  6.0000e+02  -1.2353e-03
  7.0000e+02   9.8538e-03
  8.0000e+02  -1.1983e-02
  9.0000e+02   3.6383e-03
  1.0000e+03   8.0889e-03
  1.1000e+03  -1.8698e-02
  1.2000e+03   2.1129e-02
  1.3000e+03  -8.6972e-03
  1.4000e+03  -1.3688e-02
  1.5000e+03   3.4772e-02
  1.6000e+03  -4.4008e-02
  1.7000e+03   3.2565e-02
  1.8000e+03   6.2676e-04
  1.9000e+03  -4.5354e-02
  2.0000e+03   8.5644e-02
  2.1000e+03  -1.0529e-01
  2.2000e+03   9.1593e-02
  2.3000e+03  -4.0254e-02
  2.4000e+03  -4.2897e-02
  2.5000e+03   1.4505e-01
  2.6000e+03  -2.5013e-01
  2.7000e+03   3.4222e-01
  2.8000e+03  -4.0928e-01
  2.9000e+03   4.4534e-01
  3.0000e+03  -4.5009e-01
  3.1000e+03   4.2771e-01
  3.2000e+03  -3.8538e-01
  3.3000e+03   3.3129e-01
  3.4000e+03  -2.7290e-01
  3.5000e+03   2.1611e-01
  3.6000e+03  -1.6502e-01
  3.7000e+03   1.2179e-01
  3.8000e+03  -8.7017e-02
  3.9000e+03   6.0283e-02
  4.0000e+03  -4.0562e-02
  4.1000e+03   2.6543e-02
  4.2000e+03  -1.6901e-02
  4.3000e+03   1.0480e-02
  4.4000e+03  -6.3417e-03
  4.5000e+03   3.7491e-03
  4.6000e+03  -2.1677e-03
  4.7000e+03   1.2366e-03
  4.8000e+03  -7.1712e-04
  4.9000e+03   4.5741e-04
  5.0000e+03  -3.7856e-04
  5.1000e+03   4.5788e-04
  5.2000e+03  -7.1822e-04
  5.3000e+03   1.2387e-03
  5.4000e+03  -2.1712e-03
  5.5000e+03   3.7550e-03
  5.6000e+03  -6.3513e-03
  5.7000e+03   1.0495e-02
  5.8000e+03  -1.6924e-02
  5.9000e+03   2.6578e-02
  6.0000e+03  -4.0611e-02
  6.1000e+03   6.0351e-02
  6.2000e+03  -8.7107e-02
  6.3000e+03   1.2190e-01
  6.4000e+03  -1.6516e-01
  6.5000e+03   2.1627e-01
  6.6000e+03  -2.7307e-01
  6.7000e+03   3.3146e-01
  6.8000e+03  -3.8553e-01
  6.9000e+03   4.2781e-01
  7.0000e+03  -4.5011e-01
  7.1000e+03   4.4528e-01
  7.2000e+03  -4.0913e-01
  7.3000e+03   3.4198e-01
  7.4000e+03  -2.4983e-01
  7.5000e+03   1.4473e-01
  7.6000e+03  -4.2616e-02
  7.7000e+03  -4.0457e-02
  7.8000e+03   9.1689e-02
  7.9000e+03  -1.0528e-01
  8.0000e+03   8.5548e-02
  8.1000e+03  -4.5220e-02
  8.2000e+03   5.0511e-04
  8.3000e+03   3.2633e-02
  8.4000e+03  -4.4009e-02
  8.5000e+03   3.4722e-02
  8.6000e+03  -1.3618e-02
  8.7000e+03  -8.7525e-03
  8.8000e+03   2.1143e-02
  8.9000e+03  -1.8675e-02
  9.0000e+03   8.0521e-03
  9.1000e+03   3.6709e-03
  9.2000e+03  -1.1993e-02
  9.3000e+03   9.8347e-03
  9.4000e+03  -1.2139e-03
  9.5000e+03  -3.1083e-03
  9.6000e+03   6.1428e-03
  9.7000e+03  -5.7995e-03
  9.8000e+03  -2.9545e-03
  9.9000e+03   3.9124e-03
  1.0000e+04   0.0000e+00
