  0.0000e+00   0.0000e+00
  1.0000e+02   9.6578e-03
  2.0000e+02   1.1444e-02
  3.0000e+02  -1.9984e-02
  4.0000e+02   1.0220e-02
  5.0000e+02  -4.0775e-03
  6.0000e+02  -1.7999e-02
  7.0000e+02   3.7696e-02
  8.0000e+02  -3.3866e-02
  9.0000e+02   1.5538e-02
  1.0000e+03   1.9804e-02
  1.1000e+03  -6.4107e-02
  1.2000e+03   9.1844e-02
  1.3000e+03  -9.1143e-02
  1.4000e+03   5.6012e-02
  1.5000e+03   1.7122e-02
  1.6000e+03  -1.1605e-01
  1.7000e+03   2.2268e-01
  1.8000e+03  -3.2226e-01
  1.9000e+03   3.9979e-01
  2.0000e+03  -4.4513e-01
  2.1000e+03   4.5741e-01
  2.2000e+03  -4.4018e-01
  2.3000e+03   3.9953e-01
  2.4000e+03  -3.4469e-01
  2.5000e+03   2.8441e-01
  2.6000e+03  -2.2491e-01
  2.7000e+03   1.7091e-01
  2.8000e+03  -1.2538e-01
  2.9000e+03   8.8899e-02
  3.0000e+03  -6.0894e-02
  3.1000e+03   4.0453e-02
  3.2000e+03  -2.6144e-02
  3.3000e+03   1.6378e-02
  3.4000e+03  -9.9502e-03
  3.5000e+03   5.9183e-03
  3.6000e+03  -3.4375e-03
  3.7000e+03   1.9215e-03
  3.8000e+03  -1.0488e-03
  3.9000e+03   5.7469e-04
  4.0000e+03  -3.0297e-04
  4.1000e+03   1.4660e-04
  4.2000e+03  -7.3751e-05
  4.3000e+03   4.1479e-05
  4.4000e+03  -1.8642e-05
  4.5000e+03   5.5606e-06
  4.6000e+03  -3.7795e-06
  4.7000e+03   3.2720e-06
  4.8000e+03  -4.9746e-07
  4.9000e+03  -1.1352e-07
  5.0000e+03  -6.3602e-07
  5.1000e+03  -1.1297e-07
  5.2000e+03  -5.0363e-07
  5.3000e+03   3.2751e-06
  5.4000e+03  -3.7793e-06
  5.5000e+03   5.5832e-06
  5.6000e+03  -1.8696e-05
  5.7000e+03   4.1550e-05
  5.8000e+03  -7.3890e-05
  5.9000e+03   1.4692e-04
  6.0000e+03  -3.0357e-04
  6.1000e+03   5.7572e-04
  6.2000e+03  -1.0507e-03
  6.3000e+03   1.9249e-03
  6.4000e+03  -3.4432e-03
  6.5000e+03   5.9276e-03
  6.6000e+03  -9.9652e-03
  6.7000e+03   1.6401e-02
  6.8000e+03  -2.6178e-02
  6.9000e+03   4.0503e-02
  7.0000e+03  -6.0965e-02
  7.1000e+03   8.8994e-02
  7.2000e+03  -1.2550e-01
  7.3000e+03   1.7106e-01
  7.4000e+03  -2.2508e-01
  7.5000e+03   2.8459e-01
  7.6000e+03  -3.4487e-01
  7.7000e+03   3.9968e-01
  7.8000e+03  -4.4027e-01
  7.9000e+03   4.5742e-01
  8.0000e+03  -4.4504e-01
  8.1000e+03   3.9961e-01
  8.2000e+03  -3.2199e-01
  8.3000e+03   2.2237e-01
  8.4000e+03  -1.1574e-01
  8.5000e+03   1.6861e-02
  8.6000e+03   5.6174e-02
  8.7000e+03  -9.1194e-02
  8.8000e+03   9.1798e-02
  8.9000e+03  -6.3991e-02
  9.0000e+03   1.9678e-02
  9.1000e+03   1.5621e-02
  9.2000e+03  -3.3899e-02
  9.3000e+03   3.7668e-02
  9.4000e+03  -1.7930e-02
  9.5000e+03  -4.1217e-03
  9.6000e+03   1.0245e-02
  9.7000e+03  -1.9984e-02
  9.8000e+03   1.1394e-02
  9.9000e+03   9.6753e-03
  1.0000e+04   0.0000e+00
