  0.0000e+00   0.0000e+00
  1.0000e+02   2.9676e-02
  2.0000e+02   5.9638e-02
  3.0000e+02  -6.8331e-02
  4.0000e+02   7.5709e-02
  5.0000e+02  -7.7849e-02
  6.0000e+02  -3.2663e-03
  7.0000e+02   8.5588e-02
  8.0000e+02  -1.8697e-01
  9.0000e+02   3.0449e-01
  1.0000e+03  -3.8374e-01
  1.1000e+03   4.4011e-01
  1.2000e+03  -4.6720e-01
  1.3000e+03   4.5072e-01
  1.4000e+03  -4.1364e-01
  1.5000e+03   3.6146e-01
  1.6000e+03  -2.9607e-01
  1.7000e+03   2.3405e-01
  1.8000e+03  -1.7858e-01
  1.9000e+03   1.2883e-01
  2.0000e+03  -9.0391e-02
  2.1000e+03   6.2042e-02
  2.2000e+03  -4.0123e-02
  2.3000e+03   2.5290e-02
  2.4000e+03  -1.6016e-02
  2.5000e+03   9.3985e-03
  2.6000e+03  -5.2511e-03
  2.7000e+03   3.1839e-03
  2.8000e+03  -1.7593e-03
  2.9000e+03   7.8865e-04
  3.0000e+03  -4.7807e-04
  3.1000e+03   3.0977e-04
  3.2000e+03  -7.8828e-05
  3.3000e+03   2.6150e-05
  3.4000e+03  -6.5821e-05
  3.5000e+03   1.7467e-05
  3.6000e+03   2.2344e-05
  3.7000e+03   8.8027e-06
  3.8000e+03  -1.7433e-05
  3.9000e+03  -8.7582e-06
  4.0000e+03   7.9657e-06
  4.1000e+03   8.1888e-06
  4.2000e+03  -3.3286e-06
  4.3000e+03  -5.8901e-06
  4.4000e+03   8.4437e-07
  4.5000e+03   3.7651e-06
  4.6000e+03   2.2668e-07
  4.7000e+03  -2.0319e-06
  4.8000e+03  -6.2500e-07
  4.9000e+03   6.3602e-07
  5.0000e+03   7.1767e-07
  5.1000e+03   6.3734e-07
  5.2000e+03  -6.1927e-07
  5.3000e+03  -2.0318e-06
  5.4000e+03   2.1446e-07
  5.5000e+03   3.7613e-06
  5.6000e+03   8.6414e-07
  5.7000e+03  -5.8781e-06
  5.8000e+03  -3.3562e-06
  5.9000e+03   8.1613e-06
  6.0000e+03   7.9970e-06
  6.1000e+03  -8.7027e-06
  6.2000e+03  -1.7460e-05
  6.3000e+03   8.7167e-06
  6.4000e+03   2.2321e-05
  6.5000e+03   1.7627e-05
  6.6000e+03  -6.5796e-05
  6.7000e+03   2.6133e-05
  6.8000e+03  -7.9290e-05
  6.9000e+03   3.1032e-04
  7.0000e+03  -4.7863e-04
  7.1000e+03   7.9051e-04
  7.2000e+03  -1.7627e-03
  7.3000e+03   3.1887e-03
  7.4000e+03  -5.2599e-03
  7.5000e+03   9.4141e-03
  7.6000e+03  -1.6038e-02
  7.7000e+03   2.5324e-02
  7.8000e+03  -4.0177e-02
  7.9000e+03   6.2115e-02
  8.0000e+03  -9.0489e-02
  8.1000e+03   1.2896e-01
  8.2000e+03  -1.7874e-01
  8.3000e+03   2.3423e-01
  8.4000e+03  -2.9626e-01
  8.5000e+03   3.6164e-01
  8.6000e+03  -4.1378e-01
  8.7000e+03   4.5080e-01
  8.8000e+03  -4.6719e-01
  8.9000e+03   4.3998e-01
  9.0000e+03  -3.8354e-01
  9.1000e+03   3.0419e-01
  9.2000e+03  -1.8664e-01
  9.3000e+03   8.5311e-02
  9.4000e+03  -3.0164e-03
  9.5000e+03  -7.7964e-02
  9.6000e+03   7.5689e-02
  9.7000e+03  -6.8304e-02
  9.8000e+03   5.9480e-02
  9.9000e+03   2.9767e-02
  1.0000e+04   0.0000e+00
