  0.0000e+00   0.0000e+00
  1.0000e+02   5.3697e-04
  2.0000e+02  -1.4364e-03
  3.0000e+02  -7.2832e-04
  4.0000e+02   2.0279e-03
  5.0000e+02  -6.6828e-04
  6.0000e+02  -7.3492e-04
  7.0000e+02   1.9836e-03
  8.0000e+02  -2.1758e-03
  9.0000e+02  -4.8134e-04
  1.0000e+03   3.4887e-03
  1.1000e+03  -3.3828e-03
  1.2000e+03   3.1105e-04
  1.3000e+03   3.7274e-03
  1.4000e+03  -5.9224e-03
  1.5000e+03   3.4234e-03
  1.6000e+03   3.0271e-03
  1.7000e+03  -8.6185e-03
  1.8000e+03   8.7226e-03
  1.9000e+03  -2.1497e-03
  2.0000e+03  -8.0436e-03
  2.1000e+03   1.5399e-02
  2.2000e+03  -1.3781e-02
  2.3000e+03   2.0939e-03
  2.4000e+03   1.4345e-02
  2.5000e+03  -2.6468e-02
  2.6000e+03   2.5995e-02
  2.7000e+03  -1.0037e-02
  2.8000e+03  -1.6379e-02
  2.9000e+03   4.1882e-02
  3.0000e+03  -5.3686e-02
  3.1000e+03   4.3177e-02
  3.2000e+03  -9.8363e-03
  3.3000e+03  -3.7829e-02
  3.4000e+03   8.4776e-02
  3.5000e+03  -1.1433e-01
  3.6000e+03   1.1339e-01
  3.7000e+03  -7.6035e-02
  3.8000e+03   4.8501e-03
  3.9000e+03   9.0285e-02
  4.0000e+03  -1.9521e-01
  4.1000e+03   2.9519e-01
  4.2000e+03  -3.7810e-01
  4.3000e+03   4.3650e-01
  4.4000e+03  -4.6834e-01
  4.5000e+03   4.7641e-01
  4.6000e+03  -4.6696e-01
  4.7000e+03   4.4796e-01
  4.8000e+03  -4.2748e-01
  4.9000e+03   4.1224e-01
  5.0000e+03  -4.0667e-01
  5.1000e+03   4.1228e-01
  5.2000e+03  -4.2754e-01
  5.3000e+03   4.4803e-01
  5.4000e+03  -4.6700e-01
  5.5000e+03   4.7642e-01
  5.6000e+03  -4.6829e-01
  5.7000e+03   4.3637e-01
  5.8000e+03  -3.7789e-01
  5.9000e+03   2.9491e-01
  6.0000e+03  -1.9490e-01
  6.1000e+03   8.9982e-02
  6.2000e+03   5.1016e-03
  6.3000e+03  -7.6198e-02
  6.4000e+03   1.1344e-01
  6.5000e+03  -1.1429e-01
  6.6000e+03   8.4655e-02
  6.7000e+03  -3.7681e-02
  6.8000e+03  -9.9618e-03
  6.9000e+03   4.3244e-02
  7.0000e+03  -5.3681e-02
  7.1000e+03   4.1821e-02
  7.2000e+03  -1.6296e-02
  7.3000e+03  -1.0104e-02
  7.4000e+03   2.6019e-02
  7.5000e+03  -2.6448e-02
  7.6000e+03   1.4298e-02
  7.7000e+03   2.1392e-03
  7.8000e+03  -1.3802e-02
  7.9000e+03   1.5389e-02
  8.0000e+03  -8.0142e-03
  8.1000e+03  -2.1771e-03
  8.2000e+03   8.7326e-03
  8.3000e+03  -8.6083e-03
  8.4000e+03   3.0067e-03
  8.5000e+03   3.4380e-03
  8.6000e+03  -5.9222e-03
  8.7000e+03   3.7165e-03
  8.8000e+03   3.2306e-04
  8.9000e+03  -3.3879e-03
  9.0000e+03   3.4833e-03
  9.1000e+03  -4.7148e-04
  9.2000e+03  -2.1798e-03
  9.3000e+03   1.9808e-03
  9.4000e+03  -7.3027e-04
  9.5000e+03  -6.7308e-04
  9.6000e+03   2.0277e-03
  9.7000e+03  -7.2204e-04
  9.8000e+03  -1.4384e-03
  9.9000e+03   5.3432e-04
  1.0000e+04   0.0000e+00
