  0.0000e+00   0.0000e+00
  1.0000e+02   8.3088e-01
  2.0000e+02  -2.0342e-01
  3.0000e+02   5.8710e-01
  4.0000e+02  -3.2873e-01
  5.0000e+02   2.8943e-01
  6.0000e+02  -3.1232e-01
  7.0000e+02   1.1954e-01
  8.0000e+02  -1.7860e-01
  9.0000e+02   8.1133e-02
  1.0000e+03  -4.8898e-02
  1.1000e+03   6.2458e-02
  1.2000e+03  -7.4819e-03
  1.3000e+03   1.9373e-02
  1.4000e+03  -1.4453e-02
  1.5000e+03  -4.1377e-03
  1.6000e+03  -7.8451e-03
  1.7000e+03   1.9327e-03
  1.8000e+03   3.0993e-03
  1.9000e+03   3.4632e-03
  2.0000e+03   1.7016e-04
  2.1000e+03  -1.5882e-03
  2.2000e+03  -1.6213e-03
  2.3000e+03  -1.8959e-04
  2.4000e+03   8.3246e-04
  2.5000e+03   7.5046e-04
  2.6000e+03   3.0526e-07
  2.7000e+03  -4.6794e-04
  2.8000e+03  -3.0696e-04
  2.9000e+03   1.0186e-04
  3.0000e+03   2.5296e-04
  3.1000e+03   8.0951e-05
  3.2000e+03  -1.1385e-04
  3.3000e+03  -1.0947e-04
  3.4000e+03   1.6950e-05
  3.5000e+03   7.5895e-05
  3.6000e+03   2.2922e-05
  3.7000e+03  -3.7450e-05
  3.8000e+03  -2.8730e-05
  3.9000e+03   1.2642e-05
  4.0000e+03   2.1935e-05
  4.1000e+03  -9.5135e-07
  4.2000e+03  -1.3685e-05
  4.3000e+03  -2.8662e-06
  4.4000e+03   7.6500e-06
  4.5000e+03   3.0840e-06
  4.6000e+03  -4.1021e-06
  4.7000e+03  -2.0399e-06
  4.8000e+03   2.3716e-06
  4.9000e+03   6.9461e-07
  5.0000e+03  -1.8677e-06
  5.1000e+03   6.8336e-07
  5.2000e+03   2.3764e-06
  5.3000e+03  -2.0239e-06
  5.4000e+03  -4.1106e-06
  5.5000e+03   3.0571e-06
  5.6000e+03   7.6580e-06
  5.7000e+03  -2.8206e-06
  5.8000e+03  -1.3681e-05
  5.9000e+03  -1.0229e-06
  6.0000e+03   2.1896e-05
  6.1000e+03   1.2737e-05
  6.2000e+03  -2.8618e-05
  6.3000e+03  -3.7534e-05
  6.4000e+03   2.2692e-05
  6.5000e+03   7.5874e-05
  6.6000e+03   1.7297e-05
  6.7000e+03  -1.0918e-04
  6.8000e+03  -1.1416e-04
  6.9000e+03   8.0238e-05
  7.0000e+03   2.5283e-04
  7.1000e+03   1.0285e-04
  7.2000e+03  -3.0582e-04
  7.3000e+03  -4.6834e-04
  7.4000e+03  -1.8759e-06
  7.5000e+03   7.4876e-04
  7.6000e+03   8.3388e-04
  7.7000e+03  -1.8526e-04
  7.8000e+03  -1.6184e-03
  7.9000e+03  -1.5910e-03
  8.0000e+03   1.6154e-04
  8.1000e+03   3.4574e-03
  8.2000e+03   3.1014e-03
  8.3000e+03   1.9504e-03
  8.4000e+03  -7.8332e-03
  8.5000e+03  -4.1266e-03
  8.6000e+03  -1.4489e-02
  8.7000e+03   1.9359e-02
  8.8000e+03  -7.5495e-03
  8.9000e+03   6.2516e-02
  9.0000e+03  -4.8923e-02
  9.1000e+03   8.1330e-02
  9.2000e+03  -1.7865e-01
  9.3000e+03   1.1974e-01
  9.4000e+03  -3.1257e-01
  9.5000e+03   2.8945e-01
  9.6000e+03  -3.2918e-01
  9.7000e+03   5.8691e-01
  9.8000e+03  -2.0379e-01
  9.9000e+03   8.3058e-01
  1.0000e+04   0.0000e+00
