  0.0000e+00   0.0000e+00
  1.0000e+02  -3.4855e-03
  2.0000e+02   8.5815e-03
  3.0000e+02   2.0297e-03
  4.0000e+02  -8.0221e-03
  5.0000e+02   8.6351e-03
  6.0000e+02  -7.8582e-03
  7.0000e+02  -4.0423e-03
  8.0000e+02   1.7303e-02
  9.0000e+02  -1.9390e-02
  1.0000e+03   1.1408e-02
  1.1000e+03   7.0918e-03
  1.2000e+03  -3.0193e-02
  1.3000e+03   4.2069e-02
  1.4000e+03  -3.3902e-02
  1.5000e+03   5.7611e-03
  1.6000e+03   3.6802e-02
  1.7000e+03  -7.8794e-02
  1.8000e+03   1.0148e-01
  1.9000e+03  -9.2243e-02
  2.0000e+03   4.6017e-02
  2.1000e+03   3.4023e-02
  2.2000e+03  -1.3548e-01
  2.3000e+03   2.4142e-01
  2.4000e+03  -3.3595e-01
  2.5000e+03   4.0646e-01
  2.6000e+03  -4.4561e-01
  2.7000e+03   4.5263e-01
  2.8000e+03  -4.3178e-01
  2.9000e+03   3.9005e-01
  3.0000e+03  -3.3566e-01
  3.1000e+03   2.7656e-01
  3.2000e+03  -2.1895e-01
  3.3000e+03   1.6696e-01
  3.4000e+03  -1.2294e-01
  3.5000e+03   8.7614e-02
  3.6000e+03  -6.0517e-02
  3.7000e+03   4.0546e-02
  3.8000e+03  -2.6402e-02
  3.9000e+03   1.6737e-02
  4.0000e+03  -1.0325e-02
  4.1000e+03   6.1995e-03
  4.2000e+03  -3.6352e-03
  4.3000e+03   2.0844e-03
  4.4000e+03  -1.1634e-03
  4.5000e+03   6.3261e-04
  4.6000e+03  -3.3945e-04
  4.7000e+03   1.8026e-04
  4.8000e+03  -9.5002e-05
  4.9000e+03   5.5224e-05
  5.0000e+03  -4.4366e-05
  5.1000e+03   5.5294e-05
  5.2000e+03  -9.5177e-05
  5.3000e+03   1.8060e-04
  5.4000e+03  -3.4008e-04
  5.5000e+03   6.3377e-04
  5.6000e+03  -1.1655e-03
  5.7000e+03   2.0879e-03
  5.8000e+03  -3.6410e-03
  5.9000e+03   6.2091e-03
  6.0000e+03  -1.0340e-02
  6.1000e+03   1.6760e-02
  6.2000e+03  -2.6437e-02
  6.3000e+03   4.0596e-02
  6.4000e+03  -6.0585e-02
  6.5000e+03   8.7706e-02
  6.6000e+03  -1.2305e-01
  6.7000e+03   1.6711e-01
  6.8000e+03  -2.1911e-01
  6.9000e+03   2.7673e-01
  7.0000e+03  -3.3583e-01
  7.1000e+03   3.9020e-01
  7.2000e+03  -4.3188e-01
  7.3000e+03   4.5265e-01
  7.4000e+03  -4.4555e-01
  7.5000e+03   4.0630e-01
  7.6000e+03  -3.3570e-01
  7.7000e+03   2.4112e-01
  7.8000e+03  -1.3517e-01
  7.9000e+03   3.3748e-02
  8.0000e+03   4.6207e-02
  8.1000e+03  -9.2324e-02
  8.2000e+03   1.0146e-01
  8.3000e+03  -7.8690e-02
  8.4000e+03   3.6669e-02
  8.5000e+03   5.8709e-03
  8.6000e+03  -3.3957e-02
  8.7000e+03   4.2060e-02
  8.8000e+03  -3.0135e-02
  8.9000e+03   7.0249e-03
  9.0000e+03   1.1449e-02
  9.1000e+03  -1.9398e-02
  9.2000e+03   1.7277e-02
  9.3000e+03  -4.0005e-03
  9.4000e+03  -7.8779e-03
  9.5000e+03   8.6345e-03
  9.6000e+03  -8.0105e-03
  9.7000e+03   2.0015e-03
  9.8000e+03   8.5896e-03
  9.9000e+03  -3.4705e-03
  1.0000e+04   0.0000e+00
