  0.0000e+00   0.0000e+00
  1.0000e+02  -1.1205e-01
  2.0000e+02   6.9507e-02
  3.0000e+02   1.3543e-02
  4.0000e+02  -4.7841e-02
  5.0000e+02   1.9842e-01
  6.0000e+02  -2.8944e-01
  7.0000e+02   3.6949e-01
  8.0000e+02  -4.5221e-01
  9.0000e+02   4.6006e-01
  1.0000e+03  -4.5428e-01
  1.1000e+03   4.2545e-01
  1.2000e+03  -3.6058e-01
  1.3000e+03   3.0184e-01
  1.4000e+03  -2.4059e-01
  1.5000e+03   1.7737e-01
  1.6000e+03  -1.3117e-01
  1.7000e+03   9.2653e-02
  1.8000e+03  -6.0256e-02
  1.9000e+03   4.0450e-02
  2.0000e+03  -2.6069e-02
  2.1000e+03   1.4770e-02
  2.2000e+03  -9.2208e-03
  2.3000e+03   5.7320e-03
  2.4000e+03  -2.6200e-03
  2.5000e+03   1.5212e-03
  2.6000e+03  -1.1217e-03
  2.7000e+03   3.2753e-04
  2.8000e+03  -1.0113e-04
  2.9000e+03   2.4491e-04
  3.0000e+03  -5.5926e-05
  3.1000e+03  -6.9838e-05
  3.2000e+03  -5.2727e-05
  3.3000e+03   4.7093e-05
  3.4000e+03   4.4004e-05
  3.5000e+03  -7.9039e-06
  3.6000e+03  -3.3936e-05
  3.7000e+03  -6.4084e-06
  3.8000e+03   1.9558e-05
  3.9000e+03   1.0530e-05
  4.0000e+03  -9.5459e-06
  4.1000e+03  -9.3407e-06
  4.2000e+03   3.6938e-06
  4.3000e+03   6.7255e-06
  4.4000e+03  -8.2042e-07
  4.5000e+03  -4.2248e-06
  4.6000e+03  -3.8663e-07
  4.7000e+03   2.2491e-06
  4.8000e+03   8.0529e-07
  4.9000e+03  -6.9781e-07
  5.0000e+03  -8.9653e-07
  5.1000e+03  -6.9977e-07
  5.2000e+03   7.9894e-07
  5.3000e+03   2.2496e-06
  5.4000e+03  -3.7298e-07
  5.5000e+03  -4.2211e-06
  5.6000e+03  -8.4276e-07
  5.7000e+03   6.7124e-06
  5.8000e+03   3.7251e-06
  5.9000e+03  -9.3087e-06
  6.0000e+03  -9.5819e-06
  6.1000e+03   1.0466e-05
  6.2000e+03   1.9583e-05
  6.3000e+03  -6.2987e-06
  6.4000e+03  -3.3918e-05
  6.5000e+03  -8.0553e-06
  6.6000e+03   4.3881e-05
  6.7000e+03   4.7260e-05
  6.8000e+03  -5.2475e-05
  6.9000e+03  -6.9822e-05
  7.0000e+03  -5.6478e-05
  7.1000e+03   2.4486e-04
  7.2000e+03  -1.0116e-04
  7.3000e+03   3.2916e-04
  7.4000e+03  -1.1233e-03
  7.5000e+03   1.5231e-03
  7.6000e+03  -2.6262e-03
  7.7000e+03   5.7414e-03
  7.8000e+03  -9.2333e-03
  7.9000e+03   1.4794e-02
  8.0000e+03  -2.6106e-02
  8.1000e+03   4.0499e-02
  8.2000e+03  -6.0333e-02
  8.3000e+03   9.2758e-02
  8.4000e+03  -1.3130e-01
  8.5000e+03   1.7753e-01
  8.6000e+03  -2.4077e-01
  8.7000e+03   3.0202e-01
  8.8000e+03  -3.6077e-01
  8.9000e+03   4.2559e-01
  9.0000e+03  -4.5433e-01
  9.1000e+03   4.6006e-01
  9.2000e+03  -4.5207e-01
  9.3000e+03   3.6924e-01
  9.4000e+03  -2.8919e-01
  9.5000e+03   1.9805e-01
  9.6000e+03  -4.7564e-02
  9.7000e+03   1.3365e-02
  9.8000e+03   6.9696e-02
  9.9000e+03  -1.1194e-01
  1.0000e+04   0.0000e+00
