  0.0000e+00   0.0000e+00
  1.0000e+02   1.0079e-03
  2.0000e+02  -2.6778e-03
  3.0000e+02  -1.1009e-03
  4.0000e+02   3.3907e-03
  5.0000e+02  -1.8315e-03
  6.0000e+02  -6.3548e-05
  7.0000e+02   3.3148e-03
  8.0000e+02  -5.2970e-03
  9.0000e+02   1.6495e-03
  1.0000e+03   4.3585e-03
  1.1000e+03  -7.6561e-03
  1.2000e+03   6.2165e-03
  1.3000e+03   7.9699e-04
  1.4000e+03  -1.0029e-02
  1.5000e+03   1.4052e-02
  1.6000e+03  -8.5970e-03
  1.7000e+03  -4.3912e-03
  1.8000e+03   1.8586e-02
  1.9000e+03  -2.5236e-02
  2.0000e+03   1.7690e-02
  2.1000e+03   3.1946e-03
  2.2000e+03  -2.8790e-02
  2.3000e+03   4.6823e-02
  2.4000e+03  -4.6312e-02
  2.5000e+03   2.2578e-02
  2.6000e+03   1.9551e-02
  2.7000e+03  -6.6951e-02
  2.8000e+03   1.0284e-01
  2.9000e+03  -1.1204e-01
  3.0000e+03   8.5547e-02
  3.1000e+03  -2.3188e-02
  3.2000e+03  -6.6728e-02
  3.3000e+03   1.7025e-01
  3.4000e+03  -2.7157e-01
  3.5000e+03   3.5653e-01
  3.6000e+03  -4.1533e-01
  3.7000e+03   4.4375e-01
  3.8000e+03  -4.4269e-01
  3.9000e+03   4.1698e-01
  4.0000e+03  -3.7365e-01
  4.1000e+03   3.2029e-01
  4.2000e+03  -2.6378e-01
  4.3000e+03   2.0944e-01
  4.4000e+03  -1.6090e-01
  4.5000e+03   1.2013e-01
  4.6000e+03  -8.7791e-02
  4.7000e+03   6.3701e-02
  4.8000e+03  -4.7241e-02
  4.9000e+03   3.7721e-02
  5.0000e+03  -3.4618e-02
  5.1000e+03   3.7739e-02
  5.2000e+03  -4.7279e-02
  5.3000e+03   6.3761e-02
  5.4000e+03  -8.7874e-02
  5.5000e+03   1.2023e-01
  5.6000e+03  -1.6103e-01
  5.7000e+03   2.0960e-01
  5.8000e+03  -2.6394e-01
  5.9000e+03   3.2046e-01
  6.0000e+03  -3.7379e-01
  6.1000e+03   4.1709e-01
  6.2000e+03  -4.4273e-01
  6.3000e+03   4.4371e-01
  6.4000e+03  -4.1521e-01
  6.5000e+03   3.5631e-01
  6.6000e+03  -2.7129e-01
  6.7000e+03   1.6994e-01
  6.8000e+03  -6.6435e-02
  6.9000e+03  -2.3418e-02
  7.0000e+03   8.5680e-02
  7.1000e+03  -1.1206e-01
  7.2000e+03   1.0276e-01
  7.3000e+03  -6.6820e-02
  7.4000e+03   1.9411e-02
  7.5000e+03   2.2679e-02
  7.6000e+03  -4.6348e-02
  7.7000e+03   4.6793e-02
  7.8000e+03  -2.8719e-02
  7.9000e+03   3.1205e-03
  8.0000e+03   1.7734e-02
  8.1000e+03  -2.5236e-02
  8.2000e+03   1.8551e-02
  8.3000e+03  -4.3469e-03
  8.4000e+03  -8.6263e-03
  8.5000e+03   1.4053e-02
  8.6000e+03  -1.0006e-02
  8.7000e+03   7.7011e-04
  8.8000e+03   6.2298e-03
  8.9000e+03  -7.6523e-03
  9.0000e+03   4.3425e-03
  9.1000e+03   1.6657e-03
  9.2000e+03  -5.2991e-03
  9.3000e+03   3.3055e-03
  9.4000e+03  -5.4889e-05
  9.5000e+03  -1.8373e-03
  9.6000e+03   3.3890e-03
  9.7000e+03  -1.0902e-03
  9.8000e+03  -2.6810e-03
  9.9000e+03   1.0031e-03
  1.0000e+04   0.0000e+00
