  2.3546e+01  -3.7229e+01
  2.7554e+01  -4.7227e+00
  9.6089e+00   6.4797e+01
 -2.1798e+01  -4.6579e+01
 -4.0070e+02  -4.8830e+02
 -1.8244e+01  -7.1190e+01
 -4.0396e+00   1.1225e+01
 -1.7507e+00   4.5367e+01
 -1.2787e+01   5.3494e+00
  2.5324e+01   1.0421e+01
 -3.7274e+01  -4.4496e+00
 -5.3631e+01  -4.5998e+01
  2.0846e+02   1.3762e+01
 -3.7151e+02  -2.0775e+01
  5.2329e+01   7.7906e+01
 -1.3803e+02  -3.5680e+01
 -4.6325e+00  -1.1381e+01
  9.0256e+01   5.8453e+01
 -2.0840e+01  -4.7945e+00
  1.7749e+01  -3.4922e+01
  1.6879e+02   4.0290e+01
 -6.3968e+01   3.3046e+01
  2.7701e+01  -1.9346e+01
  8.2199e+01   6.0315e+01
 -1.6663e+02  -6.3338e+01
  1.1455e+01  -3.2732e+01
  6.8570e+02   1.8487e+02
 -1.0458e+03   2.7206e+03
  1.5205e+03  -9.7827e+02
  9.6065e+00   5.6380e+01
  1.8320e+02   8.7442e+01
  5.2855e+00   8.8606e+01
 -4.9891e+00  -1.2282e+01
  3.1304e+02   1.5383e+01
  4.7817e+00  -5.0070e+01
  2.5963e+01  -8.6798e+00
  2.8844e+02   5.8688e+02
  8.5471e+00   9.8573e+00
  8.7065e-01   6.4368e+00
 -1.8751e+01   1.0445e+02
 -6.4310e+01   4.3839e+01
 -1.6274e+00  -3.5828e+01
 -4.4078e+01   4.2466e+00
  4.0935e+01   1.9910e+01
 -4.3278e+02  -1.6794e+02
 -1.0655e+02  -4.7417e+01
 -3.6450e+00  -8.7312e+01
 -9.5583e+01  -7.3995e+01
 -1.1189e+01  -2.3358e+01
  9.3136e+01  -4.4620e+01
 -2.9176e+02   2.8788e+02
  2.3453e+01   4.1742e-01
  3.8509e+01   2.4313e+01
  3.3702e+00   1.8752e+00
 -3.9377e+01  -1.6851e+01
 -4.2301e+01   4.3638e+01
  9.6688e+00   5.1137e+01
 -1.6460e+01  -3.0147e+01
 -2.4087e+02   5.6410e+01
  7.8696e+01   1.6216e+02
 -4.2952e+01  -3.0077e+00
 -2.1747e+02   9.6859e+00
 -5.2090e+01   1.6279e+01
  8.3958e+02   4.0343e+03
  9.9976e-01   7.9385e+01
 -7.4829e-01  -3.1733e+01
 -1.5336e+01  -4.6166e+00
 -1.0582e+01  -9.7351e+00
  2.8983e+03   8.8939e+01
  2.5917e+01   4.9888e+01
  8.6696e+00   2.1859e+01
  2.2782e+01  -4.9982e-01
  3.3421e+00   1.9508e+01
  8.2786e+01  -7.8680e+01
  7.1530e+02  -3.0664e+02
  1.5184e+02  -7.6559e+01
  1.9165e-01   3.2325e+01
  3.2295e+01  -8.0496e+01
 -1.8720e+01   1.9460e+01
 -5.9022e+01   9.5355e+00
  6.3697e+01  -9.3475e+01
 -4.3192e+01  -2.3138e+01
 -1.0426e+02  -1.9591e+02
 -1.9361e+01   1.3294e+00
  5.3288e+01   4.0010e+01
  4.3202e+01  -2.9302e+01
  1.6722e+02   3.2127e+02
  1.8452e+01  -2.2366e+01
  1.4817e+01   2.7246e+01
 -5.9753e+01   7.2876e+01
  3.1513e+01   2.1763e+00
  2.1358e+01   1.1525e+01
 -8.3326e+01  -1.2261e+01
  1.2546e+02   6.8086e+01
 -5.8227e+00   9.3874e+00
 -9.5797e+00  -1.7308e+01
  1.4376e+02  -7.5665e+01
  3.1090e+01  -1.3496e+02
  5.9533e+00   1.5088e+01
 -1.7713e+02  -7.0872e+01
 -2.4053e+01   1.3290e+01
 -6.8614e+02   5.7696e+03
  1.5698e+01   2.2830e+01
 -3.9096e+00   1.7006e+00
  1.2572e+01  -8.3611e-01
 -1.1842e+01  -5.6277e+00
 -4.3773e+01  -6.2820e+01
  4.5339e+01   1.1080e+02
 -8.2587e+01   6.6244e+00
  3.4643e+01  -2.0274e+01
  1.0843e+01  -2.9931e+01
  2.5020e+00  -2.4086e+01
 -5.9279e+01  -5.8289e+01
  1.2996e+01  -1.2535e+01
 -1.4913e+02   9.2466e+01
 -1.6349e+01  -2.1061e+01
 -2.8739e+02  -1.0529e+01
 -2.8734e+01   6.3699e+01
 -1.3628e+02   3.4344e+01
  3.3456e+00  -1.1386e+01
 -1.4490e+01   2.3335e+01
  4.6244e+01   5.3524e+00
  2.4902e+01  -6.3979e+01
  7.6183e+00  -3.3754e+01
 -6.5166e+01  -1.7424e+00
 -1.1953e+01  -4.4443e+00
 -7.2140e+01   6.5809e+01
 -2.2937e+02  -1.3159e+01
 -1.8746e+01  -3.2303e+01
  2.0228e+02  -1.1583e+02
  2.4447e+02  -3.1165e+00
 -1.7787e+00  -1.2817e+01
 -2.2869e+01  -1.4493e+01
  2.8035e+00  -1.1557e+01
 -1.8702e+01  -2.2297e+01
 -1.8530e+01   3.5372e+01
 -2.2216e+00   1.5986e+01
 -5.3981e+01   5.9898e+01
  2.6004e+01   3.6537e+00
  1.1291e+01   1.8066e+01
 -6.0887e-01  -5.4908e+00
  2.9322e+01  -1.0312e+00
  2.7734e+01   2.4411e+00
 -5.5797e+00  -2.3218e+01
  1.1656e+01  -4.6204e+01
  2.7381e+01  -3.5679e+01
  3.4090e+01   3.6140e+01
 -1.9870e+01  -1.6872e+01
  2.0138e+01  -2.0121e+01
 -3.6575e+01  -1.9284e+01
 -3.2619e+01  -1.3020e+02
 -7.5589e+01  -8.4559e-01
  2.8327e+01   2.7009e+01
  5.6122e+02  -3.8848e+00
 -2.9291e+01  -2.9611e+02
 -3.2028e+01  -6.7707e+01
  5.2178e+00  -6.0680e+01
  2.2928e+03   2.2130e+03
 -6.0687e+02   2.2139e+02
 -1.0139e+02  -9.3050e+01
 -1.2524e+01   1.7002e+01
 -2.5858e+01   3.6977e+01
 -5.4954e+00  -7.5232e+00
  6.5175e+02   2.1971e+03
  1.6886e+02  -1.4955e+02
 -7.4341e+01  -3.6630e+01
  6.0996e+00   2.1418e+01
 -7.6919e+00  -9.8037e+00
  9.7201e+00  -2.2882e+01
 -2.0624e+02  -3.1949e+02
  5.3357e+01   1.6864e+02
 -2.2975e+01  -6.0898e+01
 -1.5286e+03   9.7294e+02
 -8.3188e+00   4.4603e+00
  2.6070e+00   4.3365e+01
  4.2529e+01   5.0913e+01
  1.6819e+01   7.7571e-01
 -1.5671e+02   1.6815e+02
  2.5943e+02   5.4859e+01
 -3.1634e+01  -4.6099e+00
 -1.2026e+02  -1.7816e+02
  4.7128e+01  -8.6217e+01
  3.5548e+01   1.3980e+01
 -6.2304e+00   7.1257e+00
  4.9736e+00  -4.9590e+01
  3.1304e+01  -1.0623e+02
 -4.1860e+01  -6.7462e+00
 -3.2608e+00  -1.9354e+01
  2.9207e+01  -1.3699e+01
  3.2941e+02   3.8808e+02
 -2.2136e+01   2.6781e+00
 -1.3817e+02   1.3496e+02
  1.3692e+01  -6.8900e+01
  9.3998e+00  -1.2962e+01
  4.0520e+01  -3.1696e+01
  1.6365e+01  -3.4053e+00
  1.4910e+02  -4.1028e+02
 -9.0555e+00  -4.9328e+00
  2.4766e+01   3.4348e+01
  1.9885e+01   6.0965e+00
  9.3982e+02  -8.4276e+02
  5.2449e+00   6.7682e+00
  5.3739e+01   2.2776e+02
 -4.3145e+00   2.0139e+01
 -5.8361e+01  -1.2105e+01
 -2.5402e+02  -3.8581e+02
 -1.6077e+01   1.0300e+02
 -3.1278e+01   4.0815e+01
  5.1775e+02   2.9084e+02
 -5.3336e+01  -8.7256e+01
  6.3870e+02  -1.8000e+02
 -2.3225e+01   6.7160e+01
 -1.0252e+02  -7.6337e+01
 -1.7559e+01  -6.3265e+01
 -9.8561e+00  -1.8332e+01
 -1.0265e+01  -3.6936e+00
 -6.7809e+01   5.2126e+01
  3.0218e+00   1.3360e+01
 -6.3732e+01   3.5320e+01
  1.0327e+02   1.0720e+02
 -4.0054e+01  -2.3838e+01
  1.2373e+02  -3.2185e+01
  6.7870e+00   1.6091e+01
  6.8928e+01  -1.1731e+02
 -2.6365e+00  -2.7363e+01
  5.2940e+02   3.3030e+01
  1.2302e+01   7.8485e+01
 -2.4450e+01   1.2619e+01
  8.3785e+00   3.3862e+01
 -4.7152e+01  -1.7245e+01
  1.5444e+01   9.1686e+00
  6.3620e+00   8.0160e+00
 -4.9163e+01   4.7766e+01
 -2.7794e+00  -1.3577e+01
 -5.3005e+00  -7.1225e+01
 -3.3896e+01   1.2550e+01
 -4.5691e+00  -1.2935e+01
  3.4158e+01   1.0242e+02
  2.2064e+01   4.0186e+01
 -3.1089e+00   6.0849e+01
  1.7090e+01   3.9641e+01
 -2.4002e+02  -3.9068e+02
  4.3694e+01   7.8037e+01
  7.3062e+01  -5.9811e+00
 -2.0776e+02   1.1411e+02
 -1.7313e+02   6.0186e+01
 -2.1281e+00   1.8887e+01
  4.0056e+00  -3.2523e+01
 -1.8668e+01   2.9246e+01
  8.8667e+00  -2.1726e+01
  1.3692e+01  -6.5264e+01
  4.0007e+02   2.6278e+02
  2.2471e+01   1.3875e-01
  2.2323e+01  -7.1692e+01
 -6.2884e+01  -1.7677e+02
  1.1484e+02   7.9190e+00
 -2.8212e+00  -9.3230e+00
  2.8478e+01  -2.3104e+01
  4.7187e+00   7.7945e+00
 -1.8725e+01  -3.8632e+01
 -5.0228e+01   4.2052e+01
  1.0131e+01   1.4361e+02
 -5.0911e+01   5.8460e+01
 -5.1699e+01   1.7628e+00
  1.6521e+01   4.4083e+00
 -1.0725e+02  -6.3778e+00
  1.0016e+02  -1.2903e+01
 -6.9622e-01  -1.3259e+02
 -3.1453e+02   9.9211e+02
  3.8251e+00  -5.9821e+00
 -1.8295e+02   3.2706e+02
 -9.5870e+01  -4.0493e+01
 -6.0961e+00  -9.0345e+00
 -2.5671e+01   2.4652e+01
  5.1732e+01  -1.6555e+01
  2.3529e+01   3.0124e+01
  3.3260e+01   3.9342e+01
  1.2985e+01  -5.0240e+01
 -3.2637e+00  -6.3796e+01
  1.9936e+00  -8.0482e+01
 -1.7947e+03  -5.7534e+02
 -2.0003e+01  -2.7309e+00
 -1.6227e+01  -8.9961e+01
 -5.0257e+01   6.1036e+00
 -7.6696e+00  -1.4831e+03
 -2.0634e+01   1.4723e+00
  1.5832e+02  -8.7700e+01
  4.1106e+01   9.1163e+00
  2.0505e+01  -1.0652e+00
 -3.5101e+01  -4.8668e+00
  1.3330e+01   1.3260e+01
 -1.2986e+01   2.9374e+01
  1.1194e+01   1.0598e+01
 -4.7050e+00   4.3705e+01
 -4.0679e+00   2.9278e+01
  1.0353e+02  -2.7457e+01
  2.1092e+02   1.8484e+02
 -4.3410e+01  -3.4976e+01
 -1.1209e+00  -3.1342e+01
  3.6327e+02  -2.7842e+02
  6.3000e+02  -1.1951e+03
 -2.5876e+01  -9.8826e+01
 -1.9341e+02   1.9257e+02
 -2.6111e+01  -1.9843e+01
  1.4242e+00   5.9285e+01
 -6.0962e+01  -5.6811e+01
 -6.7611e+01   1.3425e+01
  8.4829e+01  -2.2262e+01
 -2.7270e+01  -1.2453e+01
  1.4155e+01   4.8349e+01
 -2.3930e+01  -2.1388e+01
 -6.6399e+00   1.5640e+01
 -4.3401e+01   3.3761e+01
 -3.7240e+02  -1.3544e+02
 -1.8493e+01  -9.0943e+01
  9.5397e+01  -3.5498e+01
  7.7723e+01   3.0352e+01
 -1.5114e+01   4.9794e+00
  1.1453e+01  -1.1510e+01
  4.7793e+01  -5.8699e+01
 -4.6242e+00   1.7514e+01
  3.1190e+01   8.6191e+01
 -3.2910e+02  -4.8891e+01
 -4.0132e+00  -2.5749e+01
  1.3059e+01   2.2330e+01
 -4.9066e+01  -8.2252e+01
  1.5187e+01  -1.8664e+01
 -1.6274e+01   3.8790e+01
 -1.4193e+01   4.1763e+01
 -4.8615e+00   1.1328e+01
 -6.8688e+01   5.7370e+00
 -2.0870e+01  -2.1702e+01
 -7.2794e+02   1.6529e+03
 -3.2504e+01  -1.1098e+01
  1.2240e+02   3.1213e+01
  1.7658e+01  -2.1805e+01
  4.8703e+02  -1.9310e+02
 -2.9705e+01   2.8255e+01
 -2.3049e+03   2.8050e+03
  2.0620e+00   3.4327e+01
 -2.5688e+01  -1.0060e+02
  5.7847e+01   1.0724e+01
  3.5953e+01   6.3756e+01
 -3.3041e+01   3.5020e+01
 -4.7719e+01   4.4711e+01
 -1.8675e+01   9.7255e+00
  5.7214e+01   7.0717e+01
 -5.6585e+02   2.4225e+02
 -3.4585e+02  -2.9058e+02
 -7.1732e+01  -3.0288e+01
 -2.5641e+01  -1.6831e+00
 -2.7008e+00   1.4040e+01
  5.5202e+01  -4.6162e+01
 -3.7636e+01   2.1066e+01
  9.7864e+00  -3.8408e+01
 -4.3639e+01  -8.6402e+01
  3.5257e+02   2.8383e+02
 -9.4078e+01   2.3936e+03
 -1.9543e+03  -8.6779e+02
 -6.3284e-01  -1.5376e+01
 -2.2390e+02   1.1052e+02
  5.5006e+02  -2.7584e+01
 -4.2047e+01  -1.0802e+01
  8.6416e+02  -4.4968e+02
  8.8079e+01  -3.0283e+01
  9.9976e+00   2.6196e+01
 -3.6591e+00   1.4582e+01
  8.9378e+00   3.0648e+00
 -8.2132e+01   3.5489e+01
 -6.1365e+01   7.8620e+01
 -4.4016e+01   7.3357e+01
  1.4878e+01   3.1755e+01
 -2.2590e+01  -2.4160e+01
  2.4369e+00  -2.5578e+01
 -2.5755e+01  -2.8180e-01
  3.0600e+00  -3.8505e+01
  1.2285e+00  -4.5010e+00
 -8.5127e+01   8.7328e+01
 -1.8353e+02   2.8532e+02
  1.0213e+02   5.1986e+01
 -9.6704e+01  -5.2256e+00
 -5.7375e+02  -3.5498e+01
 -6.5308e+01   1.2219e+02
 -4.8798e+02   1.9928e+02
 -1.5422e+01   5.6624e+02
  2.1864e+01   1.0702e+01
  3.3823e+01  -2.5180e+01
  1.2994e+02   2.8087e+02
 -1.0846e+03  -6.4105e+02
 -5.3969e+01  -1.4595e+02
  1.9957e+01  -1.1037e+02
 -4.6787e+00   1.6345e+01
 -7.2588e+00  -2.9020e+01
 -4.9710e+00   3.9580e+00
 -1.4184e+02  -1.4878e+02
 -5.2308e+01   1.7994e+01
 -3.8139e+00  -1.3301e+01
  6.2818e+01  -7.7148e+01
 -1.1737e+01   2.5292e+01
  4.1109e+01   9.0353e+00
  1.9026e+01   3.9897e+00
  3.9395e+02   1.1456e+01
 -1.3905e+02  -2.1556e+01
 -6.7003e+01   1.6765e+01
  2.5738e+02   3.8901e+02
 -5.8847e+02  -2.0526e+02
 -5.3791e+01  -8.6595e+01
 -1.4470e+00   9.4719e+00
  2.5150e+01  -5.8573e+02
  7.6941e+00  -2.1542e+01
  1.4112e+02  -1.4527e+01
 -2.0069e+01  -1.4828e+01
 -8.9824e+01   1.1424e+02
  1.1207e+01   3.6701e+01
 -1.0960e+01   1.7765e+01
  1.8587e+02  -4.4830e+01
  7.7582e+02   8.9288e+02
 -6.0572e+01  -8.9814e+01
  6.5294e+00   1.7703e+01
  1.1372e+02   1.1791e+01
  2.0930e+00  -5.1981e+01
  1.2249e+01  -8.1876e+00
 -3.0354e+01   3.9313e-01
  1.3714e+01   4.0291e+01
  1.4083e+02   4.7351e+01
 -1.4578e+01  -5.7241e+01
 -2.1315e+02  -1.4527e+02
 -6.4997e+00  -3.9751e+01
  1.7730e+02   5.6074e+01
 -3.0230e+01  -2.9002e+00
  1.8345e+01   6.7264e+00
  2.1119e+01   1.3355e+02
  7.6427e+01   6.5639e+01
  3.0207e+01   4.8201e+01
  1.0592e+01  -3.7560e+01
 -1.0706e+01  -4.2354e+01
  2.5876e+02   2.2354e+01
  2.0254e+01  -5.9147e+01
  1.4894e+01  -2.5099e+01
  2.5771e+01  -4.7366e+00
 -1.7129e+01  -4.1724e+00
  1.6125e+02   3.9624e+01
 -2.5879e+02  -4.3706e+01
  1.7038e+01  -2.4676e+01
 -2.2728e+00   7.7111e+01
 -1.0360e+01   2.9336e+01
 -2.0435e+01   1.7350e-01
 -8.3715e+00  -3.3126e+01
  1.4971e+01  -1.3842e+01
  1.7667e+01   2.4666e+01
  8.0916e+01  -9.5598e+01
 -2.1378e+01   7.4314e+00
  1.3440e+01  -1.2365e+02
  4.3015e+01  -3.8602e+01
  5.0369e+01   1.8133e+02
 -2.5967e+01   2.7752e+01
 -1.3520e+01   2.0946e+01
  5.6579e+00   1.0027e+01
 -1.0012e+02  -1.7752e+02
 -1.3792e+02  -2.6773e+02
 -5.7782e+01   1.1040e+02
 -2.9809e+01   1.1387e+01
  3.0379e+01  -1.8310e+01
  1.0012e+01  -9.9472e+00
  5.5197e+01  -4.7242e+01
  3.9853e+01   5.0390e+01
  1.2692e+01   7.4268e+01
 -1.4699e+01   1.1889e+00
 -2.7753e+01   3.9746e+01
 -7.0671e+01  -5.6646e+00
 -2.7197e+01  -6.8156e+00
  3.9654e+00   2.6830e+00
 -1.0179e+02  -1.4802e+00
  1.2467e+01   1.5195e+01
  2.2976e+01   1.3444e+01
  5.9234e+02   2.5862e+02
 -5.4829e+01  -4.6088e+01
  9.7650e+00  -2.6864e+01
  5.3005e+01  -3.6983e+01
  1.5737e+01   3.9336e+00
  2.2081e+01  -1.3066e+01
  1.8442e+02  -7.2749e+01
  2.1909e+02  -1.7217e+02
 -5.3202e+00   7.9510e+00
 -9.4591e+01   4.4712e+01
 -1.4576e+02  -5.0990e+02
  5.6590e+01   2.5042e+01
 -1.8164e+02  -4.0004e+01
 -9.6775e+01  -9.5300e+01
 -4.4474e+01  -4.3763e+01
  3.4334e+01   2.0359e+02
  8.2544e+01  -1.5431e+02
 -1.1981e+02   5.3257e+01
 -5.4785e+01   4.6825e+01
  4.2980e+01   5.1369e+01
 -7.3239e+00  -2.9051e+01
 -2.3737e+01   2.6492e+01
  2.5877e+01  -1.7707e+01
  1.4377e+01   4.5433e+00
  1.3105e+03   1.4223e+02
 -2.5749e+03  -9.1107e+03
  3.3701e+01   1.9281e+01
  1.8203e+02   1.4978e+01
  1.6722e+01   3.5601e+01
 -6.3665e+01   7.1606e-01
 -1.5964e+01  -9.2181e+01
  3.7674e+01  -1.1897e+01
  6.6542e+01   3.7311e+01
 -1.0474e+01   1.6198e+01
  1.1307e+02   4.7336e+01
 -9.8629e+01   6.3937e+01
  4.2236e+02   4.6584e+02
  6.2782e-01   2.0616e+01
  7.5819e+01  -2.7143e+01
  1.3683e+01   4.1891e+01
  4.2715e+01  -5.6587e+01
 -7.0830e+01   1.3972e+02
  3.7561e+01  -9.2963e+00
  1.3078e+02  -1.6426e+02
 -1.5530e+02  -6.6882e-01
 -8.4405e+00  -7.9426e+01
 -1.4782e+01  -3.7415e+01
  6.5079e+00   1.4730e+03
  1.5983e+02   1.0983e+02
 -1.5169e+01   5.7501e-01
  2.0581e+01   1.5456e+01
 -6.2525e+00  -8.6731e+00
  5.5761e+00   6.4071e+00
  1.5627e+01  -3.1079e+01
  5.1252e+00   2.0428e+01
 -2.3085e+01  -8.4186e+00
  1.8259e+03   5.6791e+02
 -4.6190e+01  -1.0705e+02
 -3.8742e+01  -1.0191e+02
 -5.5387e+01   2.5403e+01
 -2.1110e+02  -1.1716e+02
  2.3326e+02  -5.9603e+01
  3.0245e+01  -7.3623e+01
 -1.9965e+01   3.0506e+01
  7.0751e+01   4.4848e+01
 -1.4083e+01   2.3039e+01
  6.0389e+01   5.9158e+01
  1.0647e+01   2.0330e+01
  1.9700e+01   3.9068e+01
 -7.6894e+01  -7.2037e+01
 -3.7547e+01   3.2610e-02
 -2.3566e+01  -2.2942e+01
 -2.6617e+01   3.0556e+01
  2.1636e+01   3.7167e+01
  8.8221e+01   4.3930e+01
 -7.0844e+00   9.4621e+00
 -1.4671e+01  -1.5679e+01
  1.3420e+02  -2.6935e+02
  1.4637e+01  -4.1422e+01
  2.9185e+01   2.3970e+01
 -9.0233e+00   6.6173e+01
 -6.2398e+01  -2.6551e+01
  2.4434e+01   2.1756e+01
 -5.2961e+01   6.5945e+01
  4.4054e+01   1.2798e+01
 -3.0021e+01  -5.9548e+01
 -4.9882e+03  -1.0220e+04
  4.3937e+00   1.7896e+01
  3.8776e+01   1.3645e+00
  7.3553e+01   1.7745e+01
  4.5560e+00   2.1254e+01
  3.0032e+01  -3.6845e+01
  6.2834e+00  -1.2364e+02
 -4.4957e+01  -9.7003e+01
 -2.6124e+02   5.0078e+01
 -8.3096e+00  -1.6389e+01
  1.3340e+01   1.0903e+01
  2.9903e+03   7.3062e+01
 -2.4954e+01  -2.9619e+01
  7.7037e+01   1.0453e+02
 -3.6131e+01  -4.0562e+01
 -1.0990e+02   1.5320e+01
  2.4340e+01  -2.5269e+01
  1.4131e+02   2.1877e+02
 -1.1014e+02  -2.0205e+01
 -2.4787e+01  -1.1258e+01
 -4.1715e+01  -2.6194e+01
  1.4178e+02   4.8679e+02
  2.4385e+02  -2.8514e+02
  1.4466e+00   1.2556e+01
  1.9277e+02  -3.9457e+02
 -3.0965e+00   7.4716e+01
 -1.7872e+01   6.3931e+01
  1.8696e+01   4.9706e+01
 -9.8056e+02  -8.7219e+02
  2.3001e+03  -2.8492e+03
 -1.6455e+01  -9.8582e+01
 -7.8306e+00   3.9010e+01
  2.4025e+00  -1.8437e+01
  3.9218e+01  -3.6544e+01
  4.6376e+02   2.5481e+02
  4.0026e+01   2.8639e+02
  1.5774e+01  -3.6982e+01
  1.1745e+02  -2.3535e+02
  3.8394e+01  -5.1305e+02
  3.1224e+01  -1.9991e+01
 -1.2824e+01  -3.4493e+01
  3.0550e+01   3.2262e+01
  2.0736e+01   1.3229e+01
 -2.7791e+00  -1.6145e+01
 -4.1620e+01  -3.6739e+01
  2.4991e+01  -1.9777e+01
  1.0881e+01   1.5485e+01
  3.3136e+02   5.8451e+01
  7.0833e+01  -1.1358e+01
 -1.8371e+01  -8.9207e+01
 -3.2262e+00  -1.2766e-01
 -6.4083e+02   1.1731e+03
 -1.4052e+01   6.3701e+00
  7.1794e+01   4.8839e+01
 -5.6196e+01   5.2386e+02
  8.6884e+01   1.5504e+02
  2.4250e+01   1.2274e+02
  5.3110e+01  -3.6261e+00
 -1.4226e+01  -1.9883e+01
 -7.3496e+01  -3.2888e+02
  1.1834e+01  -1.1152e+01
  3.1234e+01  -3.2689e+00
  3.5634e+01  -7.3681e-01
 -8.8815e+00   6.2861e+00
 -3.2594e+01   5.6804e+01
  1.7002e+01  -9.8642e+00
  6.5692e+01   5.9584e+01
  4.3410e+01   2.6278e+00
  6.7854e+01  -4.7517e+02
 -5.7761e+01  -7.6005e+01
  1.9096e+02   2.9852e+01
 -9.9637e+01   8.9844e+01
  1.7959e+02   7.8264e+01
  1.3672e+01   1.6095e+01
  1.1685e+01   2.7199e+01
  1.0463e+01   2.3875e+01
 -3.9585e+01   3.3118e+01
  4.5881e+01   5.2972e+00
 -5.9394e+01  -1.3447e+01
  6.7706e+01  -7.9120e+01
  3.7476e-01   3.6590e+01
  5.8498e+02  -2.1044e+02
  2.5872e+02  -8.7017e+01
 -5.8708e+01   5.4917e+01
 -3.7068e+02   2.8773e+02
  3.0352e+01   4.7804e+01
  1.8737e+01  -3.8381e+01
 -6.2482e+01  -2.1764e+01
  2.3446e+02  -7.1602e+01
 -1.6945e+02  -6.5922e+01
  1.5611e+02   4.9231e+01
 -7.3513e+00  -7.5378e+01
 -5.9100e+01  -5.5116e+01
 -1.3454e+01   1.4999e+02
 -7.9897e+02   3.0456e+02
 -2.2817e+03  -2.2099e+03
  3.4552e+01  -1.8618e+01
  7.5639e+01   1.9344e+02
  4.2223e+01   1.1915e+02
 -1.0921e+01  -2.3911e+01
 -2.9982e+01   6.8837e+01
  4.5828e+01   3.8740e+01
 -1.3321e+01   2.4851e+00
 -1.2498e+02  -1.4281e+02
  9.6669e+02   8.9097e+02
 -2.9320e+01   3.4712e+02
  3.6355e+01   1.2359e+01
  3.4086e+01   4.3419e+01
 -2.4090e+01  -2.0633e+00
 -3.6148e+02  -5.8016e+02
  1.0683e+02  -7.9637e+01
 -9.0083e+00  -7.7798e+01
 -8.4852e+00  -5.5978e+01
  6.0916e+02   1.3870e+02
 -3.0436e+02  -1.3724e+01
  3.2393e+01   5.3879e+00
  2.4088e+01  -6.0146e+00
 -1.8077e+01   5.4958e+00
 -4.9275e+02  -5.0954e+02
 -2.3615e+01   3.9108e+01
  9.1174e+01  -4.2425e+01
  1.9038e+01   1.7442e+01
 -1.3894e+01  -7.5467e+00
 -6.6923e+01   2.8660e+00
 -8.9411e+00  -1.5021e+01
 -1.2604e+01   1.3877e+01
  4.5927e+01   6.8614e+01
  4.9967e+03   1.0225e+04
 -1.7258e+01   2.0324e+00
 -3.9774e+01  -1.1309e+02
  2.1180e+00   4.7688e+01
  3.8792e+01   3.7660e+00
 -5.9186e+01  -3.4572e+01
 -5.5769e+01   9.9851e+00
  1.0476e+01   7.0361e+00
  2.9009e+01  -6.7012e+01
 -5.7209e+01  -3.8196e+01
 -2.1242e+01  -4.2141e+01
 -1.2040e+01  -2.9596e+01
 -6.7202e+01  -6.9039e+00
 -1.1436e+02   6.2007e+01
 -6.2537e-02  -4.9204e+01
 -2.9931e+03  -8.1122e+01
  1.1791e+03  -5.2068e+02
  8.4589e+00   1.0530e+00
  1.5414e+01  -2.8753e+01
 -6.4283e+01  -1.1656e+00
 -8.2371e+01   3.7412e+00
  2.6954e+01   7.8964e+01
 -9.3080e+01  -2.4104e+01
 -1.7325e+02  -1.3744e+01
 -1.1550e+01  -4.9596e+01
 -2.7484e+00  -1.6414e+01
  2.2674e+02   1.2879e+02
  7.2808e+01  -4.0718e+01
 -4.0689e+01   4.8880e+01
 -3.8074e+01   3.8634e+01
 -1.4676e+02   2.5485e+02
  1.4838e+01   4.9703e+00
 -6.4080e+01   1.5520e+01
 -2.7091e+01  -2.9865e+01
  7.7722e+01   1.4642e+02
 -4.3239e+01   9.7978e+01
 -1.7325e+01   2.0802e+00
  6.7106e+01   1.5437e+01
 -4.0064e+00   2.9298e+01
  1.1966e+01   2.3363e+01
 -2.0029e+01   1.1992e+02
 -5.1964e+00   7.1780e+00
 -2.7540e+02  -2.8641e+00
  2.8489e+01  -4.1394e+00
  7.9026e+00  -6.5983e+01
  1.4009e+01  -5.8158e+00
  1.0917e+02  -1.1534e+02
 -1.6878e+01   2.3216e+01
  4.4271e-01   1.6918e+01
  1.0491e+02   3.8639e+00
  9.4224e+01  -1.3773e+01
  7.3040e+01   1.3161e+01
  4.8003e+01   6.2884e+01
  9.5809e+00   4.9862e-01
 -8.1046e+01  -1.6276e+02
  5.9181e+01   1.0192e+01
 -1.7142e+02   6.2745e+01
 -1.0843e+00   2.4173e+01
  4.9734e+01   7.9616e+01
 -9.1065e+02   1.5484e+03
 -2.3921e+01  -1.3131e+01
  1.5644e+01  -3.7816e+01
  6.6703e+02  -5.7480e+03
 -2.3851e+01  -7.7172e+01
 -3.9685e+01   1.2369e+01
  3.9607e+00  -1.1206e+00
 -1.0650e+01   2.7449e+01
  5.4001e+01   2.1792e+01
 -4.3392e+01   9.1151e+01
  5.9453e+00  -8.5808e+01
  9.6387e+01   2.8258e+01
  8.3513e-01  -2.0331e+02
  4.2716e+01  -4.3814e+01
  8.7364e+00  -2.0508e+02
  3.0700e+01   1.7487e+02
  9.8656e+01   4.1027e+01
  1.0239e+01   2.3855e+01
  4.3724e-01  -5.0435e+00
 -2.8570e+01   2.4343e+01
 -2.6735e+01   1.1266e+01
  1.2752e+02   2.8033e+01
 -1.5987e+00   1.0160e+00
 -1.4837e+01   2.3572e+00
  2.4439e+01  -1.0146e+01
 -1.2011e+01   4.6288e+00
  3.0035e+01   1.3257e+00
 -9.2343e+00   1.6538e+01
  1.5001e+02   1.3024e+02
 -1.0560e+01  -3.6734e+01
  5.5019e+00   1.4149e+02
  2.2002e+00  -4.4056e+01
 -9.1114e+01   5.5195e+01
  2.7298e+01  -2.7398e+01
 -5.0663e+02   8.3465e+01
  1.2147e+01   9.0119e+00
  4.6170e+01  -6.0194e+01
  4.5388e+01   3.0616e+01
 -3.6889e+01   9.2241e+01
  7.8159e+02  -1.6727e+03
 -2.6696e+01  -2.2996e+01
  1.0310e+02  -5.3658e+01
 -2.3981e+01   3.3800e+01
 -1.5662e+01   1.5081e+01
  4.2576e+01  -4.0549e+00
 -3.4780e-01  -3.8791e+01
 -5.4627e+01  -1.0130e+01
  1.5293e+01  -9.0632e-01
 -1.5942e+01  -2.1197e+01
 -4.0290e-03  -2.7080e+01
 -1.4935e+02  -1.1869e+02
 -4.0610e+01  -5.3452e+02
 -9.9968e+02   9.2704e+02
  1.4395e+02   2.3421e+01
  1.2253e+01  -2.5565e+01
  1.4855e+00   4.4780e+01
  1.9083e+02   1.5726e+02
 -4.6268e+01  -2.4574e+00
 -5.0929e+01  -2.3900e+01
 -8.8061e+00  -9.3532e-02
 -4.5836e+00  -4.1643e+01
 -6.8586e+01  -1.3279e+02
  3.0845e+01  -2.5389e+00
  1.2392e+02  -9.1406e+01
  1.7497e+01  -3.8867e+01
  1.0929e+02  -2.7679e+01
  4.7830e+00  -1.5612e+00
 -3.3771e+01   1.0676e+01
 -1.4259e+01   6.1238e+01
 -7.9220e+02  -9.0027e+02
 -1.8249e+01  -1.4397e+01
  1.0524e+00   3.1713e+01
  1.9085e+00  -8.8979e+00
 -1.9369e+01  -3.8546e+01
 -6.5682e-01  -3.2678e+01
 -2.5009e+01   4.5647e+01
 -1.3315e+02  -1.5471e+02
 -5.9527e+02  -1.8198e+02
  4.4872e+01  -3.3767e+01
 -2.8701e+00   4.0608e+00
 -6.8898e+02  -1.5323e+02
  9.0380e+01   2.1685e+01
  3.1614e+01  -2.7104e+01
 -5.0014e+01   4.3700e+00
 -1.1658e+03   5.3964e+02
  1.9923e+00  -6.4047e+00
 -1.4782e+01   1.1515e+02
 -4.7572e+01  -3.0591e+01
 -1.1700e+01   1.3597e+01
 -6.2914e+01   4.6877e+02
 -1.1377e+02  -1.4464e+02
  1.3781e+02  -7.6926e+01
 -9.3764e+01   1.2475e+02
  5.0192e+01   2.6199e+01
  4.8656e+01   2.6218e+00
 -6.2371e+00   5.4438e+01
  5.6054e+00   4.8326e+00
 -2.6947e+02   6.2275e+02
 -3.9167e+00   9.4139e+01
  1.2698e+01  -3.4713e+01
  4.2123e+00   2.5955e+00
  2.5200e+01  -4.1163e+00
 -3.6405e+01   8.9338e+01
  1.9343e+01  -3.0820e+01
 -1.1822e+02  -1.1398e+02
 -4.5622e+01  -8.6758e+01
 -8.3929e+01  -2.4707e-01
 -2.9210e+01   5.6669e+01
 -3.8134e+01  -3.4496e+01
 -2.1638e+01  -5.8735e+01
 -1.0196e+01   3.9590e+00
 -5.4626e+01  -1.9031e+02
  5.4646e+01  -1.3267e+02
  1.3213e+01   6.1102e+00
  1.7521e+01   8.2652e+01
  3.4405e+01  -4.1336e+01
 -6.7920e+01  -5.9532e+01
 -6.4435e+01  -9.4580e+01
  5.4477e+01  -3.4372e+01
  2.6286e+00  -3.5990e+01
 -1.5641e+01   6.1050e+00
  1.9660e+01   3.4425e+01
 -1.4956e+01  -3.8472e+01
  8.0610e+00   1.0165e+00
  8.0039e+00  -2.0342e+00
 -1.3347e+00  -2.2653e+01
  1.7873e+01   2.1969e+00
  1.1554e+02   1.4100e+02
  1.0829e+01   9.5714e+00
 -1.6001e+01  -6.7493e+00
  1.0468e+02  -6.4075e+01
 -1.6720e+01  -3.7099e+01
  1.8810e+02  -3.3116e+02
 -3.0794e+01   4.5114e+01
 -5.1815e+01  -1.1085e+01
 -3.4013e+01  -1.5619e+01
  1.2050e+01   1.3824e+01
  7.3230e+00   4.7004e+00
 -2.0546e+02   3.9436e+02
 -1.3444e+02   1.4156e+02
 -2.9020e+03  -9.4227e+01
 -5.2833e+02  -8.0433e+00
  5.1275e+00  -1.2602e+01
  1.8338e+01  -7.5939e+00
  4.5814e+01   1.4315e+02
  1.1408e+03  -1.4326e+03
  3.9506e+01  -3.7291e+01
  1.8889e+03   8.7961e+02
 -1.3366e+03  -5.6689e+01
  5.6362e+01   3.1855e+01
 -2.1871e+01   3.0629e+01
 -2.7033e+02   7.6703e+02
 -1.9381e+02  -2.5251e+02
 -7.2156e+01  -2.6129e+01
  1.7974e+00   1.6305e+01
 -1.2896e+02  -2.9140e+01
  9.9955e+02  -2.6856e+03
  3.0759e+00  -2.2262e+00
 -1.2095e+01   2.4373e+01
  8.9363e+01   3.0064e+01
 -7.7475e+01  -1.1233e+02
  9.5326e+00   3.1699e+00
  1.1828e+01  -1.3807e+01
 -3.4536e+01  -2.9593e+01
  1.1014e+01  -2.5140e+00
  3.1684e+02  -5.4705e+02
  4.7786e+01  -2.3789e+03
  1.4022e+02   1.7629e+02
 -2.4190e+01  -7.2482e+00
 -7.3394e-01   3.2612e+01
 -7.9738e+00  -1.5239e+01
  1.0559e+01   3.5155e+00
  7.3695e+01   1.4700e+01
 -2.6936e+01   3.0688e+01
  5.4818e+01  -1.1979e+01
 -1.6038e+02   2.0277e+02
  1.8654e+02  -3.6615e+01
  3.0868e+02   5.3787e+01
  1.4260e+00   2.4752e+01
  2.1571e+01   4.0650e+01
  1.0582e+03   6.4204e+02
  1.0602e+01   3.4759e+00
  9.2487e+01   2.5558e+02
  3.0614e+01   7.1642e+00
 -1.0178e+02  -1.2318e+02
 -6.7155e+00   1.2770e+00
  4.9335e+00  -2.1136e+01
  3.4134e+01   6.4473e+01
 -2.0337e+02  -8.0831e+01
  2.8696e+02  -1.1191e+03
 -2.5261e+01  -1.7261e+01
 -2.9248e+00   2.0191e+02
  7.5356e+01   2.8719e+01
 -3.6345e+01  -3.6809e+01
  9.4327e+01  -2.0867e+00
  1.3261e+01  -2.8320e+01
 -4.3845e+01  -9.5979e+00
 -6.5468e+02  -2.2072e+03
 -3.7425e+02  -4.1151e+02
 -2.3740e+01  -1.5690e+00
 -1.0640e+02   1.0253e+01
  1.4308e+01   3.1267e+00
 -1.8916e+01   1.4402e+01
 -5.3473e+00   1.0928e+01
 -2.9572e+02   2.1648e+02
 -3.2668e+01  -2.7672e+01
 -3.4325e+01   2.6314e+01
  8.3190e+00  -3.5423e+00
  1.7462e+01  -8.0249e+01
 -2.9995e+01   1.0982e+02
 -3.1080e+01   1.3637e+02
  9.1923e+01  -4.5087e+01
  2.6104e+02  -7.7337e+02
 -7.6293e+02   3.2913e+02
  8.3161e+01   7.6996e+01
 -3.2100e+00  -8.1404e+00
  1.3667e+01  -3.5446e+01
 -4.3106e+01  -1.2754e+02
  2.4394e+01  -1.9702e+01
 -8.0634e+02  -3.9303e+03
 -1.4082e+01  -2.4343e+01
  4.7830e+02   5.0630e+02
 -8.4170e-01   6.4630e+00
 -2.5366e+01   1.4037e+02
  1.6072e+01   3.2085e+01
 -9.9532e+00  -7.4003e+01
  3.2264e+01  -9.0670e+01
 -6.0286e+00   1.9815e+00
 -3.1884e+01   1.4282e+01
  2.5802e+03   9.1074e+03
 -2.4237e+01  -6.1704e+01
  1.3077e+01  -4.2296e+00
  2.0815e+01   2.1368e+01
  4.4725e+01  -1.4874e+01
 -2.2467e+02   3.5289e+01
  3.3415e+00  -1.9866e+01
  5.8239e+01   3.1652e+01
  8.7519e+01   1.7956e+02
 -9.8230e+01  -3.1892e+01
  3.3653e+00   2.2180e+01
 -8.9853e+01  -1.4365e+02
 -1.5312e+01   7.7943e+01
 -1.5940e+02   1.5447e+01
  2.6462e+01  -1.1655e+02
 -4.9369e+00   3.5500e-01
 -5.3402e+01  -2.2336e+01
  6.8780e+01   2.0731e+02
 -4.1061e+01   3.8658e+00
 -2.2062e+02   4.4782e+01
 -4.8041e+01   3.5909e+01
  2.8657e+01   3.0517e+01
 -3.9828e+01   2.8286e+01
  3.8608e+01  -2.7437e+00
