  9.7173e+00  -2.0106e+01
  1.1641e+01  -1.6446e+00
  8.4021e+00   3.0473e+01
 -7.4506e+00  -2.7532e+01
 -2.2027e+02  -2.6759e+02
 -1.1481e+01  -3.9254e+01
 -1.9557e+00   6.3232e+00
 -4.3433e+00   1.9033e+01
 -3.6686e+00  -2.8735e-01
  8.5197e+00   2.5449e+00
 -1.4927e+01  -3.7628e+00
 -2.5951e+01  -2.6334e+01
  7.7986e+01   4.1845e+00
 -2.0257e+02  -1.1305e+01
  2.6912e+01   4.2228e+01
 -5.8581e+01  -1.3438e+01
 -5.2073e+00  -9.3654e+00
  4.8981e+01   3.2850e+01
 -1.0347e+01  -5.8866e+00
  7.1239e+00  -1.5050e+01
  9.3207e+01   2.1655e+01
 -3.5733e+01   1.7756e+01
  1.8210e+01  -1.1272e+01
  1.8107e+00   1.5508e+00
 -9.0096e+01  -3.6400e+01
  6.3182e+00  -1.8625e+01
  3.8003e+02   1.0220e+02
 -5.3897e+02   1.4018e+03
  8.0918e+02  -5.1789e+02
  1.9227e+00   2.9737e+01
  6.0479e+01   2.2504e+01
  2.6452e+00   5.2710e+01
  9.4979e-01  -2.7166e+00
  1.4309e+02   7.0072e+00
  1.1864e+01  -1.8201e+01
  1.1869e+01  -4.3534e+00
  1.5594e+02   3.1837e+02
  6.9714e+00   1.1342e+00
 -4.3437e+00   5.3862e+00
 -1.1974e+01   5.6655e+01
 -3.2867e+01   2.4420e+01
  1.4404e+00  -2.2066e+01
 -2.3696e+01   1.2288e+00
  1.9966e+01   8.3143e+00
 -2.2533e+02  -8.7424e+01
 -6.0371e+01  -2.4511e+01
 -3.0828e+00  -4.5464e+01
 -5.0276e+01  -4.2633e+01
 -5.5386e+00  -1.2162e+01
  5.2612e+01  -2.1713e+01
 -1.1362e+02   1.1338e+02
  1.1021e+01  -1.2042e+00
  1.8204e+01   1.5192e+01
  6.1658e+00   3.1663e+00
 -2.3069e+01  -9.1273e+00
 -1.8877e+01   2.0841e+01
  1.1434e+00   1.5877e+01
 -1.1785e+01  -1.1074e+01
 -1.3282e+02   3.2315e+01
  3.7339e+01   8.0964e+01
 -2.1513e+01   1.6900e+00
 -1.1026e+02   6.5671e+00
 -2.1544e+01   6.5713e+00
  3.0990e+02   1.4742e+03
  1.4107e+00   4.2763e+01
 -2.6745e+00  -1.5921e+01
 -4.2103e+00   4.8926e-01
 -2.5191e+00  -9.2258e+00
  1.5703e+03   4.6798e+01
  1.5707e+01   2.6107e+01
  8.1534e+00   8.2120e+00
  1.1068e+01   1.3682e-02
  7.1909e+00   6.0126e+00
  4.2826e+01  -3.8565e+01
  3.8918e+02  -1.6540e+02
  6.9148e+01  -3.5122e+01
 -4.2719e+00   1.7715e+01
  1.9087e+01  -4.0308e+01
 -8.4930e+00   1.2162e+01
 -3.4020e+01   6.1561e+00
  3.1017e+01  -4.9688e+01
 -1.9611e+01  -1.0682e+01
 -5.2870e+01  -1.0563e+02
 -7.3792e+00  -6.2300e-01
  2.9533e+01   2.2672e+01
  1.9557e+01  -1.0054e+01
  8.9731e+01   1.7402e+02
  5.0477e+00  -1.2289e+01
  5.0788e+00   4.1377e+00
 -2.8800e+01   3.0329e+01
  1.6763e+01  -5.1176e-01
  1.0948e+01   6.0511e+00
 -3.3764e+01  -5.4886e+00
  4.9749e+01   3.0347e+01
  1.0602e+00   6.7254e+00
 -5.3801e-01  -9.7955e+00
  7.3337e+01  -3.9842e+01
  1.1419e+01  -6.1580e+01
 -1.2822e+00   8.7277e+00
 -9.4401e+01  -4.1989e+01
 -1.1600e+01   9.9979e+00
 -2.2497e+02   1.8904e+03
  5.8095e+00   7.8044e+00
 -4.2210e+00  -3.9190e-01
  5.3255e+00  -1.8635e+00
 -1.0174e+01  -1.0110e+00
 -2.5375e+01  -3.5511e+01
  2.5594e+01   6.2108e+01
 -4.4530e+01   3.1700e+00
  1.3587e+01  -1.2960e+01
  7.5189e+00  -1.3979e+01
  1.9233e+00  -1.1609e+01
 -2.1171e+01   5.7468e+00
  2.8675e+00  -8.6028e+00
 -8.1199e+01   4.9305e+01
 -1.0833e+01  -1.3783e+01
 -1.4137e+02  -6.6041e+00
 -1.8036e+01   3.0666e+01
 -7.5911e+01   2.0060e+01
  4.2937e+00  -1.6837e+00
 -7.8777e+00   1.1472e+01
  1.1183e+00   9.0764e+00
  1.5214e+01  -3.7053e+01
  2.4103e+00  -1.6333e+01
 -2.3985e+01   3.7302e-01
 -8.9581e+00   1.2001e+00
 -4.0377e+01   3.5149e+01
 -8.3112e+01  -5.0033e+00
 -8.3206e+00  -1.1941e+01
  8.8121e+01  -4.9833e+01
  9.2437e+01  -1.2978e+00
  1.6985e+00  -5.6260e+00
 -5.6487e+00  -3.9879e+00
  1.0741e+00  -9.5851e+00
  6.8331e+00   2.7209e+00
 -7.0578e+00   1.4817e+01
 -3.5117e+00   1.4178e+01
 -2.7621e+01   3.1040e+01
  6.4541e+00  -3.5632e+00
  1.1717e+01   1.0635e+01
  9.7191e-01  -3.7550e+00
  8.8725e+00  -6.5988e+00
  1.7445e+01   4.2789e-01
  2.9113e-01  -1.2760e+01
  9.1716e-01  -2.2531e+01
  1.3535e+01  -2.3412e+01
  1.4766e+01   6.2393e+00
 -7.8695e+00  -3.2206e+00
  7.8638e+00  -7.2012e+00
 -1.2725e+01  -3.2850e+00
 -1.7343e+01  -6.3817e+01
 -2.7487e+01   4.0116e-03
  1.5103e+01   1.4424e+01
  1.0909e+01  -4.1149e+00
 -1.6381e+01  -1.5567e+02
 -6.8247e+00  -8.7650e+00
  5.3659e-01  -2.4168e+01
  1.2489e+03   1.2001e+03
 -2.0558e+02   7.3324e+01
 -7.3823e+00  -2.0060e+00
 -1.0245e+01   7.4594e+00
 -7.1052e+00   1.9803e+01
 -7.9219e+00  -7.2149e+00
  3.5395e+02   1.2036e+03
  9.1155e+01  -8.0550e+01
 -3.8437e+01  -1.6135e+01
  5.0026e+00   7.2553e+00
 -2.6018e-01  -2.0736e+00
  6.1603e+00  -1.1452e+01
 -1.0913e+02  -1.7006e+02
  2.9520e+01   8.0744e+01
 -1.2408e+01  -3.3183e+01
 -8.1344e+02   5.2048e+02
  2.5821e+00  -2.0224e-01
  1.1313e+00   1.9043e+01
  2.3091e+01   2.3211e+01
  8.1988e+00  -2.5924e+00
 -8.5144e+01   9.1261e+01
  1.3002e+02   2.6914e+01
 -2.3745e+01   3.9133e+00
 -5.7250e+01  -8.6556e+01
  1.9768e+01  -4.5741e+01
  1.5468e+01   4.6373e+00
  3.8726e-01   6.4720e+00
  4.0209e-01  -1.9481e+01
  1.4648e+01  -5.6420e+01
 -1.9715e+01   9.6684e-01
  2.1001e-01  -7.3802e-01
  8.8816e+00  -4.9374e+00
  1.6283e+02   1.9135e+02
 -1.3635e+01   6.0601e-01
 -5.3015e+01   5.5882e+01
  9.3563e+00  -4.0778e+01
  4.0746e+00  -2.6731e-01
  9.4832e+00  -4.7522e+00
  3.9528e+00  -3.1063e+00
  8.2116e+01  -2.2497e+02
 -1.8895e-01  -1.8809e+00
  8.5673e+00   1.2912e+01
  1.4451e+01   6.9966e+00
  5.2091e+02  -4.6694e+02
 -2.0582e+00   4.6531e+00
  3.1351e+01   1.2028e+02
 -1.8913e+00   2.3463e+00
 -3.0839e+01  -7.2631e+00
 -1.3304e+02  -2.0740e+02
 -7.9658e+00   5.7672e+01
 -1.5142e+01   1.9726e+01
  2.8115e+02   1.5514e+02
 -1.6098e+01  -2.7221e+01
  2.1652e+02  -6.2671e+01
 -1.3714e+01   3.8346e+01
 -5.5561e+01  -4.1069e+01
 -6.1916e+00  -2.8512e+01
 -6.6446e+00  -1.1506e+01
 -4.6113e+00  -1.0265e+00
 -3.0545e+01   2.2661e+01
  1.9295e-01   1.0535e+01
 -3.3220e+01   2.1114e+01
  5.3360e+01   6.0390e+01
 -1.9936e+01  -1.5238e+01
  6.6508e+01  -1.8013e+01
 -1.5946e+00   6.6646e+00
  3.7789e+01  -6.4741e+01
 -3.9789e+00  -9.5027e+00
  2.9362e+02   1.8077e+01
  7.5933e+00   4.0929e+01
 -1.0590e+01   1.1175e+01
  6.4094e+00   1.7900e+01
 -2.4649e+01  -5.8823e+00
  1.9538e+00   3.2618e+00
  5.1841e+00  -6.1030e-01
 -1.9005e+01   1.5933e+01
  2.7252e-01  -5.2341e+00
 -7.7623e-01  -3.9316e+01
 -1.5227e+01   7.5243e+00
 -5.3576e-01  -2.8066e+00
  1.2914e+01   2.6830e+01
  1.0219e+01   2.5511e+01
 -2.3467e-01   1.3767e+01
  6.7181e+00   2.2015e+01
 -1.2419e+02  -2.0946e+02
  2.1695e+01   4.4570e+01
  4.0669e+01  -5.6078e+00
 -9.5572e+01   5.2809e+01
 -8.9184e+01   3.2150e+01
  1.6893e+00   8.6504e+00
  3.0493e-01  -1.2512e+01
 -4.7209e+00   1.4801e+01
  2.6627e+00  -3.4223e+00
  9.7890e+00  -2.2250e+01
  2.0865e+02   1.3701e+02
  1.2168e+01  -1.8735e+00
  1.2907e+01  -3.0637e+01
 -3.2530e+01  -9.4772e+01
  5.7312e+01  -3.8738e-01
 -1.9226e+00   1.2435e-01
  1.6336e+01  -1.4624e+01
  1.3337e+00   9.7294e-01
 -1.0157e+01  -1.1855e+01
 -2.7341e+01   1.9617e+01
  5.2263e+00   7.6968e+01
 -2.4177e+01   2.4188e+01
 -2.3752e+01   3.6110e+00
  4.4630e+00   9.7674e-01
 -3.2600e+01  -1.3265e+01
  5.2512e+01  -3.4597e+00
 -5.9726e-01  -7.1212e+01
 -1.7312e+02   5.3827e+02
  2.1000e+00  -9.2145e+00
 -9.9491e+01   1.7983e+02
 -4.9863e+01  -1.7340e+01
 -8.1248e+00  -5.9677e+00
 -1.5251e+01   1.2100e+01
  3.0647e+01  -1.1100e+01
  1.5760e+01   1.5528e+01
  1.2283e+01   1.6439e+01
  4.5435e+00  -1.9788e+01
 -1.2201e+00  -2.3315e+01
  7.2351e-01  -3.4414e+01
 -7.5468e+02  -2.4109e+02
 -7.4724e+00  -8.0203e+00
 -8.6653e+00  -5.0428e+01
 -2.6316e+01   6.0650e+00
 -7.1771e+00  -8.0059e+02
 -4.6984e+00   1.3292e+00
  8.1718e+01  -4.5407e+01
  1.5018e+01  -1.9124e+00
  9.7864e+00  -2.3525e+00
 -9.5059e+00   1.6868e-01
  8.2748e+00   9.4215e+00
 -4.8627e+00   1.7638e+01
  3.8443e+00   2.5083e+00
  2.1944e+00   1.8375e+01
  4.0857e+00   1.5518e+01
  5.9115e+01  -1.2371e+01
  6.0792e+01   5.8936e+01
 -2.5170e+01  -1.8065e+01
 -3.1401e+00  -1.5507e+01
  1.9629e+02  -1.5104e+02
  2.4573e+02  -4.7019e+02
 -4.9397e+00  -2.8036e+01
 -1.0056e+02   9.9453e+01
 -1.2133e+01  -1.2524e+01
  3.5123e+00   3.1737e+01
 -3.3811e+01  -2.6006e+01
  3.7687e-01   6.3021e+00
  4.9255e+01  -1.0993e+01
 -1.4402e+01  -2.8390e+00
  1.3307e+01   2.7133e+01
 -3.7754e+00  -6.5020e+00
  4.0365e-01   1.4234e+01
 -2.2289e+01   1.8984e+01
 -2.0431e+02  -7.3789e+01
 -9.8377e+00  -4.8531e+01
  5.1480e+01  -1.9011e+01
  3.8696e+01   1.8989e+01
 -1.0608e+01  -2.9411e+00
  4.3598e+00   6.8148e-01
  2.7578e+01  -3.3280e+01
 -6.8729e+00   9.6165e+00
  1.5236e+01   4.0220e+01
 -1.2503e+02  -1.6986e+01
 -3.0850e+00  -1.0213e+01
  6.2921e+00   1.2503e+01
 -1.2636e+01   2.2441e+01
  3.0989e+00  -7.6055e+00
 -6.0999e+00   2.1317e+01
 -9.4617e+00   2.5424e+01
 -1.6088e+00   7.3863e+00
 -3.9378e+01   3.7588e+00
 -1.3453e+01  -1.1369e+01
 -1.9316e+02   4.4678e+02
 -2.1219e+01  -6.5162e+00
  6.3395e+01   1.4490e+01
  1.1362e+01  -1.8901e+01
  2.6512e+02  -1.0253e+02
 -1.2639e+01   1.2958e+01
 -8.7636e+02   1.0670e+03
 -9.4157e-01   2.2622e+01
 -1.3882e+01  -5.6306e+01
  2.8667e+01   5.1077e+00
  2.2466e+01   3.2594e+01
 -2.0293e+01   2.1261e+01
 -2.3358e+01   2.1902e+01
 -6.3696e+00   6.4264e+00
  3.1339e+01   3.8683e+01
 -1.6873e+02   7.7576e+01
 -1.9062e+02  -1.6167e+02
 -3.2130e+01  -1.3225e+01
 -1.1626e+01  -2.7066e+00
 -1.3737e-01   6.0533e+00
  2.9805e+01  -2.5291e+01
 -1.9374e+01   1.0025e+01
  1.3474e+00  -1.8712e+01
 -2.4641e+01  -4.7603e+01
  1.9397e+02   1.5475e+02
 -4.5324e+01   1.1586e+03
 -9.9127e+02  -4.3740e+02
  2.3457e+00  -5.5890e+00
 -9.5434e+01   4.9667e+01
  2.9173e+02  -1.4183e+01
 -2.2723e+01  -7.4165e+00
  4.6012e+02  -2.4230e+02
  5.0116e+01  -1.7784e+01
  4.4073e+00   1.4108e+01
 -4.7313e-01   2.7850e+00
  8.6095e+00   4.9865e+00
 -4.1569e+01   2.2205e+01
 -3.2636e+01   3.9173e+01
 -2.1550e+01   4.3840e+01
  1.5461e+00   1.8148e+01
 -1.4218e+01  -1.3409e+01
  1.6495e-01  -8.2907e+00
 -1.1727e+01  -3.6677e+00
  1.0971e+00  -1.8851e+01
 -2.9634e+00   2.2577e+00
 -4.8233e+01   4.7833e+01
 -9.2639e+01   1.4253e+02
  3.8283e+01   2.9321e+01
 -1.5773e+01   5.0658e-01
 -1.6770e+01  -4.8907e+00
 -3.5412e+01   6.5945e+01
 -2.5909e+02   1.0846e+02
 -6.9450e+00   2.7432e+02
  7.6147e+00   6.8842e+00
  1.2533e+01  -1.0880e+01
  6.9954e+01   1.4964e+02
 -4.7396e+02  -2.8168e+02
 -1.3578e+01  -4.2066e+01
  1.1228e+01  -6.1472e+01
  1.9172e+00   4.9381e+00
 -4.6050e+00  -9.4027e+00
  2.2968e+00   5.1116e+00
 -7.2151e+01  -7.3968e+01
 -3.0314e+01   8.3703e+00
 -5.5803e+00  -6.5281e+00
  2.5631e+01  -3.2080e+01
 -5.1743e+00  -1.2077e+00
  4.2622e+00   6.2859e+00
  1.1362e+01   1.6779e+00
  2.1310e+02   6.1639e+00
 -6.8921e+01  -1.0279e+01
 -2.9167e+01   5.9081e+00
  1.4328e+02   2.1130e+02
 -2.7856e+02  -9.9747e+01
 -2.2583e+01  -4.1998e+01
  1.7492e+00   4.6796e+00
  1.2693e+01  -2.8316e+02
  7.4502e+00  -1.2762e+01
  7.3434e+01  -6.8499e+00
 -9.8943e+00  -4.8039e+00
 -4.2669e+01   5.7536e+01
  4.0851e+00   1.5026e+01
 -4.9080e+00   6.2435e+00
  1.0360e+02  -2.5266e+01
  4.2741e+02   4.9222e+02
 -3.2653e+01  -4.8219e+01
  5.7276e+00   7.7747e+00
  4.0189e+01   1.4901e+00
  2.5317e+00  -2.3807e+01
  6.9585e+00  -4.2636e+00
 -1.7102e+01  -2.7099e+00
  8.0234e+00   1.3844e+01
  7.0011e+01   2.3865e+01
 -5.1494e+00  -2.3336e+01
 -6.8301e+01  -4.1613e+01
 -4.0959e+00  -2.4017e+01
  7.8624e+01   2.7089e+01
 -1.7538e+01  -3.1369e+00
  1.1897e+01   1.7214e+00
  1.1690e+01   6.5218e+01
  3.4483e+01   2.9870e+01
  1.2576e+01   2.1850e+01
  5.8766e+00  -1.7345e+01
 -7.6596e+00  -2.5098e+01
  1.2539e+02   9.2057e+00
  1.1402e+01  -3.0635e+01
  9.0121e+00  -1.5187e+01
  6.5567e+00   7.0509e-01
 -1.0297e+01   3.0224e+00
  8.9294e+01   2.2286e+01
 -1.2778e+02  -2.2094e+01
  8.1266e+00  -9.9540e+00
 -1.2149e+00   3.4711e+01
 -4.1138e+00   1.1316e+01
 -1.1420e+01   1.1079e+00
 -3.2054e+00  -1.5370e+01
  3.5174e+00  -6.0872e+00
  9.3488e+00   1.0575e+01
  4.7028e+01  -5.3663e+01
 -5.2533e+00   1.1293e+00
  5.7405e+00  -5.4620e+01
  1.6084e+01  -1.5510e+01
  2.8586e+01   9.6951e+01
 -1.7670e+01   1.6840e+01
 -3.5529e+00   1.1221e+01
 -3.8200e+00   4.8304e+00
 -5.8119e+01  -9.7218e+01
 -7.5229e+01  -1.4593e+02
 -2.8618e+01   5.7849e+01
 -1.1699e+01   9.3152e+00
  1.7129e+01  -5.9340e+00
  1.0632e+01  -6.3258e+00
  2.8619e+01  -2.4658e+01
  2.2013e+01   2.3653e+01
  7.2348e+00   2.8934e+01
 -7.6083e+00  -8.0535e-01
 -9.3720e+00   1.6007e+01
 -3.9004e+01  -4.4191e+00
 -1.8444e+01  -4.0112e+00
  2.2069e+00   2.1636e-01
 -5.4067e+01   2.4335e+00
  1.3495e+00   3.3746e+00
  1.1109e+01   7.7741e+00
  2.8490e+02   1.2160e+02
 -3.2010e+01  -2.3093e+01
  2.5375e+00  -7.6329e+00
  3.1434e+01  -2.3720e+01
  4.4741e+00  -8.2867e-01
  1.2327e+01  -8.0569e+00
  7.8427e+01  -3.0522e+01
  1.1580e+02  -9.1794e+01
 -5.6709e-01   2.0099e+00
 -4.9859e+01   2.1965e+01
 -7.1767e+01  -2.5205e+02
  2.7786e+01   1.4631e+01
 -6.6679e+01  -1.5718e+01
 -4.8337e+01  -4.5039e+01
 -1.9526e+01  -2.2771e+01
  1.9832e+01   1.1037e+02
  4.4436e+01  -8.4836e+01
 -6.6459e+01   3.0648e+01
 -3.2804e+01   2.7461e+01
  1.2668e+01   1.3834e+01
  1.6974e+00  -1.4973e+01
 -5.9656e+00   1.1007e+01
  1.0037e+01  -8.9007e+00
  5.2042e+00  -9.1358e-01
  7.1176e+02   7.7473e+01
 -1.4098e+03  -4.9958e+03
  1.8492e+01   9.8547e+00
  1.0347e+02   8.1190e+00
  9.5987e+00   1.6468e+01
 -3.4015e+01   3.8892e+00
 -6.7715e+00  -5.2298e+01
  1.3449e+01  -4.0717e+00
  3.7896e+01   2.1537e+01
 -7.4863e+00   7.8104e+00
  6.1860e+01   2.5687e+01
 -4.0056e+01   2.6849e+01
  2.3085e+02   2.5535e+02
  2.3581e+00   6.3918e+00
  4.0199e+01  -1.8804e+01
  3.2277e+00   2.3412e+01
  2.2034e+01  -3.3259e+01
 -4.2681e+01   7.4782e+01
  2.1262e+01  -5.8784e+00
  6.7251e+01  -8.1023e+01
 -8.6080e+01  -1.3673e+00
 -4.2345e+00  -3.9203e+01
 -2.3475e+00  -5.5096e+00
  4.8985e-01   7.8857e+02
  8.5402e+01   6.1553e+01
  5.8075e+00   4.7475e+00
  1.3655e+01   6.7791e+00
 -4.1101e+00  -5.0277e+00
  8.7289e+00   4.4291e+00
  6.0202e+00  -1.5631e+01
 -1.5863e+00   5.8737e+00
 -1.6749e+01  -4.0983e+00
  7.6714e+02   2.3950e+02
 -5.4035e+00  -1.2060e+01
 -2.0993e+01  -5.6384e+01
 -3.1657e+01   1.4260e+01
 -1.0998e+02  -6.0318e+01
  1.2862e+02  -3.4190e+01
 -6.1633e+00  -2.6393e+01
 -9.8385e+00   1.8164e+01
  2.9615e+01   1.8978e+01
 -8.9564e+00   9.3707e+00
  2.4401e+01   2.2945e+01
  6.1479e-01   4.4159e+00
  1.1642e+01   2.0235e+01
  6.7988e-01   2.7493e+00
 -2.1702e+01   3.8851e+00
 -1.4030e+01  -2.1340e+01
 -1.4516e+01   1.0636e+01
  5.5275e+00   1.4821e+01
  4.3984e+01   2.5188e+01
 -2.2916e+00   3.8108e+00
 -5.9908e-01  -9.1584e+00
  4.3759e+01  -8.9675e+01
  4.1685e+00  -1.9680e+01
  9.9030e+00   1.0084e+01
 -1.3871e+00   3.4080e+01
 -3.3070e+01  -1.0637e+01
  8.5912e+00   8.4979e+00
 -2.6644e+01   3.6124e+01
  2.6105e+01   8.2768e+00
 -1.2449e+01  -2.8943e+01
 -2.7340e+03  -5.6003e+03
  1.3400e+00   1.2467e+01
  2.0573e+01  -9.6906e-01
  4.2783e+01   7.1387e+00
  3.0450e-01   1.0538e+01
  1.2683e+01  -2.2828e+01
  3.6980e+00  -6.7288e+01
 -2.3890e+01  -5.3158e+01
 -1.4432e+02   2.6400e+01
 -3.4029e-01  -6.7228e+00
  3.0479e+00   7.2668e-01
  1.6518e+03   3.9885e+01
 -1.4315e+01  -1.5244e+01
  3.9802e+01   5.5964e+01
 -1.7684e+01  -1.9524e+01
 -5.7429e+01   3.4905e+00
 -9.3127e-01  -1.6363e+01
  6.2548e+01   9.7751e+01
 -4.9070e+01  -7.2265e+00
 -1.5748e+01  -5.8511e+00
 -1.6548e+01  -1.0343e+01
  6.8345e+01   2.3143e+02
  9.7400e+01  -1.1244e+02
 -2.9547e+00   5.3788e+00
  5.4139e+01  -1.1655e+02
  4.9782e-01   3.7431e+01
 -1.2539e+01   3.4452e+01
  4.5855e+00   2.0054e+01
 -5.3798e+02  -4.7849e+02
  8.7284e+02  -1.0807e+03
 -9.1630e+00  -5.4689e+01
 -3.0474e+00   2.1902e+01
 -7.5979e-01  -1.2760e+01
  1.9047e+01  -1.7446e+01
  1.9665e+02   1.0586e+02
  2.0698e+01   1.5462e+02
  5.8427e+00  -1.4476e+01
  5.7011e+01  -1.1639e+02
  1.9408e+01  -2.8219e+02
  2.0431e+01  -7.6919e+00
 -7.0655e+00  -9.8343e+00
  1.1273e+01   1.5941e+01
  8.2825e+00   2.5067e+00
 -4.9820e-02  -8.5921e+00
 -1.9145e+01  -1.3689e+01
  1.2105e+01  -8.1120e+00
  1.4243e+01   8.1791e+00
  1.8163e+02   3.2277e+01
  3.5760e+01  -9.6181e+00
 -7.0722e+00  -4.0646e+01
  3.3113e-01  -2.9858e+00
 -2.5447e+02   4.6251e+02
 -9.3564e+00  -3.6089e+00
  3.9955e+01   2.6686e+01
 -3.3010e+01   2.9151e+02
  4.3948e+01   8.3833e+01
  1.5491e+01   6.6499e+01
  2.1840e+01  -2.8208e+00
 -7.8558e+00  -7.1379e+00
 -4.0548e+01  -1.7927e+02
 -7.3348e-01  -8.7191e-01
  1.2659e+01  -1.5609e-01
  1.3351e+01  -2.2087e+00
 -4.3069e+00   1.7921e+00
 -1.6344e+01   2.9262e+01
  7.2322e+00  -6.2863e+00
  4.1225e+01   3.1582e+01
  2.0908e+01   3.9350e+00
  3.5453e+01  -2.5921e+02
 -3.3188e+01  -4.3989e+01
  1.0034e+02   1.3081e+01
 -4.8270e+01   3.9525e+01
  9.7987e+01   3.8316e+01
  5.1611e+00   4.8206e+00
  9.9165e+00   1.5276e+01
  5.3535e+00   1.3646e+01
 -2.2930e+01   1.8710e+01
  2.2610e+01   8.3547e+00
 -3.2797e+01  -7.7518e+00
  3.6614e+01  -3.8524e+01
  2.0752e+00   1.6913e+01
  1.7449e+02  -5.7438e+01
  1.3526e+02  -4.3490e+01
 -3.5372e+01   2.8976e+01
 -2.0602e+02   1.5938e+02
  1.3347e+01   2.0745e+01
  8.3744e+00  -1.8715e+01
 -3.2238e+01  -1.0796e+01
  1.1326e+02  -3.5146e+01
 -8.2530e+01  -2.9724e+01
  8.5689e+01   2.6915e+01
 -5.0427e+00  -3.7619e+01
 -2.7346e+01  -2.5134e+01
 -6.4102e+00   7.2243e+01
 -4.3395e+02   1.6318e+02
 -1.2344e+03  -1.2009e+03
  1.8138e+01  -1.1601e+01
  2.6011e+01   6.1422e+01
  1.9534e+01   5.3121e+01
 -6.0634e+00  -1.5289e+01
 -1.4373e+01   3.5876e+01
  2.5103e+01   1.9441e+01
 -8.8624e+00  -3.7373e-01
 -6.8096e+01  -7.7166e+01
  5.3405e+02   4.9227e+02
 -1.6133e+01   1.9224e+02
  2.4216e+01   7.1366e+00
  1.5863e+01   2.2528e+01
 -1.2683e+01   1.6695e+00
 -1.9690e+02  -3.1523e+02
  5.5063e+01  -4.0688e+01
 -8.8259e+00  -2.2737e+01
 -4.8369e+00  -2.6247e+01
  2.3424e+02   5.0255e+01
 -1.3838e+02  -6.5085e+00
  1.4999e+01   7.5955e+00
  5.7750e+00  -5.0287e+00
 -1.2664e+01   2.0136e+00
 -2.6823e+02  -2.7384e+02
 -1.0576e+01   1.2684e+01
  4.5058e+01  -2.4385e+01
  6.8513e+00   2.0812e+00
 -8.3347e+00  -6.4531e+00
 -3.8275e+01   3.5401e-01
 -5.3898e+00  -5.6353e+00
 -1.1134e+00   8.9002e+00
  2.0340e+01   3.2260e+01
  2.7379e+03   5.6040e+03
 -5.7910e+00   9.4600e-01
 -1.7104e+01  -5.5490e+01
 -1.9007e+00   2.8054e+01
  1.7271e+01   2.1286e+00
 -3.3066e+01  -1.6936e+01
 -2.5997e+01   5.1110e+00
  3.8061e+00   5.2186e+00
  1.4146e+01  -3.2886e+01
 -2.4074e+01  -1.5973e+01
  2.5256e-01  -4.9416e+00
  1.4100e+00  -9.7849e+00
 -3.5036e+01  -3.2823e+00
 -5.9431e+01   3.2980e+01
 -3.0893e+00  -2.7352e+01
 -1.6575e+03  -4.5390e+01
  3.6821e+02  -1.6161e+02
  6.9030e+00   7.1282e+00
  1.0169e+01  -1.8088e+01
 -3.4982e+01  -1.6537e+00
 -4.4341e+01  -5.4402e-01
  1.4493e+01   3.8672e+01
 -4.9370e+01  -1.0925e+01
 -9.3885e+01  -7.0324e+00
 -1.0455e+01  -2.9352e+01
 -7.7047e+00  -1.0380e+01
  1.1864e+02   6.7275e+01
  4.0342e+01  -1.7764e+01
 -1.8465e+01   2.5097e+01
 -1.5611e+01   1.7663e+01
 -4.8359e+01   8.2232e+01
  2.7210e+00   3.1329e+00
 -2.4759e+01   5.0088e+00
 -9.6028e+00  -1.0822e+01
  1.8468e+01   3.6675e+01
 -2.2988e+01   5.2927e+01
 -6.2589e+00   1.6042e+00
  3.3948e+01   6.4276e+00
  2.0131e-01   1.5713e+01
  1.0846e+01   1.1344e+01
 -1.8422e+01   1.8191e+01
 -7.8133e-01   1.3826e-01
 -1.3374e+02  -1.7334e+00
  1.0974e+01   4.1602e-02
  3.5286e+00  -3.4763e+01
  3.5782e+00   2.9821e+00
  4.9719e+01  -5.0540e+01
 -1.3239e+01   9.7266e+00
  5.7217e-01  -2.5813e-01
  4.2245e+01   2.9745e+00
  4.0248e+01  -8.1823e+00
  4.1360e+01   9.3241e+00
  2.1577e+01   2.3699e+01
  4.2274e+00  -5.9494e+00
 -2.3251e+01  -2.3076e+01
  2.8130e+01   6.0329e+00
 -9.0259e+01   3.1397e+01
  2.8403e+00   1.1755e+01
  2.5491e+01   4.1465e+01
 -4.8823e+02   8.3317e+02
 -1.3912e+01  -4.7747e+00
  1.0880e+01  -1.9944e+01
  2.1851e+02  -1.8843e+03
 -9.5766e+00  -3.8646e+01
 -2.1295e+01   7.4943e+00
  6.6879e+00   9.7724e-01
 -1.0137e+01   1.2090e+01
  2.1995e+01   1.0952e+01
 -2.0374e+01   3.2915e+01
  4.2360e+00  -4.3910e+01
  5.0946e+01   1.6353e+01
 -8.7008e-01  -1.1222e+02
  2.2369e+01  -2.2664e+01
  3.9276e+00  -9.6316e+01
 -5.5896e+00   3.0312e+01
  5.5348e+01   2.3133e+01
 -5.0064e-02   1.0626e+01
 -4.6853e+00   4.0830e-02
 -1.3110e+01   1.2006e+01
 -1.2353e+01   5.1131e+00
  4.8079e+01   1.2491e+01
  3.9204e+00   9.1888e-01
 -8.4954e+00   5.1694e-01
  1.2125e+01  -6.2888e+00
 -2.5447e+00   5.2256e+00
  1.4216e+01   5.7931e+00
 -4.1875e+00   1.3569e+01
  7.7812e+01   6.9285e+01
 -1.0456e+01  -1.8215e+01
  3.0282e+00   7.3721e+01
 -6.2180e+00   8.5867e+00
 -5.1039e+01   3.1144e+01
  8.4296e+00  -1.0916e+01
 -2.6780e+02   4.4622e+01
  1.3847e+01   7.4387e+00
  2.2837e+01  -2.7729e+01
  1.7692e+01   1.0583e+01
 -1.5876e+01   3.4724e+01
  2.1853e+02  -4.6023e+02
 -1.2873e+01  -1.0692e+01
  5.5730e+01  -3.1706e+01
 -1.0442e+01   1.5720e+01
 -9.2867e+00   9.2487e+00
  1.9316e+01  -3.7735e+00
 -2.5178e+00  -1.9597e+01
 -2.3395e+01  -2.2308e+00
  3.5756e+00   2.5650e+00
 -9.9964e+00  -1.2378e+01
  2.9588e+00  -1.8169e+01
 -8.1928e+01  -6.2294e+01
 -1.8682e+01  -2.5596e+02
 -5.5350e+02   5.1340e+02
  2.6659e+01   5.7303e+00
  1.7207e+00  -1.1986e+01
  2.5044e+00   2.6410e+01
  9.3432e+01   7.6043e+01
 -2.0401e+01   2.4153e+00
 -2.0727e+01  -9.1420e+00
 -7.9094e-02  -2.5755e+00
 -1.0571e+00  -1.0140e+01
 -2.8066e+01  -5.1411e+01
  9.4801e+00  -9.2640e-01
  5.0489e+01  -3.3511e+01
  5.6189e+00  -1.4703e+01
  5.6450e+01  -1.2648e+01
 -3.1428e+00  -2.6251e+00
 -1.8049e+01   5.6894e+00
 -6.1115e+00   2.3519e+01
 -4.3588e+02  -4.9501e+02
 -8.9110e+00  -1.1715e+01
  4.3322e-01   1.0445e+01
  2.5837e-01  -1.7654e+00
 -1.1654e+01  -2.7361e+01
 -5.2932e+00  -1.6552e+01
 -6.3257e+00   1.3536e+01
 -7.3057e+01  -8.7192e+01
 -2.2329e+02  -7.1561e+01
  2.5916e+01  -2.0423e+01
 -1.0480e+00   2.5189e+00
 -3.8139e+02  -8.5072e+01
  4.3650e+01   7.7736e+00
  8.6624e+00  -1.6021e+01
 -2.2638e+01   6.7578e+00
 -3.5954e+02   1.6744e+02
  1.9667e+00  -7.1153e+00
 -9.3585e+00   6.4814e+01
 -1.6080e+01  -9.5015e+00
 -3.0768e-01   4.0374e+00
 -3.5930e+01   2.5587e+02
 -2.8178e+01  -4.6829e+01
  7.5678e+01  -4.3117e+01
 -4.5891e+01   6.4718e+01
  2.0482e+01   1.2291e+01
  2.8306e+01   1.8304e+00
 -3.5490e+00   2.5806e+01
  8.9935e-01  -4.2906e+00
 -1.0727e+02   2.4982e+02
 -1.1146e+00   5.4019e+01
  6.6347e+00  -1.3248e+01
  2.9371e+00   3.1252e+00
  7.0573e+00  -1.9111e+00
 -1.6528e+01   4.1479e+01
  4.5092e+00  -1.3603e+01
 -5.7571e+01  -5.0781e+01
 -2.1222e+01  -3.5727e+01
 -4.7582e+01   7.8823e-02
 -1.8988e+01   3.0021e+01
 -9.6686e+00  -4.0750e+00
 -1.3565e+01  -3.0071e+01
 -1.9989e+00   1.0572e+00
 -2.5645e+01  -9.1326e+01
  3.1125e+01  -7.3308e+01
  5.0432e+00   3.2905e+00
  1.0666e+01   4.7160e+01
  1.5230e+01  -1.8106e+01
 -3.8184e+01  -2.8304e+01
 -2.5374e+01  -3.9053e+01
  2.8035e+01  -1.7803e+01
  5.2342e+00  -1.6645e+01
 -8.3560e+00   5.4199e+00
  1.0114e+00   6.5231e+00
 -6.6469e+00  -1.7124e+01
  4.8329e+00  -2.6888e+00
  4.5576e+00  -2.8054e+00
 -1.1494e-01  -1.3165e+01
  2.2385e+00  -7.6024e-02
  5.5218e+01   7.1933e+01
  5.8089e+00   7.9159e+00
 -6.7585e+00  -4.4060e+00
  5.7313e+01  -3.0663e+01
 -7.2430e+00  -2.2436e+01
  1.0490e+02  -1.8275e+02
 -1.7494e+01   2.3772e+01
 -2.4832e+01  -6.4981e+00
 -1.9666e+01  -9.6066e+00
  7.9848e+00   5.9485e+00
  1.0208e+00   2.2951e+00
 -6.2160e+01   1.1386e+02
 -6.9665e+01   7.3056e+01
 -1.5784e+03  -5.2628e+01
 -2.9233e+02  -4.6494e+00
  6.0909e+00  -7.7460e+00
  2.2934e+00   1.9068e-01
  2.3477e+01   6.5311e+01
  6.1461e+02  -7.6932e+02
  2.2298e+01  -2.2396e+01
  9.5402e+02   4.4709e+02
 -7.2535e+02  -3.0586e+01
  7.2313e+00   2.8898e+00
 -1.0957e+01   1.9494e+01
 -1.5192e+02   4.2029e+02
 -8.5173e+01  -1.1011e+02
 -3.9918e+01  -1.4981e+01
  3.6101e+00   5.2575e+00
 -5.4329e+01  -9.1162e+00
  5.1468e+02  -1.3832e+03
  2.8482e+00  -8.6723e+00
 -7.2331e+00   1.5603e+01
  3.7197e+01   1.1847e+01
 -4.4456e+01  -6.2763e+01
  3.7270e+00  -1.6675e+00
  6.6080e+00  -4.8857e+00
  2.3680e-02  -1.5498e+01
  3.5749e-01  -6.8923e-01
  1.2903e+02  -2.2163e+02
  2.3320e+01  -1.1507e+03
  7.8794e+01   9.6439e+01
 -1.0814e+01  -2.2581e+00
  3.0491e-01   1.7703e+01
 -2.0311e+00  -4.7635e+00
  6.4195e+00   8.2125e+00
  3.9114e+01   9.0576e+00
 -1.1164e+01   2.1222e+01
  3.1384e+01  -7.4342e+00
 -7.5673e+01   9.4418e+01
  7.5604e+01  -1.1705e+01
  1.2338e+02   2.2967e+01
  1.3101e+00   9.0829e+00
  1.0716e+01   2.0681e+01
  4.7010e+02   2.8359e+02
 -7.5394e-01   1.4623e+00
  5.0558e+01   1.3990e+02
  2.0270e+01   5.2567e+00
 -5.6372e+01  -6.2579e+01
  6.7138e-01  -9.6350e-01
  3.8114e+00  -8.0888e+00
  1.2860e+01   2.2496e+01
 -1.1203e+02  -4.4278e+01
  1.5341e+02  -6.0782e+02
 -1.1410e+01  -7.4721e+00
 -1.4225e+01   2.4476e+01
  3.7068e+01   1.2127e+01
 -2.4421e+01  -2.0351e+01
  4.5792e+01   2.7850e-01
  8.5952e+00  -1.9094e+01
 -9.9911e+00  -4.3230e+00
 -3.6202e+02  -1.2101e+03
 -1.6254e+02  -1.7977e+02
 -1.6046e+01   4.4508e+00
 -5.7054e+01   8.0085e+00
  2.6328e+00  -7.7331e-01
 -1.6418e+01   4.2333e+00
 -4.3796e+00   1.2271e+00
 -1.6438e+02   1.2033e+02
 -1.2667e+01  -1.1058e+01
 -1.4304e+01   1.1163e+01
  7.1290e+00  -2.2249e+00
  1.2818e+01  -4.0397e+01
 -1.6251e+01   5.7829e+01
 -1.4592e+01   6.7555e+01
  4.8918e+01  -2.4356e+01
  1.3930e+02  -4.2392e+02
 -4.1716e+02   1.8139e+02
 -5.0595e+00   1.1628e-01
  2.0997e+00  -3.1397e+00
  1.0717e+00  -1.7891e+01
 -1.9073e+01  -6.0050e+01
  1.1662e+01  -1.8191e+01
 -2.9099e+02  -1.4335e+03
 -6.5322e+00  -2.9887e+00
  2.5896e+02   2.7764e+02
  4.7290e+00   5.0669e+00
 -1.3627e+01   7.8806e+01
  1.2735e+01   2.2294e+01
 -6.7108e+00  -4.1654e+01
  1.8176e+01  -4.9485e+01
 -1.0918e+00  -3.1710e+00
 -1.2776e+01   3.4620e+00
  1.4153e+03   4.9881e+03
 -1.0715e+01  -3.2981e+01
  4.8520e+00  -4.8578e+00
  8.2488e+00   1.1548e+01
  1.9451e+01  -7.0563e+00
 -9.8886e+01   1.6295e+01
  7.4896e+00  -4.9022e+00
  3.4236e+01   1.6681e+01
  4.6137e+01   1.0100e+02
 -3.4424e+01  -1.3219e+01
  2.8566e-01   4.5535e+00
 -4.9913e+01  -7.4602e+01
 -5.0170e+00   8.6480e+00
 -8.7568e+01   8.0454e+00
  1.5135e+01  -6.5515e+01
 -1.1159e+00  -3.7303e+00
 -2.9584e+01  -1.1410e+01
  3.3820e+01   1.0159e+02
 -1.7808e+01  -1.5329e+00
 -1.0895e+02   2.1816e+01
 -2.3266e+01   1.6749e+01
  1.3421e+01   1.3809e+01
 -2.2068e+01   1.3389e+01
  1.7180e+01   1.4552e+00
