  1.0839e+00  -8.5626e+00
 -3.3249e+00  -1.5729e+00
  5.5951e+00  -5.6063e+00
  8.8739e+00  -3.0901e+00
 -1.2743e+01  -1.3745e+01
 -3.7456e+00  -1.0142e+00
  6.3368e-01  -4.4667e-01
 -4.7929e+00  -5.7638e+00
  4.4078e-01   3.0879e-01
 -8.7140e+00  -4.3998e+00
  5.9891e+00  -7.0094e+00
  2.7529e+00  -6.1714e+00
 -8.0059e-01   5.0080e+00
 -8.1439e+00  -4.0513e-01
 -3.5570e+00  -9.7547e-01
 -6.0346e+00   6.3416e+00
 -4.9385e+00  -2.2726e+00
  9.8084e-01   2.4595e+00
  4.0819e+00  -4.9437e-01
 -8.7496e-01   4.9764e+00
  5.8091e+00   1.0492e-01
 -1.0835e+00   2.5246e-01
 -2.9711e-01  -2.4045e+00
 -7.2387e-01   9.8971e-01
 -3.0267e+00  -5.5924e+00
 -1.7526e+00   1.2747e+00
  2.8488e+01   7.1153e+00
  3.9006e-01  -6.8774e-01
  7.8727e-02   5.8385e+00
 -7.6773e+00   3.7824e+00
 -6.1446e+00  -6.2912e-01
 -5.4423e-01   1.0302e+01
 -1.9684e+00   4.2825e-01
 -1.6726e+00   8.6521e-02
  8.3797e+00   4.4022e+00
  6.9376e-01   2.7198e+00
  3.5530e+00   9.5392e+00
 -3.1700e+00  -5.0968e+00
 -2.6381e+00   4.3325e+00
 -3.8029e+00   2.7322e-01
 -6.0815e-02   4.1668e+00
  6.2666e-01  -2.2863e+00
 -3.1494e+00  -6.9275e-01
 -3.0971e+00  -1.2691e+00
  5.4018e-01  -1.2867e+00
 -6.4512e+00   2.1274e+00
 -1.0762e+00   5.0200e+00
 -5.3761e-01  -8.0686e+00
 -2.9823e+00   1.0759e+00
  5.5019e+00   4.4158e+00
  5.9965e+00  -3.2022e+00
 -3.7947e+00  -1.1476e+00
 -6.1315e+00  -1.5443e+00
  3.2824e+00   2.9996e+00
 -7.3188e+00  -1.4830e+00
  3.5657e-01   2.3266e+00
 -1.4851e+00   5.4526e+00
 -2.4826e+00   5.2910e+00
 -8.3378e+00   4.5200e+00
 -2.3341e+00  -6.7251e-01
  4.6704e+00  -2.1619e+00
  2.0453e+00   4.6241e+00
  1.7172e+00  -4.0017e+00
 -2.3117e+00  -3.8235e+00
  3.2674e+00  -1.9562e+00
 -6.1325e+00   5.8777e+00
  8.5205e+00   3.0236e+00
  8.6213e+00   2.4274e+00
  4.3067e+01  -1.6632e+00
  9.2321e-01  -2.8526e+00
 -1.6197e+00  -7.1524e+00
 -9.0168e+00  -3.6204e+00
  2.8635e+00  -8.3743e+00
 -1.0347e+00   3.8512e+00
  1.4112e+01  -2.9699e+00
  1.3963e+00  -2.8986e+00
 -7.3890e+00   4.9593e-01
  1.1631e+00   1.5054e+00
  4.0961e+00  -2.3185e-01
 -2.2879e+00   1.3216e+00
 -3.4598e+00  -2.6229e-01
  2.5567e+00   3.7999e+00
  5.7062e+00  -2.4892e+00
  9.9973e-01  -5.2434e+00
  6.0699e-01   2.2624e+00
 -6.2795e+00   1.1414e+00
  6.2131e-01   4.5008e+00
 -4.1955e+00   2.2003e+00
  9.3511e+00   9.9954e-01
 -1.6084e+00  -7.5436e+00
 -5.0687e+00   2.4139e+00
 -6.2792e+00  -2.7248e+00
  8.5329e+00  -1.9871e+00
 -1.9851e+00  -5.8951e+00
  2.3393e+00   4.5325e-01
  8.3631e+00  -2.7648e+00
 -3.6978e+00   7.5804e-01
  2.3404e+00  -4.9944e+00
  4.1410e+00  -3.7692e-01
  1.2392e+00  -8.3627e+00
  2.4567e+00   3.2923e+00
 -1.2402e+00  -8.1702e+00
 -2.6586e+00  -6.8818e+00
  8.0960e+00  -3.7006e-01
 -2.2710e+00   2.2916e-01
 -2.8961e+00   5.0917e+00
 -2.8230e+00  -2.7505e+00
  2.5701e+00   5.4362e+00
 -7.1386e-02  -5.9364e-01
 -5.5167e+00   2.8976e+00
 -2.1228e+00   7.3805e+00
 -2.2984e-01  -7.7483e-03
 -7.7016e+00   5.6368e+00
  8.6512e-01   7.1993e-01
 -2.5093e+00  -5.1438e-01
 -2.4562e+00   1.6718e-01
 -9.7245e-01  -1.3815e+00
 -4.9234e+00  -8.2248e+00
 -4.8576e+00   1.0212e+00
 -3.4969e+00   5.3116e+00
  1.8361e+00  -4.5077e+00
  2.6540e+00  -6.6674e+00
  3.0991e+00  -4.3985e+00
 -3.9042e+00   7.9198e-01
  9.4121e+00  -1.8354e+00
 -5.0068e-01   3.7050e+00
  1.6693e-02  -4.7210e-01
 -3.2316e+00   7.1972e+00
  2.0247e+00   9.6306e+00
 -1.8869e+00  -1.4521e+00
  4.9591e+00  -2.3722e+00
 -3.2035e+00   2.6416e+00
 -5.8658e-01   1.0782e+00
 -1.9927e+00  -1.8084e+00
 -3.8834e+00   7.2143e+00
  5.2392e+00  -1.1386e+00
 -3.4348e+00   9.1897e+00
  2.8884e+00  -6.7145e+00
 -8.6770e+00   3.2325e-02
  1.7348e+00   9.3063e-02
  5.5447e+00   5.6303e+00
 -6.3160e+00  -4.1788e+00
  1.9889e+00  -6.5180e-01
  1.6003e+00  -1.9646e+00
 -8.1487e+00   5.4068e+00
 -4.4311e+00  -7.3920e+00
 -3.5069e+00   1.1324e+00
  3.9898e+00   8.6426e+00
 -2.8833e+00   2.4655e+00
  8.9340e+00  -5.3536e-01
 -3.2598e+00  -1.1717e+00
  1.8945e+00  -3.6672e+00
 -1.1366e+00  -1.8920e+00
 -3.1010e+00   5.2114e+00
 -1.2092e+00   4.4464e+00
  3.9407e+00   6.7011e+00
 -5.3899e+00   6.1310e+00
  4.8370e+01   3.5229e+01
 -6.2621e+00  -2.2153e+00
  5.1700e+00   4.8165e+00
 -6.1860e+00  -2.4939e+00
  9.1735e+00   2.3263e+00
 -7.5528e+00  -1.7305e+00
  1.1479e+01   6.1051e+01
  1.3863e+00  -1.1037e+00
 -3.6196e+00   1.2492e+00
 -2.8086e+00  -2.4945e+00
 -4.1165e+00   6.1755e+00
  2.2730e+00   4.2820e+00
  1.3539e+00   2.2397e-01
 -6.5917e-01  -8.3488e+00
  1.1652e+00   1.0547e+00
 -7.9241e-03   5.8578e+00
 -7.2514e+00   6.0781e+00
 -3.0979e+00  -3.8702e+00
 -1.4113e-01  -5.1483e+00
 -2.0983e+00  -8.1805e+00
 -2.5819e+00   2.5311e+00
  2.6150e+00  -1.7884e+00
  1.6668e+00   3.4945e+00
  2.0880e+00   1.4799e+00
 -7.4448e+00  -8.3957e-01
 -1.4316e+00  -1.0083e+00
  3.5936e+00   4.3061e-01
 -7.2770e+00   4.9651e+00
 -5.1666e+00  -6.2001e-01
  2.4480e+00   1.1995e+00
  4.1618e+00   5.4874e+00
  1.9875e+00   4.8613e+00
  1.6550e+00   1.4943e+00
 -1.9656e+00  -4.9629e+00
  5.1379e+00  -2.7887e+00
  4.0913e+00  -6.7482e+00
 -5.7536e+00   4.3506e+00
 -4.9351e+00   3.9987e+00
 -9.6960e+00  -7.8855e-01
  5.0503e+00  -1.1784e+01
 -9.1282e-01  -1.8696e+00
 -2.3198e+00  -4.5309e+00
  7.2578e+00   5.7176e+00
  3.9160e+01  -3.4745e+01
 -8.3383e+00   2.1688e+00
  5.7868e+00  -2.4674e+00
  1.2059e+00  -7.2662e-02
  1.7568e+00  -2.9984e-01
  6.1481e+00  -2.0989e+00
  1.3789e+00   4.4715e+00
  3.2430e+00  -4.8148e+00
  8.9995e+00  -9.3712e-01
  3.4411e+00   7.5471e+00
 -1.2508e+00  -9.5881e+00
 -3.4436e+00   4.8752e+00
 -7.1981e-01   5.9413e-02
  5.7911e-01   3.4293e+00
  8.2951e-01   5.8803e-01
 -5.2407e-01   4.8771e+00
 -4.8013e+00   4.2818e+00
 -9.0021e-01   6.6108e-01
  2.6910e+00   4.2716e+00
 -3.8782e+00   6.5515e+00
 -1.9351e+00  -5.9606e+00
 -6.3016e-01  -1.2279e+00
  2.4995e+00   2.0773e+00
  1.5616e+00  -3.4393e+00
  1.1508e+00  -1.5093e+00
  2.2418e+01   8.7622e-01
  1.3576e+00  -5.8284e+00
  3.7994e+00   3.4760e+00
  7.5424e-01  -9.5105e-01
  2.4099e+00   6.2805e+00
  2.0233e+00   2.8252e+00
  3.0121e-01  -2.0333e+00
  8.1402e+00  -4.8096e+00
 -3.9415e-01   2.8010e-03
  2.6426e+00  -1.7049e-01
  3.6878e+00  -2.0819e+00
  3.0437e-01   7.9899e+00
 -8.2037e+00  -2.4766e+00
 -2.7190e+00   5.5302e+00
 -3.4609e+00  -7.7459e+00
 -6.4211e+00   3.0779e+00
  9.0036e+00  -9.2902e-01
 -3.7895e+00   4.3171e+00
  2.0737e+00  -4.5835e+00
  4.1264e+00   9.1968e-01
  1.8914e-01  -3.0967e-01
  1.6229e+00  -5.5541e+00
 -2.4329e+00   5.7645e+00
  7.5458e+00  -1.9700e+00
  6.2903e+00  -5.9101e+00
  2.3061e+00   1.5587e+00
  8.7437e-01  -8.2436e-01
 -3.5516e+00  -5.9815e-01
 -5.6156e+00   3.8605e-01
  2.4719e+00   3.8145e-01
 -2.5652e+00  -8.7286e+00
 -1.4677e+00   4.4546e+00
  3.6215e+00  -5.8174e+00
  2.1566e+00  -1.5222e+00
  3.0653e+00   3.7811e+00
  1.4111e+00  -4.9966e+00
 -2.5878e-01  -3.2213e-01
 -2.3885e+00  -4.8304e+00
  3.4244e+00   1.4861e+00
 -7.3390e+00  -5.1431e+00
  2.4122e+00   5.0916e+00
  2.6642e+00   6.5957e+00
 -5.1720e-01  -1.1061e-01
 -1.0499e+01   1.6335e+01
 -1.8422e+00  -6.0889e+00
 -3.4544e+00   1.0409e+01
 -1.3595e+00   6.5911e+00
 -6.2143e+00   3.3207e+00
  2.2491e+00  -3.3635e+00
  5.6308e+00  -2.3373e+00
  2.1072e+00  -2.4548e+00
  1.7453e+00  -6.5656e+00
 -2.8953e+00   9.2453e+00
 -5.2329e-01  -8.3734e-01
  1.0928e+00   7.3557e+00
 -3.6404e-01   4.0032e+00
  5.7429e+00  -3.0043e+00
 -1.2795e-01  -3.8726e+00
  2.1656e+00   1.9073e+00
 -6.6096e+00  -1.5675e+01
  9.2004e+00   1.9458e+00
  9.3217e-01   1.5875e-01
 -6.2201e+00  -4.7993e+00
 -2.6743e+00   1.5576e+00
  6.7173e+00   6.3221e+00
  2.7729e-01  -1.2292e+00
  4.8713e+00  -1.3281e+00
  2.7645e+00  -5.7644e-01
  7.5778e+00  -4.9678e+00
  1.4595e+00   2.1698e-01
  6.8546e+00   4.4305e+00
 -1.7138e+00  -3.5101e+00
 -3.2178e+00   1.5442e+00
 -1.5314e+00   2.2216e+00
  4.1796e+00  -4.4628e+00
 -4.2676e+00   4.8324e+00
  7.1870e+00   5.6137e-01
  2.0097e+00  -3.1339e+00
 -2.1813e+00   1.9548e+00
  4.1501e+00  -3.2645e+00
 -1.0193e+00   1.1653e+00
 -4.3507e-01  -9.7759e+00
  7.9954e+00   3.1659e+00
  3.9651e+00   2.2322e+00
  1.0578e+01   9.0218e-01
  6.4049e-01   7.5153e-01
  7.4065e-01  -4.8712e-01
  5.6244e-01   1.2518e-01
 -1.0907e+01  -2.8724e+00
  9.7301e-01   1.4335e+00
  8.2253e-01   1.0678e+00
 -1.9317e+00   6.6487e+00
 -9.0330e-01   2.4089e+00
  1.2571e+00  -4.3889e-01
  2.9872e+00  -2.7003e+00
 -1.8584e+00  -9.0098e-01
  3.3036e-01  -3.6893e+00
  9.1821e+00   3.5081e+00
 -6.2210e+00   3.6746e+00
 -2.7127e+00  -2.5317e+00
  1.9679e+00  -9.6267e+00
 -5.6762e+00   5.6617e+00
  4.7632e+00  -3.3052e+00
 -3.5034e+00   5.0653e+00
  1.3088e-01  -2.5785e+00
 -3.4523e+00   9.4409e-01
 -1.7354e+00   8.8491e-01
 -5.2785e+00   1.4675e+00
 -5.1401e+00  -8.2614e-01
 -1.4887e+00  -1.0148e+00
  3.9193e+00  -3.1910e+00
  9.8469e+00   1.6557e+00
 -2.8089e+00  -6.1935e+00
  6.5216e+00   4.7793e+00
  1.8455e-01   3.7472e+00
 -3.4408e-01  -4.5211e+00
 -3.4413e-01  -2.5025e-01
  8.3318e+00  -3.4512e-01
 -3.1262e+00   3.3245e+00
  7.0720e-01   2.8093e-04
  2.9159e+00  -4.0734e+00
  7.5545e-01   8.4417e-01
 -3.7450e-01   2.1923e+00
 -1.2041e+01  -1.3383e+01
  4.4617e+00  -1.1363e-01
 -7.8135e-01  -1.2639e-01
  7.1419e-01  -1.0687e+00
 -8.5182e-01   3.5222e-01
  2.1078e-01  -6.3225e-01
 -4.8970e+00   1.0851e+00
 -2.1457e+00  -1.9957e+00
  1.1525e+01   6.2666e+00
  5.9116e-01   3.0347e+00
 -3.0902e+00   2.5508e+00
  8.5121e-01   4.6388e+00
  2.0981e+00  -1.6031e+00
  8.9891e-01   4.3526e-01
  1.6176e+00  -3.6719e+00
 -4.5647e+00  -3.7861e+00
  4.5500e+00  -4.0986e+00
  8.1256e-01  -1.5623e+00
 -2.9304e+00  -7.9820e+00
  2.7604e+00   6.2916e+00
 -3.3314e+00   7.4358e+00
  1.2196e+00  -6.3493e+00
  4.3246e+00   8.8275e+00
 -8.3759e+00  -3.5677e-01
  5.6779e-01   3.2338e+00
  1.0189e+00   6.9264e+00
  2.8557e+00  -2.9648e+00
 -2.3462e+00   7.8485e+00
 -4.7021e+00   5.0209e+00
 -4.8524e+00   2.0142e+00
  6.9612e-01  -4.5623e-02
 -8.1035e+00  -7.5719e-01
 -5.2847e+00   4.7522e+00
  4.9730e+00   6.9838e+00
 -4.8768e-01   3.7485e-01
  4.2053e+00   3.9400e+00
  2.3333e+00   6.6132e-01
  4.3705e+00  -2.5701e+00
  1.2453e+00   2.1809e+00
  1.8184e+00   1.0877e-01
  9.1980e+00   1.3843e+00
 -2.1711e+00  -6.6069e+00
  1.5967e+00  -3.8770e+00
  6.6235e+00  -4.4146e+00
 -5.3215e+00   8.0964e+00
  5.0815e+00   3.0049e+00
  2.3631e+00   5.9740e+00
 -3.0319e+00  -6.5071e-01
  9.7771e-01   3.1635e+00
  3.7767e+00  -1.8022e+00
  8.5845e+00   2.0293e+00
 -7.3914e+00   9.0984e-01
 -1.7095e+00  -3.4267e+00
  4.9836e+00   9.3445e-02
  1.6930e+00   5.4610e-01
  2.1214e+00  -1.2555e+00
  1.2012e+01   6.8547e+00
  4.4323e+00  -5.4407e+00
  2.3900e+00  -5.1390e+00
  6.5087e+00  -4.9202e+00
 -2.8401e+00   2.6819e+00
  4.3942e+00  -4.5809e+00
 -4.7588e+00   1.4152e+00
 -6.3820e+00   5.0707e+00
  9.7325e-01  -3.3364e+00
 -2.0632e+00  -3.9409e+00
  3.2145e-01  -6.7607e+00
  8.7283e+00  -2.6292e+00
  2.6738e+01   3.1460e+01
 -2.9893e-01  -1.3125e+00
 -1.7798e+00  -3.5105e+00
 -3.6940e-02   2.7849e+00
  4.5918e+00   3.7800e+00
 -1.8262e+00   3.9966e+00
 -9.6526e-01  -1.1429e+00
  1.9171e+00  -8.1059e+00
 -1.0383e+00  -1.0575e+00
  6.0957e-01  -1.7278e-01
  1.8096e+00  -5.0533e-01
 -3.2388e-01  -1.0831e+00
 -7.2503e+00   2.3790e+00
  1.6147e+00  -2.5556e+00
 -2.4338e+00  -2.4571e+00
  1.9128e+00  -7.6547e-01
  2.5321e+00   5.0739e+00
 -1.9263e-01  -3.4434e+00
 -2.1517e+00   5.7220e+00
 -6.3738e+00  -3.5442e+00
 -2.6834e+00  -3.9175e+00
  2.1467e+00   5.0167e+00
 -1.5717e+00  -1.0377e+00
 -5.9372e+00   6.3713e+00
 -2.3796e+00   7.9160e+00
  6.1455e+00   2.1179e+00
  1.2958e+00  -6.1380e-01
 -5.4714e+00   7.9364e-01
  2.0508e+00   4.4955e+00
  5.4610e+00  -5.9850e-01
  2.8887e+00   8.0830e-02
  3.5922e+00   1.9829e+00
 -1.8732e+00   4.7576e+00
 -8.2628e-01   6.1114e-01
  7.4904e+00  -4.8187e+00
  7.7412e+00  -4.5315e+00
  6.7503e-01   8.5519e+00
 -5.5803e-01   7.3144e+00
  4.2534e+00   1.5537e+00
 -4.7994e+00   2.6378e+00
 -5.5604e+00   1.4135e+00
 -5.7693e+00   1.3703e+00
 -9.6944e+00  -4.6721e+00
 -3.0608e+00  -5.6627e+00
  4.1461e+00  -5.2047e+00
  1.7570e+00   2.0634e+00
 -2.0644e+00   7.4386e+00
 -1.9184e+00   1.8027e-02
 -3.0542e-01  -5.9601e-01
  2.8479e+00  -5.6765e+00
  7.9490e+00  -1.2177e+00
  8.5003e+00  -1.4989e+00
  2.4228e+00  -4.7509e+00
 -3.8967e-01  -2.6758e+00
 -1.2110e+00   1.1470e+00
  1.1267e+00   9.5842e-01
  2.8125e+00   5.2911e+00
 -5.2757e+00  -7.8134e+00
 -2.3754e+00  -1.1300e+00
  5.0549e+00  -5.3708e+00
 -4.2468e+00   5.4914e+00
 -4.5191e+00   6.5305e+00
  5.5565e+00  -7.3518e+00
 -3.1921e+00   1.7339e+00
 -2.5266e+00  -1.1001e+00
  4.6710e+00   4.7909e+00
  1.8586e+00  -3.4246e+00
 -1.0619e+00   4.3278e+00
  3.0665e+00  -5.2242e+00
  2.5254e+00   1.5497e+00
 -7.2340e+00   1.5865e+00
 -9.1016e-01   3.3294e+00
  2.0223e+00   2.0006e+00
  6.4116e+00   1.0797e+00
  3.0328e+00   2.6986e+00
  1.2847e+00  -5.7669e+00
 -4.3722e+00   4.2306e+00
 -6.6598e+00   3.9059e+00
 -1.5982e+00   4.5509e-01
  8.8416e+00  -2.5853e-01
  7.4688e+00  -5.5559e+00
 -4.6687e+00   5.5059e+00
 -6.0022e+00  -7.0349e-01
  2.3230e+01   2.9974e+00
 -6.9975e+01  -2.6362e+02
 -3.3485e+00  -2.9655e-01
  1.2766e+01   1.7772e-01
 -1.3369e+00  -3.4962e+00
  9.1507e-01   6.5255e+00
  3.2874e+00  -4.9422e+00
 -7.3555e+00  -2.9411e+00
  3.5706e+00   2.4709e+00
  3.6382e+00   3.9019e-01
  1.6884e+00   5.7485e-01
 -2.0302e+00   3.2385e-01
  1.0592e+01   1.3253e+01
  8.0932e+00   2.9122e-01
  1.3274e+00  -5.2530e+00
 -5.4006e+00  -2.1721e+00
 -1.7628e+00  -5.5675e+00
 -9.9643e+00  -4.0616e-01
 -1.3751e+00  -4.7935e-02
 -7.7280e-03   3.1181e+00
 -6.3071e+00  -1.0429e-01
 -3.7851e+00   2.1801e+00
 -9.0712e-01   1.4341e+00
 -6.4290e+00   1.4352e+00
 -3.2799e-01   5.6586e+00
 -6.3886e-02  -1.6144e+00
  4.6568e+00  -3.6078e-01
  2.9171e+00   3.9941e+00
  9.3279e+00   1.6546e+00
  3.4209e+00   7.0841e-01
 -4.8837e+00  -7.0085e+00
 -4.9380e+00   2.4734e+00
  5.4041e+00   3.1163e+00
 -1.4873e+00  -2.0699e+00
 -1.9038e-01  -2.9094e+00
 -3.6508e+00   4.4873e-01
  6.0503e-01  -1.3045e+00
  7.9930e+00  -4.9197e+00
  1.1432e-01   1.0336e-01
  6.7785e-01  -1.7774e+00
  4.4228e+00  -2.5607e-02
 -4.5741e+00  -2.2294e+00
  1.4390e+00  -3.8789e+00
 -4.4166e+00  -7.9422e+00
  5.4610e-01  -3.1877e+00
  7.2933e-01  -4.1983e-01
 -2.6910e+00   6.7932e+00
 -4.7377e+00  -8.2569e+00
  2.5220e+00  -3.3972e+00
 -1.5320e+00  -2.3725e+00
 -2.9669e+00   5.0666e+00
  4.3884e+00  -2.2425e+00
  1.4175e+00   4.5906e+00
  5.6528e+00  -6.5851e+00
 -5.5855e+00   6.0017e+00
 -5.6636e+00  -4.3755e+00
  6.5055e+00   1.3891e+00
  5.7970e+00   4.0885e+00
 -6.2221e+00  -7.6038e+00
  4.0107e+00  -7.1994e-01
  1.9977e+00   1.0156e+00
  1.6217e+00  -3.0867e+00
 -1.4156e+02  -2.8819e+02
 -3.4017e-01   8.9331e-01
 -2.4666e+00  -7.1849e-01
  4.6779e+00  -3.8433e+00
 -5.0907e+00  -2.6734e+00
 -5.2992e+00  -2.1897e+00
  5.3631e-01  -1.0137e+00
  1.1959e+00  -1.5231e+00
 -9.6303e+00  -8.5846e-01
  6.4397e+00   3.5981e+00
 -5.3587e+00  -3.1742e+00
  1.1249e+02   1.7313e+00
 -6.4011e-02   1.1438e+00
 -3.5158e+00  -1.2491e+00
  3.7937e+00   5.1716e+00
 -2.9576e+00  -8.8084e+00
  4.4072e-01  -3.4871e+00
  5.2035e+00   3.0563e+00
  2.4902e+00   3.0837e+00
 -1.8218e+00   1.1904e+00
  7.8650e+00   4.8806e-01
 -3.6354e+00  -1.2138e+00
  4.4283e+00  -2.8208e+00
 -3.9439e-01   3.6226e-01
  2.5893e+00   3.9910e+00
  3.7036e+00   1.6884e+00
 -4.6711e+00  -1.1010e+00
 -6.7289e+00   1.7115e+00
 -2.9018e+01  -2.5738e+01
 -3.7509e+00   8.6764e+00
 -3.3512e-01  -2.3357e+00
 -2.7286e+00   4.6832e+00
 -1.5147e+00  -1.0707e+00
  2.3964e+00   2.3693e+00
 -8.3162e+00  -6.1011e-01
 -1.3970e+00   4.5882e+00
 -2.8730e+00   8.1774e+00
 -1.5394e+00  -1.2310e+00
 -2.4346e+00  -1.6629e+01
  3.4142e+00   5.4241e+00
  4.4982e+00   5.7457e+00
  1.6940e+00  -5.7702e+00
 -8.1313e+00  -2.2974e-01
 -3.9047e+00   2.9417e+00
  2.3329e+00  -6.1383e-01
 -3.3473e-01  -3.9816e-01
  4.0923e+00   5.9576e+00
  9.2821e+00   2.1487e+00
 -5.1181e+00  -8.1954e+00
 -7.0985e-01   3.5962e+00
  5.5858e+00  -6.5833e+00
 -3.2156e-01   1.2691e+00
  1.5032e+00  -2.1555e-02
  1.7399e+00   4.1269e-02
 -6.3381e+00   2.4260e+01
 -4.3029e+00   2.9806e+00
  6.4001e+00   7.2464e+00
 -6.2352e+00  -5.6479e+00
  3.9904e+00   5.4837e+00
 -2.6201e+00  -7.0291e+00
 -6.0682e+00  -1.9708e+00
 -6.5009e+00  -5.8448e-01
 -1.3123e+00   3.3442e+00
  3.8215e+00  -3.4036e+00
 -1.5628e+00  -1.9039e+00
 -3.6594e+00   3.0390e+00
 -4.1283e+00   5.6225e+00
 -7.1215e+00  -2.8445e+00
 -1.8181e+00  -1.0784e+01
 -4.1114e+00  -6.3878e+00
 -3.0177e+00  -5.8216e+00
 -9.5924e-01  -3.3013e+00
  3.3377e+00  -7.5245e+00
 -5.0128e+00  -5.3803e+00
  5.3361e+00   1.1589e-01
 -1.6305e-01  -2.4498e+00
  2.5106e-01   2.9752e-01
 -1.5963e+00   9.4730e+00
 -1.0596e+00   3.2637e-01
  4.2735e+00  -8.5093e-02
  1.7878e+00  -6.3116e+00
 -3.2926e+00  -4.3289e+00
  3.8653e+00   3.3578e+00
 -7.7014e+00  -1.6859e+00
 -1.6602e+01   1.1741e+01
 -4.2971e+00  -4.2140e+00
 -5.2437e+00   1.4875e+00
  1.8397e+00   1.0668e+00
 -2.1087e+00  -2.0839e+00
 -8.8151e+00   3.1265e+00
  4.2029e+00   9.7084e-01
 -8.8899e-02   2.0962e+00
  3.6241e+00   1.8303e+00
  1.0950e+00   3.1560e+00
 -1.4150e+01   5.8807e-01
 -3.0038e+01  -4.0569e+01
 -1.0846e+00  -2.3559e-01
  7.7431e+00  -1.8840e+00
 -1.6272e+00  -3.1688e+00
 -7.4081e-01  -2.4330e+00
  2.8620e+00  -3.7331e+00
 -1.1467e+00  -2.2487e+00
 -1.3219e-01   8.6591e-01
 -2.5888e+00  -1.7748e+00
  3.6519e+01   3.3753e+01
 -9.5529e-01   1.4006e+01
  7.7723e+00   1.7919e+00
  1.3841e+00   3.3071e+00
 -4.5981e-01   1.5232e+00
 -7.6037e+00  -1.0523e+01
  5.3900e-01   1.6050e+00
  5.4262e+00  -7.4575e-01
 -4.0617e+00   2.6236e+00
 -2.9473e+00   7.0733e+00
  1.2372e+00   2.3501e+00
 -3.9406e+00  -3.2220e+00
  5.5101e+00  -7.8205e+00
  4.9856e-01   2.6254e-01
 -1.0001e+01  -2.7666e+00
  3.0835e+00  -8.1843e+00
 -7.4987e+00  -1.7093e+00
 -1.3318e+00   4.4497e+00
  8.2801e-01  -3.5897e-01
 -2.8811e+00  -2.4873e+00
  2.6871e+00   4.9897e+00
  4.7611e-01  -9.2189e+00
 -3.4499e+00  -1.5040e+00
  1.4031e+02   2.8946e+02
  3.7133e-01   2.6527e+00
  6.2633e+00   6.8966e+00
 -5.7432e+00   3.5318e+00
  1.6689e+00   4.5796e+00
 -6.8663e-01   4.4545e+00
 -2.0941e+00   7.3707e+00
 -1.3431e-01   5.0025e-01
 -1.0874e+00   2.4021e+00
 -5.0346e+00   1.0587e+00
 -3.4159e-01  -1.6444e+00
  6.2346e+00   4.4471e+00
  1.0052e+00   5.2269e-01
  9.8007e-01   3.8486e-01
 -5.0550e+00   3.6566e-01
 -1.2153e+02  -4.2988e+00
 -3.0985e+00  -3.1839e+00
  1.6799e+00   9.4063e+00
  1.7239e+00  -5.7296e+00
 -1.3471e-01  -3.4582e-02
  1.5951e+00  -4.2883e+00
 -2.2466e+00  -1.2999e+00
 -4.2454e+00   2.9926e+00
 -1.4692e+00  -1.0196e+00
 -7.3976e+00  -3.5207e+00
 -9.0902e+00  -3.4049e+00
  2.1799e-01  -5.0922e-02
 -4.9630e-01   4.0996e+00
  7.4522e+00  -1.4697e-02
 -2.2499e+00  -3.1359e+00
 -9.1388e+00   5.0989e-01
  1.4066e+00  -2.7630e+00
  3.1396e+00  -4.2685e+00
  1.8432e+00  -2.7815e+00
 -7.3409e+00   4.3272e+00
  8.8982e-01   8.4028e-01
  7.0666e+00   4.9525e+00
  7.2331e+00   5.6088e-01
  4.7539e+00   4.2444e+00
  1.3018e+00  -9.0006e-01
 -2.5600e+00  -1.7943e+00
  5.0086e+00  -4.4466e+00
 -1.2502e+00   2.1064e+00
 -7.8941e+00   2.2930e+00
 -2.3583e+00   9.1100e-01
 -5.5967e+00   3.1493e+00
  9.5232e-01  -2.1256e+00
 -7.0363e+00  -3.5916e+00
 -4.2872e+00  -4.0323e+00
 -7.5571e+00   1.8068e+00
 -5.0275e+00  -6.5748e+00
  2.9921e+00   4.4529e+00
  4.7763e+00   2.4843e+00
  1.6607e+00  -6.7857e+00
 -1.5159e+00   1.4762e-01
  6.0135e-01   1.7456e+00
 -3.5358e+00  -1.8629e-01
  8.0958e-03  -2.6934e+00
  6.7548e-01  -1.2909e+00
 -2.4367e+00   1.0615e+01
  2.0829e+00   5.0921e+00
  2.6189e+00   1.5569e+00
  6.0991e+00  -1.6464e+00
  1.2365e+00   1.7182e+00
 -2.4872e+00   1.0530e+00
  7.4723e+00   4.8276e-02
 -3.5193e+00  -2.7483e+00
 -8.3840e+00  -1.1161e+00
 -6.6242e+00  -6.7500e+00
  4.6731e-01  -2.3784e-01
 -8.9191e-01   1.3781e+00
 -2.8117e+00  -7.0926e+00
  2.2570e+00   4.7638e+00
  6.1563e-01   3.3917e+00
  6.6706e+00   1.1769e-01
  4.8794e+00   1.6783e+00
  3.1383e+00  -6.5169e-01
 -3.2393e+00   7.5310e-01
  1.6176e+00   6.9170e-01
  7.7868e-01  -4.9954e+00
 -5.7578e+00   6.8908e+00
  4.0547e+00  -1.1186e+00
  7.8000e+00   1.7967e+00
 -2.9039e+00  -2.4568e+00
  2.5760e+00   4.6047e-01
 -5.8022e-01   3.0237e+00
  4.1203e+00   6.2599e+00
  1.8568e+00   5.4138e+00
 -8.1333e+00   2.1099e+00
 -2.0274e-01  -4.6202e+00
 -2.4679e+00  -9.3802e-01
 -3.9172e+00   4.7777e+00
 -7.5553e+00  -2.5054e+00
  2.8831e-01   5.3985e-01
  7.4193e+00   4.3592e-01
 -1.0689e+00   1.4878e+00
  1.4803e+00   1.1288e+00
  1.3752e+00   5.8537e+00
 -3.8115e+00  -5.3182e+00
  5.0974e+00  -2.7548e+00
  7.5526e-01  -6.1223e+00
  6.9315e-01  -3.2427e+00
 -1.0670e+00  -1.0203e+00
 -5.9641e+00  -1.9739e+00
 -3.2252e+00   5.1825e+00
 -1.6858e+00   6.9307e+00
 -2.4521e+00  -3.9059e+00
 -3.8883e-01   2.9115e+00
  4.8754e+00  -4.5003e+00
 -3.9499e+00   2.8163e+00
 -4.0461e+00  -7.7300e-01
 -4.0390e+01   3.7705e+01
 -8.2175e+00  -5.4818e+00
 -8.0577e+00   2.9766e+00
  1.6076e+00   2.4039e+00
 -1.7630e+00   1.1270e+00
 -3.0013e+00   1.5062e+00
  1.0283e+00  -3.6773e+00
  4.4872e+00   3.9049e+00
 -4.2820e+00   8.1320e+00
  5.7471e-03  -2.2706e-01
 -2.5996e+00  -7.4594e+00
  1.1629e+00  -9.7771e-01
 -1.5275e+00   9.4210e+00
  2.3695e+00   9.0970e-02
 -7.6081e+00  -1.7029e+00
  2.5432e+00  -1.3169e+00
  1.8178e-01  -8.4295e+00
 -2.6104e+01  -2.8943e+01
  4.9844e+00   3.5392e+00
  6.1392e+00   4.5656e+00
  1.1843e+00   5.0933e+00
  3.0198e+00  -5.4378e+00
 -6.6356e+00   3.5280e+00
  5.5913e+00  -2.4219e+00
 -3.6305e+00  -9.1781e+00
  6.7858e+00  -6.3777e-01
  2.8129e+00  -2.6744e+00
  6.7215e+00  -2.8438e+00
 -2.7636e+01  -6.6774e+00
 -8.8518e-01   1.2964e+00
 -2.4477e+00   6.7616e-02
  7.9305e+00   5.4967e+00
 -3.7496e+00   3.8927e-02
  6.2334e+00  -5.8566e+00
 -2.9079e+00   5.9412e+00
  5.1723e+00   2.7877e-01
 -2.5370e+00   2.5968e-01
 -4.8821e+00   1.0947e+01
 -2.4437e+00   2.7057e+00
  3.8285e+00  -3.6043e+00
  3.6622e+00   4.7880e+00
 -2.9865e+00   5.2706e-01
  8.8443e+00   5.7002e-01
 -7.1249e-01  -2.4722e+00
 -5.5496e+00  -6.3810e+00
 -1.8464e+00  -6.1683e+00
  2.2747e+00   6.8823e+00
  2.1513e+00   1.3948e+00
 -6.7013e+00   4.5665e+00
 -6.2444e+00  -3.4685e+00
 -2.7149e+00   1.1563e+00
 -6.8234e+00   5.9354e+00
 -3.4874e-01   8.8416e+00
  3.7654e+00   1.9123e+00
 -4.5074e+00   8.6730e-01
 -3.8369e+00  -2.1662e-01
  5.6327e+00   1.4428e+00
  7.0760e-02  -4.2041e+00
  1.8988e+00  -4.0676e+00
  2.4199e+00   3.5716e+00
  4.0455e+00  -5.1479e+00
  7.9355e+00   3.2229e+00
  2.3350e+00   4.8072e+00
 -2.0861e+00   8.4084e+00
 -3.5936e+00   5.8275e+00
  4.2628e+00   5.7077e+00
 -1.0104e+00  -1.0322e+00
  4.1040e+00   6.2850e+00
  1.1527e-02  -2.9171e+00
  3.4288e+00  -8.1964e+00
  4.5730e+00   3.4890e+00
 -6.5390e+00  -2.4628e-01
  1.1421e-01  -2.8101e+00
  2.5484e-01  -1.4181e+00
 -3.3713e+00  -3.5643e+00
 -2.4564e-01   2.7200e+00
 -2.4312e+00   4.0759e+00
  5.4839e+00  -1.0275e+00
  1.2182e+00   4.8300e+00
  4.1528e+00  -3.2405e+00
  9.1722e+00  -1.1988e+01
 -1.2198e+00  -1.8386e+00
  3.3375e+00  -2.3103e+00
 -1.6942e+00   2.6215e-01
  8.8106e+00  -2.9999e+00
 -6.3031e+00  -2.4709e+00
 -8.5017e-01  -6.0064e+00
 -1.9138e+00  -1.3938e+00
 -5.6343e+01  -4.7886e+00
 -2.0877e+01  -7.4517e-01
 -3.0934e+00   8.7520e-01
 -6.7219e+00  -4.3491e+00
  4.9669e+00  -5.4078e+00
  9.4389e+00  -6.5040e+00
  4.1018e-01  -1.1125e+00
 -1.5925e+00   4.4143e+00
 -2.2380e+01  -5.6745e-01
 -7.6157e+00   1.0359e+00
  1.8724e+00   2.0489e+00
 -1.5749e+01   2.1521e+01
  3.5998e+00   5.9416e+00
 -3.2444e+00  -1.9037e+00
  3.8733e-02  -4.1187e+00
  3.2669e-01  -4.8112e-01
  1.0392e+00   2.9403e-01
 -5.6033e-01   1.5345e+00
 -1.2967e+00   2.0342e+00
 -3.7009e+00  -5.1877e+00
 -6.2656e+00  -5.2238e+00
 -1.0410e+00  -4.5707e-01
 -1.6645e+00   5.9280e+00
  4.7882e+00   2.4051e+00
  3.5911e-01   4.4646e+00
  8.7628e-01  -6.6441e+00
  1.7841e+00  -1.7341e-01
  7.9346e+00   4.3973e+00
  5.6768e+00   2.7126e+00
  4.6029e+00   1.8853e+00
  3.4427e+00   8.5602e+00
  2.4540e+00   5.8822e+00
 -1.2825e+00   1.8616e-01
  7.3708e+00   6.7120e+00
  1.8797e+00  -1.1761e+00
 -2.0377e+00  -2.6437e+00
  1.7171e+00  -8.0206e-01
  8.8950e+00   1.7572e+00
 -2.0439e+00  -5.1764e+00
 -1.5168e+00  -2.6372e+00
  9.5565e+00   3.5042e-01
 -1.4823e+00   7.0551e-01
  2.2706e+00   6.6361e+00
  2.2483e+00   1.3173e+00
 -3.8920e+00   6.6659e+00
  2.1696e-01   4.2565e-01
 -6.0476e+00  -5.2823e-01
 -4.2043e+00  -4.4032e+00
 -6.6511e+00  -2.1292e+00
 -1.8078e-01  -1.9872e+01
  6.6044e+00  -3.6700e-01
 -7.0444e+00  -3.8217e+00
 -2.4016e+00  -3.8538e+00
 -8.3025e+00   8.6946e-01
 -3.6827e+00   2.6348e+00
  2.2918e+00  -6.4592e+00
  1.1079e+00  -1.7734e+00
 -2.5455e+01  -6.3365e+01
 -3.5087e+00   1.3484e+00
 -7.1883e-01   3.0777e+00
  8.8078e-01   4.5033e+00
 -9.1842e+00  -2.4271e+00
 -3.4981e-01   5.4335e-01
 -1.4875e+00  -7.2441e+00
 -1.3244e+01   9.6916e+00
  4.2875e+00   6.6205e+00
  4.9301e+00  -3.9210e+00
  3.3571e+00   3.6027e+00
  5.9607e+00   5.3158e+00
 -1.0649e+00   2.3358e+00
  4.1500e+00   4.9359e+00
 -8.1271e-01  -4.3655e-01
 -7.1381e-01  -2.2016e+01
 -1.9511e+01   1.1459e+01
  9.7889e-01   6.5122e+00
  7.8600e-01  -6.6332e-01
 -7.5070e+00   3.8105e+00
  9.1011e-01  -4.3785e-01
  1.5988e+00   1.3462e+00
  8.9020e+00  -4.2484e+00
 -1.6306e+00   3.5650e+00
  6.6959e+00   1.4641e+01
  4.1342e+00   5.8315e+00
  3.0026e-05   7.3088e+00
  9.7149e-01   3.6924e+00
 -2.0904e+00  -2.4796e+00
  9.7211e-01  -1.0311e+00
  4.6869e+00  -2.0632e+00
 -3.6976e+00  -5.2197e+00
  7.5663e+01   2.5100e+02
 -1.3018e+00  -1.9223e-01
 -3.1245e+00  -3.1565e+00
 -5.1494e+00  -2.7339e+00
  6.5262e-01  -7.1086e+00
  3.8566e+00   2.3563e+00
 -6.5208e+00   2.1642e+00
  5.1541e+00  -1.3864e+00
 -1.6068e+00   1.0312e+01
 -3.4805e+00   1.9065e+00
 -6.1746e+00   2.7873e+00
 -4.5542e+00   3.3997e+00
  2.6972e+00  -1.8241e+00
 -4.2215e+00  -5.9378e-01
  1.7403e+00  -5.8717e+00
 -1.9119e+00   6.9756e-01
  4.4070e-01   2.3285e+00
 -1.8643e+00   1.2796e+00
  4.8725e+00  -5.4800e+00
  4.9107e-01   1.4394e+00
  6.9015e+00  -4.0987e+00
 -4.6101e+00  -6.8922e-01
 -5.1618e-01   5.9985e-01
 -3.4779e+00   4.5886e+00
