  1.0249e+00  -8.6586e+00
 -3.4706e+00  -1.6383e+00
  5.6294e+00  -5.7258e+00
  9.4519e+00  -2.0375e+00
 -3.7019e+00  -2.6894e+00
 -3.7827e+00  -1.0584e+00
  7.8718e-01  -7.6244e-01
 -4.8866e+00  -5.8027e+00
  7.9568e-01   6.2371e-01
 -8.8145e+00  -4.3954e+00
  6.0155e+00  -7.1518e+00
  2.6715e+00  -6.2443e+00
 -8.1943e-01   5.1383e+00
 -1.8758e+00  -5.4543e-02
 -4.0099e+00  -1.1563e+00
 -6.1289e+00   6.5149e+00
 -5.0127e+00  -2.2269e+00
 -7.1108e-01   9.8433e-01
  4.5167e+00  -2.2615e-01
 -6.1375e-01   5.2247e+00
  1.7639e+00  -8.1316e-01
 -1.3590e+00   6.9794e-01
 -1.7348e+00  -1.8378e+00
 -6.6510e-01   6.7435e-01
 -3.2737e+00  -5.0479e+00
 -2.0794e+00   1.7022e+00
  1.3193e+01   2.9786e+00
  9.0417e-01  -9.8382e-01
  2.5251e-01   5.9370e+00
 -7.7849e+00   3.8519e+00
 -6.2329e+00  -4.5650e-01
 -6.8228e-01   8.2915e+00
 -2.4623e+00   1.7622e-01
 -1.7709e+00   2.6346e-01
  7.9252e+00   5.5830e+00
  9.2395e-01   2.8100e+00
 -9.5696e-01  -6.4818e-01
 -3.4185e+00  -4.9285e+00
 -2.1594e+00   4.3288e+00
 -3.0851e+00  -2.2633e+00
 -2.5736e-01   4.1324e+00
  2.2513e-01  -1.2449e+00
 -3.3054e+00  -6.0344e-01
 -3.1335e+00  -1.2006e+00
  6.0524e-01  -1.5898e+00
 -3.9850e+00   3.3189e+00
 -7.8113e-01   7.2722e+00
 -5.8911e-01  -8.1110e+00
 -3.0272e+00   1.5168e+00
  5.1440e+00   5.1114e+00
  6.1142e+00  -3.3803e+00
 -3.8396e+00  -1.0942e+00
 -6.5244e+00  -2.4590e+00
  3.4442e+00   2.9697e+00
 -7.3653e+00  -1.4664e+00
  4.9838e-01   2.5103e+00
 -1.3846e+00   5.5762e+00
 -2.5455e+00   5.4878e+00
 -2.8372e+00   3.2609e+00
 -1.1345e+00  -2.6857e-01
  4.7366e+00  -2.3297e+00
  1.6794e+00   4.9564e+00
  1.7721e+00  -4.1704e+00
 -2.7424e+00  -3.9098e+00
  3.6417e+00  -4.1304e+00
 -6.1914e+00   5.9674e+00
  8.6122e+00   3.0279e+00
  8.6668e+00   2.4302e+00
 -6.7921e+00  -3.2588e+00
  3.5990e-01  -3.4542e+00
 -1.7482e+00  -7.1813e+00
 -9.0858e+00  -3.6410e+00
  2.8061e+00  -8.5292e+00
 -1.7955e+00   4.0231e+00
 -2.2244e+00   4.0968e+00
  1.9703e+00  -3.1969e+00
 -7.4044e+00   8.5730e-01
  5.5318e-01   2.2148e+00
  4.3608e+00  -2.3037e-01
 -1.0429e+00   7.8268e-01
 -4.5229e+00   7.6637e-01
  2.6073e+00   4.1905e+00
  5.8292e+00  -2.5931e+00
  6.7480e-01  -5.2374e+00
 -1.0302e+00   1.2829e+00
 -6.3885e+00   1.2219e+00
 -1.4256e+00  -1.3724e+00
 -3.5927e+00   2.9923e+00
  9.4721e+00   9.1304e-01
 -1.6988e+00  -7.6582e+00
 -5.5949e+00   2.9761e+00
 -6.3636e+00  -2.8251e+00
  8.5929e+00  -2.0951e+00
 -1.8212e+00  -6.2360e+00
  2.5747e+00   3.2904e-01
  8.3865e+00  -2.8700e+00
 -3.5509e+00   1.1564e+00
  2.2450e+00  -5.1472e+00
  4.3886e+00  -6.8590e-01
  2.3220e+00  -7.9661e+00
  2.6404e+00   3.2959e+00
 -1.3215e+00  -8.2569e+00
 -2.7802e+00  -6.9455e+00
  8.1267e+00  -4.8520e-01
 -2.2685e+00   1.8667e-01
 -2.9958e+00   5.1165e+00
 -1.3328e+00  -1.1464e+00
  1.8449e+00   3.5910e+00
  1.4834e+00  -5.3454e-01
 -5.4662e+00   3.2744e+00
 -2.0171e+00   7.3557e+00
  1.9714e-01   7.4515e-01
 -7.7406e+00   5.7476e+00
  1.3411e+00   4.4887e-01
 -1.9969e+00  -1.3856e+00
 -1.8734e+00   1.0885e+00
 -5.3459e-01  -6.6785e-01
 -5.0127e+00  -8.2628e+00
 -5.1773e+00   7.0269e-01
 -3.5612e+00   5.5136e+00
  1.9956e+00  -4.7050e+00
  2.5955e+00  -6.8463e+00
  2.9610e+00  -4.2971e+00
 -4.0870e+00   9.2764e-01
  9.4935e+00  -1.9126e+00
 -2.4987e-01   3.9995e+00
  4.5061e+00  -1.6099e+00
 -3.2836e+00   7.2833e+00
  2.1255e+00   9.7037e+00
 -2.0589e+00  -1.4569e+00
  5.0538e+00  -2.4799e+00
 -3.6530e+00   2.6691e+00
 -5.7642e-01   3.2277e-01
 -2.1260e+00  -1.6598e+00
 -3.8980e+00   7.3707e+00
  5.2889e+00  -1.2642e+00
 -3.4138e+00   9.3115e+00
  2.9320e+00  -6.8944e+00
 -8.8068e+00   1.5059e-01
  8.4140e-01  -6.1706e-01
  5.6803e+00   5.6825e+00
 -6.4107e+00  -4.1779e+00
  9.8177e-01  -3.4266e-01
  1.6308e+00  -2.1990e+00
 -8.2120e+00   5.5006e+00
 -5.2469e+00  -6.4057e+00
 -2.9945e+00   1.3208e+00
  4.0942e+00   8.6980e+00
 -2.8504e+00   2.6520e+00
  9.0409e+00  -6.3203e-01
 -3.4107e+00  -1.1331e+00
  1.6747e+00  -3.8911e+00
 -1.2908e+00  -2.0307e+00
 -2.8644e+00   5.5059e+00
 -1.0571e+00   4.5145e+00
  4.0208e+00   6.8045e+00
 -5.3362e+00   6.2632e+00
  9.2144e+00  -2.8132e+00
 -6.3859e+00  -2.1164e+00
  5.3861e+00   4.7904e+00
 -6.1165e+00  -2.4452e+00
  9.2553e+00   1.9316e+00
 -7.5308e+00  -1.7837e+00
 -3.4112e+00   1.1372e+01
 -6.3699e-01   7.2908e-01
 -3.1766e+00   1.2506e+00
 -3.2484e+00  -2.4955e+00
 -4.3099e+00   6.1483e+00
  2.3969e+00   4.3049e+00
  1.3724e+00   4.8366e-01
 -7.3569e-01  -8.4678e+00
  1.5962e+00   1.0293e+00
  5.5130e-04   5.9998e+00
 -7.3011e+00   6.2117e+00
 -3.1098e+00  -3.9615e+00
 -7.4562e-01  -5.2125e+00
 -2.1730e+00  -8.2661e+00
 -7.3586e-01   6.4502e-01
  2.7018e+00  -1.8786e+00
  1.9098e+00   3.3588e+00
  2.3622e+00   1.6709e+00
 -7.5577e+00  -7.5139e-01
 -1.9484e+00  -9.3328e-01
  3.3319e+00   2.8455e-02
 -7.3305e+00   5.0772e+00
 -5.3261e+00  -4.3492e-01
  2.6891e+00   1.0228e+00
  4.4206e+00   5.4752e+00
  2.0725e+00   4.9250e+00
  1.8430e+00   1.8434e+00
 -1.5498e+00  -5.1124e+00
  5.0765e+00  -2.8796e+00
  3.7867e+00  -5.0188e+00
 -5.7953e+00   4.4805e+00
 -4.9946e+00   4.1128e+00
 -9.8196e+00  -6.6980e-01
  1.6599e+00  -2.4720e+00
 -1.1884e+00  -1.8776e+00
 -2.4080e+00  -4.5931e+00
  6.7970e+00   5.3951e+00
  1.8211e+01  -1.5951e+01
 -8.3901e+00   2.3449e+00
  6.0596e+00  -2.5418e+00
  8.5206e-01  -2.1360e-01
  1.9427e+00  -4.9968e-01
  9.1356e+00   2.4620e+00
  1.8753e+00   1.9529e+00
  3.2319e+00  -5.0062e+00
  2.7129e+00   1.5528e+00
  3.5319e+00   7.6219e+00
 -1.3290e+00  -9.6598e+00
 -3.4990e+00   4.6854e+00
 -1.3948e-01   3.5597e-01
  6.5486e-01   3.7435e+00
  1.0481e+00   4.7027e-01
 -8.0086e-01   4.6211e+00
 -4.8061e+00   4.4342e+00
 -6.7229e-01   7.9575e-01
  2.8451e+00   4.1901e+00
 -3.8392e+00   6.6181e+00
 -1.0804e+00  -5.2030e+00
 -1.4685e+00  -9.3610e-01
  2.7847e+00   1.9102e+00
 -1.0074e-01  -1.8289e-01
  1.2695e+00  -1.7415e+00
  1.0608e+01   1.2786e-01
  1.3134e+00  -6.0223e+00
  4.0452e+00   3.2649e+00
  1.9561e-01  -9.6710e-01
  2.3257e+00   6.2633e+00
  2.2760e+00   2.8485e+00
  1.3422e-01  -1.3377e+00
  8.2074e+00  -4.9190e+00
 -1.0504e+00  -7.6964e-01
  1.9012e+00   1.9754e+00
  3.7385e+00  -2.3123e+00
  3.8622e-01   8.0753e+00
 -8.4321e+00  -2.3802e+00
 -2.9449e+00   5.3411e+00
 -3.5898e+00  -7.7809e+00
 -6.5399e+00   2.6181e+00
  9.0923e+00  -1.0440e+00
 -4.7148e+00   1.4052e+00
  1.7842e+00  -4.6841e+00
  4.3431e+00   8.0493e-01
  1.8070e-01  -5.0385e-01
  1.6143e+00  -5.6298e+00
 -2.3820e+00   5.9025e+00
  7.5455e+00  -2.0932e+00
  6.2193e+00  -5.9186e+00
  2.2099e+00   1.3129e+00
  1.1572e+00  -1.2633e+00
 -3.6636e+00  -1.2349e-01
 -5.7550e+00   4.4038e-01
  3.0855e+00   1.3154e+00
 -2.6259e+00  -8.8051e+00
 -1.4281e+00   3.9186e+00
  3.5821e+00  -5.9716e+00
  2.2050e+00  -1.7465e+00
  2.9964e+00   3.8715e+00
  1.3409e+00  -5.0588e+00
  4.2674e-01  -9.1994e-01
 -2.3885e+00  -4.9027e+00
  3.6587e+00   1.3372e+00
 -7.4537e+00  -5.1488e+00
  2.8367e+00   5.1224e+00
  2.7781e+00   6.7603e+00
 -9.0781e-01   4.6407e-02
 -5.2016e+00  -6.7648e-01
 -2.1178e+00  -5.9990e+00
  7.6397e-01   2.9520e+00
 -1.2110e+00   6.6980e+00
 -6.0059e+00   3.5343e+00
  2.7877e+00  -3.6099e+00
  5.7325e+00  -2.2776e+00
  1.7976e+00  -2.6663e+00
  1.6049e+00  -6.8540e+00
 -2.8401e+00   9.3625e+00
 -4.0302e-01  -4.5683e-02
  1.1884e+00   7.4794e+00
 -5.0784e-02   4.0795e+00
  5.7909e+00  -3.2341e+00
  1.2427e-01  -1.8625e+00
  2.4947e+00   1.6878e+00
 -6.5552e+00  -7.1353e+00
  9.5080e+00   1.9200e+00
  1.4777e+00  -6.0973e-02
 -6.2944e+00  -4.7982e+00
 -2.0541e+00   1.9152e+00
  6.8348e+00   6.3354e+00
 -6.9404e-02  -1.4921e+00
  4.3102e+00  -2.6680e+00
  2.9555e+00  -8.3634e-01
  7.6041e+00  -5.0865e+00
  6.5418e-01  -4.3061e-01
  4.9083e+00   4.7974e+00
 -1.9234e+00  -3.5074e+00
 -3.3422e+00   1.7858e+00
 -1.5199e+00   2.4435e+00
 -4.2182e+00   2.0596e+00
 -4.2725e+00   4.9181e+00
  7.4051e+00   5.9229e-01
  1.9280e+00  -3.1447e+00
 -2.1795e+00   2.3085e+00
  4.1692e+00  -3.5658e+00
 -4.5899e-01   2.6587e-01
 -4.9727e-01  -9.8547e+00
  5.9068e+00   3.5579e+00
  4.0988e+00   2.2306e+00
  1.0190e+01  -3.0380e-01
  5.4948e-01   1.1651e-01
  3.8312e-01  -1.1754e+00
  9.6741e-01  -4.6811e-01
 -2.4388e+00   2.1293e-01
  1.8163e+00   3.5212e+00
  1.8041e-01   1.2895e+00
 -1.8761e+00   6.7628e+00
 -3.2631e-01   2.3436e+00
  1.3745e+00  -3.7452e-01
  1.6274e+00  -1.1507e+00
 -7.1288e-01  -8.0570e-01
  2.7329e-01  -3.8182e+00
  9.2860e+00   3.5028e+00
 -6.2595e+00   3.9227e+00
 -3.0704e+00  -2.5258e+00
  1.9203e+00  -9.7192e+00
 -5.6861e+00   5.7345e+00
  4.8281e+00  -4.1535e+00
 -3.2489e+00   5.3095e+00
  2.3656e-02  -2.7803e+00
 -1.5235e+00   6.9279e-01
 -1.6952e+00   1.0545e+00
 -5.4619e+00   1.5618e+00
 -5.3105e+00  -8.8830e-01
 -2.0159e+00  -1.2406e+00
  3.2634e+00  -2.5821e+00
  7.0306e+00   2.7622e+00
 -2.9240e+00  -6.2785e+00
  6.6798e+00   4.7638e+00
  9.6505e-01   2.4481e+00
 -4.1978e-01  -4.6711e+00
 -8.1937e-01  -4.0634e-01
  8.4423e+00  -4.2837e-01
 -2.1740e+00   2.2425e+00
  9.5947e-01  -4.2891e-01
  2.7126e+00  -4.2607e+00
  4.2728e-01   3.6201e-02
 -4.2776e-01   2.4024e+00
 -4.2579e+00  -6.9133e+00
  4.7897e+00  -1.0383e-01
 -8.0408e-01   5.6997e-02
  1.0489e-01  -7.2019e-01
 -3.9826e-01   8.6233e-01
  4.7265e-01  -1.0912e+00
 -4.7914e+00   9.5390e-01
 -1.2594e+00   1.6468e-01
  3.5830e+00  -2.8929e-01
  5.0999e-01   3.1305e+00
 -2.5392e+00   1.9948e+00
  9.3307e-01   4.7387e+00
  2.0104e+00  -1.8293e+00
  6.0729e-01  -8.4561e-01
  1.6962e+00  -3.7194e+00
 -9.7995e+00  -1.1413e+00
  2.6482e+00  -3.5467e+00
  9.8993e-01  -1.7949e+00
 -3.2118e+00  -7.9267e+00
  2.1810e+00   5.8434e+00
 -3.3217e+00   7.6263e+00
  1.1110e+00  -6.4840e+00
  5.2961e+00   7.1292e+00
 -8.5799e+00  -2.6207e-01
  9.6573e-01   3.5967e+00
  1.0992e+00   7.0342e+00
  2.4477e+00  -3.1357e+00
 -2.2598e+00   7.9291e+00
 -4.7500e+00   5.1434e+00
 -2.5259e+00   2.0545e-01
  1.0875e+00  -5.2668e-02
 -8.1558e+00  -7.2357e-01
 -5.3162e+00   4.8428e+00
  5.0241e+00   7.0088e+00
  5.9839e-01  -1.2243e-01
  7.2260e+00   2.7510e+00
  2.1554e+00   5.6225e-01
  4.3290e+00  -2.9960e+00
  1.4682e+00   2.2865e+00
  3.3924e+00   7.4139e-02
  9.2984e+00   1.2958e+00
 -2.2698e+00  -6.6910e+00
  1.3781e+00  -1.1365e+00
  6.6379e+00  -4.5010e+00
 -5.3212e+00   8.2103e+00
  5.1375e+00   2.9231e+00
  2.6319e+00   6.2845e+00
 -1.6887e+00  -1.2712e-01
  2.0839e+00   3.9416e+00
  3.8640e+00  -1.9371e+00
  8.6239e+00   1.9832e+00
 -7.4915e+00   6.6075e-01
 -1.6894e+00  -3.5119e+00
 -1.8383e+00  -3.0891e-02
  1.8121e+00   6.0007e-01
  2.4060e+00  -1.6326e+00
  9.2593e+00   2.3630e+00
  4.4332e+00  -5.6125e+00
  2.4053e+00  -5.3638e+00
  6.5394e+00  -5.0451e+00
 -3.4966e+00   2.7094e+00
  4.4156e+00  -4.7103e+00
 -4.8195e+00   1.5897e+00
 -6.4109e+00   5.1900e+00
 -6.9921e-02  -4.3222e+00
 -2.1104e+00  -4.0772e+00
  2.0030e-01  -6.8566e+00
  4.4911e+00  -1.6075e+00
  9.3141e+00   1.1423e+01
  6.2704e-01  -1.2874e-01
 -1.9428e+00  -3.7283e+00
  8.7596e-02   2.9181e+00
  4.7858e+00   4.0211e+00
 -2.1823e+00   4.3517e+00
 -2.0538e-01  -8.0589e-01
  1.8125e+00  -8.2301e+00
 -1.5657e+00  -8.8032e-01
  5.9557e-02   2.3315e-01
  1.9992e+00  -7.5552e-01
 -1.6661e-01   1.2011e-01
 -7.3306e+00   2.4921e+00
  2.0625e+00  -2.6285e+00
 -2.3855e+00  -1.9834e+00
  2.0342e+00  -1.0368e+00
  2.5554e+00   5.1319e+00
 -4.3394e-01  -3.5374e+00
 -2.3399e+00   6.3239e+00
 -6.5753e+00  -2.4901e+00
 -2.5763e+00  -3.9237e+00
  2.4362e+00   4.7300e+00
 -1.8061e+00  -9.3395e-01
 -5.7214e+00   6.2648e+00
 -2.3832e+00   8.1357e+00
  2.3645e+00   1.1636e+00
  4.1849e-01  -7.9370e-01
 -5.6354e+00   8.8843e-01
  2.1040e+00   4.5299e+00
  5.6220e+00  -6.3933e-01
  3.0101e+00  -1.0939e-01
  3.4818e+00   1.8381e+00
 -1.6139e+00   4.9060e+00
 -9.0357e-01   1.0520e+00
  6.0903e+00  -3.2126e+00
  7.7842e+00  -4.6018e+00
  7.6413e-01   8.6433e+00
 -4.4583e-01   7.3971e+00
  3.8233e+00  -1.1719e+00
 -3.7472e+00   1.6213e+00
 -5.8929e+00   1.6623e+00
 -4.9602e+00   1.1177e+00
 -7.4386e+00  -5.7857e-01
  1.8389e-01   6.6299e-01
  4.2033e+00  -5.3428e+00
  8.4630e-01   1.1720e+00
 -1.8802e+00   7.6356e+00
 -2.3724e+00   7.1298e-01
 -5.7426e-01  -2.7986e-01
  2.8416e+00  -5.7927e+00
  7.9993e+00  -1.3042e+00
  8.5705e+00  -1.5801e+00
  2.3923e+00  -4.8759e+00
  1.1699e+00  -2.2467e+00
 -6.0725e-01   1.5793e+00
  1.3377e+00   1.1402e+00
  4.9536e+00   4.8935e+00
 -5.3921e+00  -7.8118e+00
 -2.5849e+00  -9.9984e-01
  4.9734e+00  -5.4975e+00
 -4.3039e+00   5.5540e+00
 -4.5318e+00   6.6689e+00
  4.3035e+00  -6.4356e+00
 -3.1869e+00   2.0192e+00
 -2.8598e+00  -1.2359e+00
  5.7525e+00   4.9214e+00
  1.8906e+00  -3.5559e+00
 -1.0856e+00   4.3432e+00
  4.3206e+00  -6.4507e+00
  2.7008e+00   1.9421e+00
 -7.9074e+00   1.3487e+00
 -1.0774e+00   3.4204e+00
  2.4391e+00   1.5267e+00
  6.4853e+00   9.9761e-01
  2.9308e+00   1.4265e+00
  1.0843e+00  -5.8942e+00
 -1.4937e+00   2.9341e+00
 -5.2859e+00   2.7851e+00
 -6.0910e-01   3.3865e-01
  8.9482e+00  -2.9191e-01
  7.4985e+00  -5.6841e+00
 -4.5690e+00   5.8444e+00
 -6.0472e+00  -7.2023e-01
  7.9804e-01   5.4950e-01
 -1.1722e+01  -5.7868e+01
 -3.6335e+00  -2.8934e-01
  8.7355e+00  -1.7308e-01
 -1.3717e+00  -3.6452e+00
  2.1150e+00   6.3199e+00
  3.6129e+00  -2.4977e+00
 -7.5052e+00  -2.8694e+00
  1.8763e+00   1.3487e+00
  3.8244e+00   3.0255e-01
  2.9399e-01  -2.0914e-01
 -2.0686e+00   5.8334e-01
  9.9586e-01   2.7026e+00
  8.0356e+00   3.9652e-01
  1.2606e+00  -5.3723e+00
 -5.5820e+00  -2.0881e+00
 -2.9569e+00  -4.1180e+00
 -9.6161e+00  -1.3017e+00
 -2.6643e+00   7.3600e-01
 -5.5121e-02   3.2463e+00
 -2.6964e+00   8.4075e-02
 -4.2137e+00   2.8204e+00
 -2.0703e-02   9.3743e-01
 -6.7021e+00  -7.1622e+00
 -2.0133e+00   4.4507e+00
 -1.4969e-01  -2.6496e+00
  3.4643e+00  -1.1007e+00
  3.2442e+00   4.0737e+00
  9.2892e+00   1.8226e+00
  3.5876e+00   6.5027e-01
 -4.9742e+00  -7.0630e+00
 -3.9406e+00   2.6518e+00
  5.6383e+00   3.1104e+00
 -1.7665e+00  -2.2263e+00
  7.1985e-01  -5.1406e-01
 -3.8022e+00   5.5238e-01
  4.2457e-01  -2.3175e+00
  2.6619e+00  -3.5507e+00
  1.5996e-01   1.6665e-01
  4.6494e-01  -2.1547e+00
  4.3964e+00  -3.8217e-01
 -4.6454e+00  -2.1976e+00
  1.2316e+00  -4.1474e+00
 -4.4739e+00  -7.9604e+00
  5.9478e-01  -3.3961e+00
  4.2597e-01  -1.4248e+00
 -2.4312e+00   6.4972e+00
 -4.7467e+00  -8.3528e+00
  2.4444e+00  -3.5396e+00
 -1.7110e+00  -2.5112e+00
 -2.7845e+00   5.0862e+00
  4.3636e+00  -2.3894e+00
  1.4123e+00   4.6423e+00
  5.4955e+00  -6.7055e+00
 -5.8082e+00   6.3673e+00
 -5.7506e+00  -4.3809e+00
  6.6115e+00   1.3756e+00
  5.9333e+00   4.0505e+00
 -6.3158e+00  -7.6529e+00
  5.4225e+00  -2.4007e+00
  7.6588e-01  -1.4064e-01
  1.4980e+00  -3.1564e+00
 -2.8844e+01  -5.7226e+01
 -2.6616e-01   2.2846e-01
 -2.6558e+00  -6.1006e-01
  3.1881e+00  -4.1185e+00
 -5.1558e+00  -2.6426e+00
 -5.3554e+00  -2.1719e+00
  4.3725e-01  -5.5534e-02
  1.9617e+00   1.3036e+00
 -3.7395e+00  -2.0267e+00
  6.5937e+00   3.5852e+00
 -5.3927e+00  -2.9578e+00
  4.5561e+01   7.2417e-02
  4.0637e-01   1.3786e+00
 -4.9527e+00  -3.2612e+00
  4.0020e+00   5.6150e+00
 -3.0705e+00  -8.8850e+00
  5.2954e-01  -2.4921e+00
  5.3757e+00   3.0105e+00
  2.7122e+00   3.0192e+00
 -6.8855e-01   1.0461e+00
  8.1422e+00   3.0152e-01
 -3.9148e+00  -8.9297e-01
  4.4059e+00  -2.8191e+00
  1.9644e-01   1.3068e+00
  3.0126e+00   4.0344e+00
  3.5202e+00   1.9825e+00
 -3.9157e+00  -2.7040e+00
 -6.6347e+00   2.1854e+00
 -6.8844e+00  -6.0491e+00
 -3.7370e+00   8.7870e+00
  3.0701e-01   1.9399e-01
 -2.7117e+00   4.7591e+00
 -8.4590e-01   6.5882e-02
  3.0568e+00   2.2294e+00
 -8.4644e+00  -5.9038e-01
 -1.5500e+00   4.8798e+00
 -2.8688e+00   8.3144e+00
 -9.5287e-01  -2.0958e+00
 -3.4470e+00  -5.0087e+00
  2.4129e+00   5.5399e+00
  5.1559e+00   5.0858e+00
  1.7075e+00  -5.9424e+00
 -8.1036e+00  -7.8322e-02
 -3.9520e+00   3.1704e+00
  2.4543e+00  -7.9817e-01
 -8.0647e-01  -2.6534e-01
  3.1446e+00   6.2375e+00
  1.7076e+00   8.1765e-01
 -5.2973e+00  -8.2579e+00
 -6.2015e-01   3.7167e+00
  5.7253e+00  -6.7142e+00
 -4.4538e-01   3.6800e-01
  1.8356e+00  -1.3507e-01
 -2.1918e-01  -8.0593e-01
 -5.1749e+00   1.2626e+01
 -4.0722e+00   2.7357e+00
  6.5174e+00   7.3043e+00
 -6.3662e+00  -5.6688e+00
  3.9972e+00   5.5411e+00
 -1.3130e+00  -1.3708e+00
 -5.9938e+00  -1.8666e+00
 -6.6467e+00  -3.3757e-01
 -9.4229e-01   3.4208e+00
  4.0158e+00  -3.2940e+00
 -1.8245e+00  -1.8555e+00
 -3.6511e+00   3.3036e+00
 -4.0801e+00   5.7865e+00
 -7.3077e+00  -3.1858e+00
 -3.4175e+00   8.8849e-02
 -2.7602e+00  -4.6224e+00
 -3.1493e+00  -5.8851e+00
 -1.0378e-02  -2.9879e+00
  2.1894e+00  -8.1249e+00
 -5.1315e+00  -5.3772e+00
  4.9793e+00  -7.0885e-02
 -2.8413e-01  -2.2378e+00
  6.7201e-01  -3.0943e-01
 -1.4061e+00   9.4790e+00
 -3.2320e-01   6.9808e-01
  3.3714e+00   8.1700e-02
  1.6286e+00  -6.6695e+00
 -3.1787e+00  -5.0517e+00
  3.9311e+00   3.4513e+00
 -7.9196e+00  -1.6252e+00
 -8.3486e+00   5.3068e+00
 -4.4930e+00  -4.2536e+00
 -5.2679e+00   1.7131e+00
  2.4683e+00   1.5490e+00
 -2.9705e+00  -2.4692e+00
 -8.8977e+00   3.2249e+00
  4.6502e-01  -3.4790e-01
  1.6520e-01   2.1449e+00
  3.8402e+00   1.7349e+00
  1.2607e+00   3.1896e+00
 -9.5724e+00  -1.0658e+00
  9.2655e+00  -2.7159e+00
 -1.5161e+00   4.8245e-01
  7.8366e+00  -1.9678e+00
 -1.7280e+00  -3.1928e+00
 -8.7321e-01  -2.6557e+00
  2.9218e+00  -4.0958e+00
 -1.5517e+00  -2.1255e+00
 -8.3434e-02   7.5244e-01
 -5.2488e-01   5.1653e-01
  1.4884e+01   1.3815e+01
 -2.9430e-01   6.2079e+00
  7.7369e+00   1.7327e+00
  1.5015e+00   3.3819e+00
 -1.8138e-01   2.2217e+00
 -1.4511e+00  -5.2659e-01
  7.0179e-01   1.6941e+00
  5.4690e+00  -8.5542e-01
 -4.1744e+00   2.5250e+00
 -2.8802e+00   7.1784e+00
  1.4117e+00   2.5403e+00
 -4.1103e+00  -3.2214e+00
  5.4964e+00  -7.9385e+00
  1.1380e+00  -2.6348e-01
 -1.5142e+00   6.1471e+00
  3.0628e+00  -8.2663e+00
 -7.6861e+00  -1.6982e+00
 -1.3078e+00   4.6459e+00
  2.5625e-01  -2.0194e-01
 -1.1135e+00  -1.8928e+00
  2.8817e+00   5.0630e+00
  4.1711e-01  -9.3123e+00
 -3.7075e+00  -1.5382e+00
  2.7369e+01   5.8392e+01
  8.5244e-01   3.2743e+00
  6.3621e+00   6.9017e+00
 -5.5396e+00   2.9236e+00
  1.7349e+00   4.5865e+00
  1.0403e+00   5.2298e+00
 -2.1669e+00   7.5388e+00
  3.5883e-01   1.9932e-01
 -1.2871e+00   3.2686e+00
 -5.1554e+00   1.1417e+00
 -5.3869e-01  -1.7753e+00
  6.0190e+00   4.8692e+00
  1.3124e+00   5.2815e-01
  1.3058e+00   1.1512e-01
 -4.8730e+00   7.4020e-01
 -5.4750e+01  -2.5122e+00
 -3.3614e+00  -3.2104e+00
  1.7370e+00   9.4573e+00
  1.0848e+00  -5.5524e+00
  3.9255e-01   3.5645e-01
  3.2838e+00  -4.1769e+00
 -2.4965e+00  -1.3058e+00
 -4.3141e+00   3.2109e+00
  2.4954e+00  -5.5603e-01
 -7.5104e+00  -3.2227e+00
 -9.2173e+00  -3.3333e+00
 -2.2962e-01   1.7216e-01
 -2.1418e+00   4.7025e+00
  7.5880e+00   3.4767e-02
 -2.3966e+00  -3.1644e+00
 -9.2477e+00   6.0843e-01
  1.3056e+00  -2.9389e+00
  3.1571e+00  -4.5256e+00
  8.8858e-01  -2.7847e+00
 -7.4642e+00   4.2635e+00
  3.1803e-01   1.1688e-01
  7.2097e+00   4.9364e+00
  7.1744e+00   5.6187e-01
  4.7445e+00   3.8419e+00
  3.8164e-01  -2.6871e-01
 -2.4270e+00  -1.8851e+00
  5.1079e+00  -4.5979e+00
 -1.1868e+00   2.3127e+00
 -8.0402e+00   2.4098e+00
 -3.1060e+00   1.2409e+00
 -5.6661e+00   3.2349e+00
  9.7141e-01  -2.3607e+00
 -7.1709e+00  -3.6478e+00
 -4.4139e+00  -3.9771e+00
 -7.7171e+00   1.6718e+00
 -5.1430e+00  -6.5706e+00
  2.0986e+00   3.8561e+00
  4.9684e+00   2.4210e+00
  1.7750e+00  -6.6090e+00
 -4.9561e-01  -7.5364e-02
  8.2278e-01   1.9422e+00
 -3.6308e+00  -4.6123e-01
  1.3223e-02  -2.3148e+00
  6.8310e-01  -1.5881e+00
  3.1604e+00   1.6987e+00
  2.1795e+00   5.2322e+00
  2.5503e+00   1.7287e+00
  6.2038e+00  -1.7215e+00
  1.6230e+00   1.8125e+00
 -2.4620e+00   8.4311e-01
  7.4329e+00  -1.4941e-01
 -2.9440e+00  -2.4625e+00
 -8.5228e+00  -1.1004e+00
 -6.7512e+00  -6.7122e+00
  3.9258e-01  -5.5645e-01
 -1.5871e+00   1.2934e+00
 -2.8507e+00  -2.3810e+00
  2.8267e+00   5.2862e+00
  6.2592e-01   3.5208e+00
  7.1477e+00   2.1043e-01
  2.5447e+00   5.8955e-01
  3.1708e+00  -1.1201e+00
 -3.1122e+00   6.8555e-01
  2.3109e+00   5.8954e-01
  7.7905e-01  -5.2477e+00
 -5.7637e+00   7.0515e+00
  3.5414e+00  -1.2177e+00
  7.9762e+00   1.7608e+00
 -2.7666e+00  -2.3984e+00
  1.1036e+00   1.3921e-01
 -2.9411e-01   2.4177e+00
  4.2259e+00   5.8785e+00
  1.9309e+00   5.6934e+00
 -8.2290e+00   2.1117e+00
  2.2335e-01  -5.0446e+00
 -1.7146e+00  -1.8504e+00
 -2.1984e+00   4.6846e+00
 -7.7073e+00  -2.4641e+00
  7.0836e-03   3.4250e-01
  6.9854e+00   1.6390e-01
 -2.4636e+00   1.5919e+00
  3.0587e-01   1.8230e-01
  1.4113e+00   5.9804e+00
 -3.9315e+00  -5.2547e+00
  5.2497e+00  -3.0189e+00
 -1.5129e+00  -5.4483e+00
 -9.9109e-02  -2.6594e+00
 -1.3214e+00  -1.0115e+00
 -6.2116e+00  -1.8424e+00
 -3.4016e+00   5.2438e+00
 -1.5722e+00   7.0703e+00
 -2.5232e+00  -4.1466e+00
 -2.2140e-01   3.1547e+00
  4.9999e+00  -3.9647e+00
 -2.2977e+00   4.2644e+00
 -4.2495e+00  -6.6869e-01
 -1.8078e+01   1.7021e+01
 -8.3225e+00  -5.4811e+00
 -8.1294e+00   3.0910e+00
  1.9401e+00   1.9478e+00
 -1.9966e+00   1.3568e+00
 -3.6293e+00   1.1402e+00
  1.1891e+00  -3.9588e+00
  4.1717e+00   3.8627e+00
 -4.2758e+00   8.2479e+00
  6.1567e-02   6.4733e-01
 -2.6907e+00  -7.5265e+00
  9.2320e-01  -1.1599e+00
 -1.5899e+00   9.6170e+00
  1.4639e+00  -5.4449e-01
 -7.1279e+00  -1.2265e+00
  3.0646e+00  -1.2669e+00
  1.2049e-01  -8.5139e+00
 -8.2839e+00  -8.6750e+00
  5.1489e+00   3.4961e+00
  6.2937e+00   4.4598e+00
  1.5972e+00   5.0146e+00
  3.6330e+00  -4.0843e+00
 -6.7549e+00   3.6274e+00
  5.5538e+00  -2.5197e+00
 -5.5177e-01  -5.6753e+00
  6.7106e+00  -5.3994e-01
  1.6464e+00  -1.4085e+00
  6.8102e+00  -2.9532e+00
 -1.2245e+01  -3.2661e+00
 -9.0491e-01   1.6547e+00
 -1.5802e+00   6.2724e-01
  8.1588e+00   5.4523e+00
 -3.9836e+00   1.4198e-01
  6.3856e+00  -6.0748e+00
 -2.8596e+00   1.9823e+00
  5.3209e+00   2.5265e-01
 -2.4102e+00   1.8251e-01
 -3.4978e+00   2.2931e-01
 -2.3928e+00   2.8988e+00
  5.7592e-01  -1.7272e+00
  4.0056e+00   5.1728e+00
 -3.1142e+00   4.7897e-01
  8.9293e+00   5.0877e-01
 -1.0664e+00  -2.6545e+00
 -5.6799e+00  -6.4064e+00
 -1.9888e+00  -6.1460e+00
  2.2638e+00   4.2745e+00
  2.0922e+00   1.4929e+00
 -6.7503e+00   4.6673e+00
 -6.3158e+00  -3.5055e+00
 -2.9966e+00   1.2427e+00
 -6.8506e+00   6.0470e+00
 -2.6656e-01   8.9398e+00
  4.0411e+00   1.8764e+00
 -3.1753e+00   1.4877e+00
 -2.4336e+00   4.7667e-01
  5.7242e+00   1.3870e+00
  4.5830e-01  -2.8524e+00
  1.4882e+00  -4.1256e+00
  2.5795e+00   3.5972e+00
  3.9645e+00  -5.2479e+00
  8.0242e+00   3.2147e+00
  1.8024e+00   2.6586e+00
 -2.0035e+00   8.5507e+00
 -3.5594e+00   6.0000e+00
  4.4963e+00   5.8295e+00
 -1.1720e+00  -8.4595e-01
  3.6072e+00   5.9565e+00
 -3.2338e-01  -3.1125e+00
  3.4564e+00  -8.3083e+00
  4.6942e+00   3.7873e+00
 -6.6512e+00  -2.5769e-01
 -5.2234e-01  -2.4860e+00
 -3.1294e-02  -8.6483e-01
 -3.5925e+00  -3.6490e+00
  7.6684e-02   1.3843e+00
 -3.0010e+00   3.6213e+00
  5.6404e+00  -1.1612e+00
 -1.4633e+00   4.3813e+00
  4.3255e+00  -3.3712e+00
  4.9842e+00  -4.5291e+00
 -3.6453e-01  -2.5846e+00
  4.0651e+00  -2.0691e+00
 -2.2039e+00   8.4936e-01
  8.8485e+00  -3.1397e+00
 -6.3196e+00  -2.5285e+00
 -9.2373e-01  -6.1092e+00
 -1.8644e+00  -1.1406e+00
 -6.6971e+00  -3.2059e+00
 -9.0528e+00  -5.7462e-01
 -3.3980e+00   1.4437e+00
 -6.8980e+00  -4.3627e+00
  5.1729e+00  -5.4277e+00
 -1.6373e-01   6.6722e-02
 -2.1396e-01  -7.7281e-01
 -7.2976e-01   4.5533e+00
  5.7788e-01  -1.4249e-01
 -7.7071e+00   1.0879e+00
  2.2704e+00   1.3958e+00
 -9.8210e+00   4.1730e+00
  3.8173e+00   6.0934e+00
 -1.4205e+00  -1.0813e+00
 -1.2544e-01  -4.2303e+00
  1.7309e-01  -6.6295e-01
  1.6850e+00   2.2193e-01
 -5.0403e-01   1.8245e+00
 -6.5808e-01   9.8253e-01
 -4.0155e+00  -5.4006e+00
 -5.0261e+00  -3.2917e+00
 -5.4802e-01  -1.7392e-01
 -1.7260e+00   6.0212e+00
  4.4811e+00   2.3067e+00
  4.4885e-01   4.5814e+00
  7.7140e-01  -6.7697e+00
  2.1435e+00  -3.1812e-01
  4.7561e+00   4.1068e-01
  5.8490e+00   2.6262e+00
  4.7793e+00   1.7900e+00
  3.5135e+00   8.6191e+00
  2.3926e+00   5.7352e+00
 -1.8574e+00  -6.9151e-01
  7.9381e+00   5.5617e+00
  2.3268e-01  -4.4223e-01
 -2.2093e+00  -2.7120e+00
  2.2908e+00  -1.4832e+00
  8.9231e+00   1.6513e+00
 -2.2594e+00  -5.3157e+00
 -1.6464e+00  -2.7925e+00
  9.6635e+00   2.8198e-01
 -6.4162e-01   6.6297e-01
  1.8121e-01   6.5629e-01
  6.1948e-01   8.6435e-01
 -3.9034e+00   6.8722e+00
 -9.0819e-02   8.6322e-02
 -6.6044e+00  -8.7208e-01
 -4.3079e+00  -4.4884e+00
 -1.9311e+00  -2.5495e-01
 -5.0712e+00   1.0462e-02
  6.8127e+00  -6.8718e-01
 -6.4052e+00  -4.8716e+00
 -2.7747e+00  -3.8505e+00
 -7.7584e+00   1.5676e+00
 -3.5363e+00   2.8826e+00
  2.2472e+00  -6.5909e+00
  8.7303e-01  -1.4179e+00
 -1.0821e+01  -1.3506e+01
 -3.0783e+00   1.2402e+00
 -2.2407e-01   1.6031e+00
  3.5112e+00   4.0284e+00
 -9.3002e+00  -2.3943e+00
  5.1392e-02   1.5855e-01
 -1.4825e+00  -7.3207e+00
 -6.6426e+00   4.8583e+00
  4.4272e+00   6.6922e+00
  4.8702e+00  -4.0031e+00
  3.5001e+00   3.5820e+00
  5.2871e+00   7.1485e+00
 -6.2891e-01   9.3782e-01
  4.2775e+00   4.8896e+00
 -2.7016e+00   7.9718e-01
 -6.7966e+00  -4.5219e+00
 -2.2207e+00   4.0952e+00
  1.0417e+00   6.5990e+00
 -5.7395e-03  -3.3341e-01
 -7.4884e+00   4.1149e+00
  1.5711e-01  -1.0028e+00
  1.5594e+00   1.7931e+00
  8.9507e+00  -4.3436e+00
 -1.4157e+00   3.6214e+00
 -1.4951e+00   6.0368e+00
  3.9479e+00   5.5224e+00
  6.0377e-01   4.0085e+00
  7.4814e-01   3.2411e+00
 -1.8479e+00  -6.6891e-01
 -1.1440e-01   6.1332e-01
  4.8150e+00  -2.0806e+00
 -3.7386e+00  -5.2654e+00
  1.7418e+01   4.5033e+01
 -1.5068e+00  -1.4098e-01
 -3.1759e+00  -3.1037e+00
 -5.4152e+00  -3.0061e+00
  5.7018e-01  -7.2519e+00
  4.5015e+00   2.4040e+00
 -6.7327e+00   2.3030e+00
  4.3540e+00  -1.9246e+00
 -3.7066e+00   6.2543e+00
 -3.5943e+00   2.0854e+00
 -6.2637e+00   2.9834e+00
 -4.6217e+00   3.5547e+00
  2.8917e+00  -2.1584e+00
 -2.5388e-01  -1.0063e+00
  9.6941e-01  -2.9311e+00
 -2.2575e+00   1.6120e+00
  8.0989e-01   2.1512e+00
 -1.7884e+00   1.5618e+00
  4.8481e+00  -5.7170e+00
  1.0736e+00   2.0541e+00
  7.1008e+00  -4.3714e+00
 -4.7528e+00  -6.0720e-01
  3.9240e-01   6.6500e-01
 -3.5353e+00   4.8906e+00
