  1.4677e+00  -7.0731e+00
  1.5178e+00  -8.0977e-01
  7.2252e+00   8.4744e+00
  1.8116e+00  -1.4912e+01
 -1.0749e+02  -1.2965e+02
 -6.9739e+00  -1.9054e+01
 -7.9444e-01   2.4766e+00
 -4.6570e+00   1.4764e+00
  1.3503e+00  -3.0131e+00
 -4.7355e+00  -2.6622e+00
 -8.3373e-01  -5.7609e+00
 -8.4343e+00  -1.3694e+01
  7.4693e-01  -8.9815e-01
 -9.6959e+01  -5.3860e+00
  1.0664e+01   1.9614e+01
 -8.7788e+00   7.5953e-01
 -4.6974e+00  -6.6522e+00
  2.3015e+01   1.6694e+01
 -2.9626e+00  -4.7474e+00
  1.1707e+00  -4.1957e+00
  4.5839e+01   9.9995e+00
 -1.7683e+01   8.1086e+00
  1.1527e+01  -6.6561e+00
  1.5265e+00   2.5697e+00
 -4.2402e+01  -1.9690e+01
  2.7773e+00  -8.3004e+00
  1.8899e+02   5.0525e+01
 -2.2222e+02   5.7752e+02
  3.6458e+02  -2.3014e+02
 -3.1741e+00   1.2470e+01
  3.1271e+00  -9.3266e-01
  9.0200e-01   3.0056e+01
  1.2821e+00   2.6355e+00
  3.6889e+01   1.6932e+00
  1.1026e+01  -8.7903e+00
  1.2799e+00  -1.0500e+00
  7.3131e+01   1.5055e+02
  2.0651e+00  -4.1728e+00
 -5.6480e+00   3.9559e+00
 -7.7039e+00   2.6602e+01
 -1.2835e+01   1.2049e+01
  1.5052e+00  -1.2709e+01
 -1.0088e+01  -8.2410e-01
  6.3177e+00   1.4894e+00
 -9.5668e+01  -3.7092e+01
 -3.1363e+01  -1.0124e+01
 -2.7852e+00  -1.8959e+01
 -2.1835e+01  -2.2942e+01
 -1.8555e+00  -3.7669e+00
  2.6954e+01  -7.2930e+00
 -2.2489e+00   4.2664e+00
  3.2932e+00  -7.2285e-01
  4.7106e+00   8.7388e+00
  5.6479e+00   4.2812e+00
 -1.1930e+01  -3.9914e+00
 -3.8939e+00   5.4326e+00
 -7.1373e-01  -5.8632e-01
 -7.1635e+00  -8.0525e-02
 -6.5258e+01   1.7242e+01
  1.1451e+01   3.0120e+01
 -6.6338e+00   3.9421e+00
 -4.3179e+01   4.6142e+00
 -2.1517e+00  -1.6891e-01
  4.1200e+00   1.1562e+00
  1.6600e+00   1.9517e+01
 -4.7115e+00  -3.2129e+00
  5.0592e+00   3.1534e+00
  3.9346e+00  -4.0922e+00
  7.4027e+02   2.0461e+01
  8.7931e+00   1.0761e+01
  5.1251e+00  -1.3929e+00
 -1.4779e-01  -1.3234e+00
  6.1740e+00  -2.9003e+00
  1.7670e+01  -1.3350e+01
  1.8535e+02  -7.7128e+01
  1.7360e+01  -9.1476e+00
 -7.2022e+00   8.1068e+00
  1.0389e+01  -1.4743e+01
 -1.2320e+00   6.1957e+00
 -1.7809e+01   3.8598e+00
  1.0478e+01  -2.2150e+01
 -4.0882e+00  -2.2661e+00
 -2.0731e+01  -4.9141e+01
 -3.7320e-01  -2.3015e+00
  1.4427e+01   1.1555e+01
  2.6224e+00   8.6309e-01
  4.1293e+01   8.1970e+01
 -3.4719e+00  -5.0969e+00
  7.4579e+00   8.9169e-01
 -1.1961e+01   7.0280e+00
  6.4995e+00  -1.9786e+00
  2.6354e+00   2.2828e+00
 -2.1475e+00  -1.1067e+00
  2.2158e+00   6.4665e+00
  2.8065e+00   3.9691e+00
  5.6374e+00  -4.2438e+00
  2.9270e+01  -1.7270e+01
 -1.1414e+00  -1.5748e+01
 -4.5434e+00   4.0334e+00
 -4.2626e+01  -2.3895e+01
 -3.0180e+00   6.6602e+00
 -6.8325e-01  -3.0127e+00
 -7.2343e-01  -2.6316e+00
  4.3612e-01  -2.8278e+00
  1.0398e+00  -3.6226e-01
 -7.6909e+00   2.0553e+00
 -1.3645e+01  -1.8232e+01
  1.3191e+01   3.1547e+01
 -2.0390e+01   8.7425e-01
  5.8687e-01  -6.8654e+00
  2.2784e+00  -7.2154e-01
  4.7782e-01  -4.3496e+00
 -5.4072e+00   2.5424e+00
 -2.6337e-01  -4.0054e+00
 -3.8684e+01   2.2269e+01
 -6.5182e+00  -7.5642e+00
 -5.0008e+01  -4.3189e+00
 -1.1363e+01   9.3364e+00
 -3.8076e+01   1.1107e+01
  3.7618e+00   3.9840e+00
 -4.0205e+00   3.0139e+00
  4.1464e+00   3.4672e-01
  8.9633e+00  -1.9839e+01
 -4.8275e-01  -4.2335e+00
  1.8511e+00   1.9643e+00
 -6.5378e+00   2.7751e+00
 -2.0342e+01   1.5805e+01
  2.5858e+00   6.2397e-01
 -2.1353e+00   1.7441e+00
  1.6666e+01  -8.6061e+00
  3.0496e+00  -6.9111e-01
  2.6713e+00   1.6062e+00
  5.6553e-01   3.0359e+00
 -4.7165e-01  -7.1091e+00
 -2.4562e+00   1.5878e+00
  6.4578e-02   1.9405e+00
 -3.9035e+00   1.1785e+01
 -8.0136e+00   9.2171e+00
 -4.3612e+00  -2.4444e+00
  8.8767e+00   5.1275e+00
  1.9342e+00   2.4563e+00
 -9.5705e-01  -5.9456e+00
  1.0073e+01  -1.0271e+00
  3.4354e+00  -3.3441e+00
 -5.2468e+00  -6.6246e+00
  4.0430e+00  -1.5647e+01
  1.4771e+00  -4.5357e+00
  5.6150e-01   5.4293e+00
 -6.0361e-01  -1.0368e-01
  2.0803e+00   2.8216e+00
 -7.7544e+00  -2.2093e+01
  2.2055e+00   2.3479e-01
  5.9753e+00   6.1959e+00
 -3.5520e+00   3.9353e+00
 -8.3092e+00  -6.7855e+01
  1.1958e+00   5.4073e+00
 -3.5686e+00  -2.6158e-01
  5.9642e+02   5.6701e+02
 -1.9160e+00  -2.8021e+00
 -8.3031e-01   4.4375e+00
 -8.4805e+00   1.2947e+00
  4.6191e+00   8.1190e+00
 -9.2887e+00  -5.0909e+00
  1.6782e+02   5.8266e+02
  4.2551e+01  -3.7389e+01
 -1.5651e+01  -3.0857e+00
  4.2288e+00  -9.2706e-01
 -2.7673e-01   3.7850e+00
  3.3684e+00  -2.8318e+00
 -4.8436e+01  -7.6651e+01
  1.4596e+01   2.5718e+01
 -5.4683e+00  -1.4720e+01
 -3.6649e+02   2.3769e+02
 -3.5250e+00   5.0461e+00
 -7.8378e-02   3.3222e+00
  1.0220e+01   5.7960e+00
  1.4928e+00  -5.7424e+00
 -4.0388e+01   4.3169e+01
  4.9095e+01   9.4253e+00
 -1.1595e+01   5.2599e+00
 -1.7832e+01  -2.9235e+01
  2.5203e+00  -2.0236e+01
  1.9808e+00  -6.8723e-01
  4.0956e+00   5.4311e+00
 -2.5294e+00   1.0562e+00
  4.1599e+00  -2.5111e+01
 -8.9249e+00   2.1742e+00
  3.4129e+00   4.6225e+00
  2.2077e+00   1.4787e+00
  5.8716e+01   6.8381e+01
 -6.2958e+00  -9.0948e-01
  3.4633e-01   6.3184e+00
  6.6134e+00  -2.2838e+01
 -1.6439e+00   4.9580e+00
 -1.7701e+00   5.2095e+00
 -4.3307e+00  -2.1446e+00
  4.0245e+01  -1.0914e+02
  3.0288e+00  -8.5923e-01
 -8.7033e-01  -1.8797e+00
  1.0289e+01   7.2861e+00
  2.5909e+02  -2.3205e+02
 -6.0416e+00   3.3114e+00
  1.7346e+01   5.3052e+01
  2.1974e+00  -6.1992e+00
 -1.3182e+01  -4.3242e+00
 -5.7415e+01  -9.5890e+01
 -2.9240e+00   2.9166e+01
 -4.5855e+00   6.1832e+00
  1.3327e+02   7.0326e+01
  1.4715e+00   1.4760e+00
 -2.5214e-01  -5.0995e+00
 -7.7981e+00   1.9868e+01
 -2.6059e+01  -1.8961e+01
  6.6235e-01  -5.9649e+00
 -3.5829e+00  -5.8285e+00
 -6.5126e-01   3.6567e+00
 -6.8823e+00   3.9061e+00
 -1.0495e+00   5.3196e+00
 -1.3577e+01   1.2181e+01
  2.2089e+01   3.1061e+01
 -1.0988e+01  -1.0935e+01
  3.0580e+01  -9.1148e+00
 -3.3422e+00   9.7409e-01
  1.8261e+01  -3.1784e+01
 -2.2082e+00   1.6104e+00
  1.4625e+02   8.7298e+00
  4.5917e+00   1.7106e+01
 -2.4856e+00   8.3595e+00
  4.7948e+00   6.4384e+00
 -9.8820e+00   9.3141e-01
 -4.4987e-01   2.7442e+00
  2.5138e+00  -5.0866e+00
 -1.3669e-01  -1.6652e+00
  1.7346e+00   3.4327e-01
  1.9556e+00  -1.9015e+01
 -2.8832e+00  -2.5345e-02
  5.2632e-01   5.6471e+00
 -2.2220e+00  -2.9416e+00
  2.8670e+00   1.5711e+01
 -6.8952e-01  -4.5129e+00
  3.7933e-03   1.0143e+01
 -5.1794e+01  -9.6195e+01
  7.8715e+00   2.3393e+01
  2.0119e+01  -5.3559e+00
 -2.5384e+01   1.4429e+01
 -3.6278e+01   1.3900e+01
  2.4908e+00  -3.6432e-01
 -2.4689e+00  -1.7381e-01
  3.6878e+00   4.9199e+00
  4.3634e+00  -2.7858e+00
  5.8106e+00   2.3569e+00
  8.8993e+01   5.8402e+01
  3.9487e+00  -5.2042e+00
  6.5907e+00  -4.4930e+00
 -1.3531e+01  -4.3448e+01
  2.1197e+01  -5.5981e+00
 -7.7217e-01   5.1356e+00
  8.1805e+00  -8.6585e+00
  1.2723e+00  -1.1853e+00
 -4.7492e+00  -2.2103e+00
 -1.2494e+01   5.4047e+00
  2.1251e+00   3.5151e+01
 -6.6821e+00   2.3604e+00
 -3.5160e+00   3.2577e+00
 -3.5928e+00  -2.1923e+00
 -4.4153e+00  -2.8104e+00
  2.2502e+01   2.4332e+00
 -5.1486e-01  -3.2684e+01
 -8.4743e+01   2.5462e+02
  7.8799e-01  -9.6696e+00
 -4.7318e+01   8.7795e+01
 -2.0870e+01  -2.7157e+00
 -8.8099e+00  -1.7466e+00
 -7.5718e+00   3.7298e+00
  1.7296e+01  -6.8709e+00
  9.7964e+00   5.6275e+00
 -1.7197e+00   1.2092e+00
 -1.8240e+00  -1.6728e+00
  2.8178e-01  -2.4984e+00
 -2.4659e-01  -5.0420e+00
 -1.0470e+02  -3.2175e+01
  4.3575e-01  -7.0460e+00
 -3.9867e+00  -2.5478e+01
 -1.0472e+01   5.4952e+00
 -6.8692e+00  -3.7401e+02
  4.3620e+00   1.4378e+00
  3.3669e+01  -1.9032e+01
 -1.3213e+00  -5.3936e+00
  1.0810e+00  -2.1257e+00
  2.6810e+00   3.7696e+00
  4.4887e+00   3.6326e+00
  8.8153e-01   8.8027e+00
  2.2051e+00   3.9615e+00
  5.5779e+00   5.4388e-01
  4.6044e+00   7.3914e+00
  3.1115e+01  -3.2091e+00
 -6.1593e+00  -7.7406e-01
 -1.3303e+01  -7.1682e+00
 -2.0661e+00  -4.0068e+00
  9.1917e+01  -7.1413e+01
  5.5537e+00  -1.7118e+01
  5.6800e+00  -3.1418e-02
 -4.2492e+01   4.1235e+01
 -3.5306e+00  -7.3761e+00
  4.5432e+00   1.3880e+01
 -1.6122e+01  -6.6314e+00
 -2.0229e-01  -5.5701e+00
  2.7069e+01  -3.5890e+00
 -5.4182e+00   2.5974e+00
  1.2470e+01   1.3315e+01
  3.4781e+00   2.0441e+00
  3.2687e-01   8.4829e+00
 -8.8174e+00   8.7121e+00
 -9.9245e+01  -3.5255e+01
 -4.2662e+00  -2.1842e+01
  2.4207e+01  -8.1750e+00
  1.3977e+01   1.1747e+01
 -6.6615e+00  -2.2331e+00
 -1.1832e+00   1.7828e+00
  1.4624e+01  -1.7191e+01
 -6.6736e+00   4.9992e+00
  5.6008e+00   1.0761e+01
  2.6300e+00   2.9485e+00
 -3.2231e+00   7.2626e-01
  1.4590e+00   5.1797e+00
 -1.4405e-01  -4.0689e+00
 -4.8674e+00   2.5418e+00
 -1.4247e-03   9.5618e+00
 -6.3037e+00   1.4531e+01
  1.0050e+00   1.7601e+00
 -2.0660e+01   2.3470e+00
 -6.6333e+00  -5.7262e+00
  3.7133e+00  -3.1051e+00
 -1.3687e+01  -3.1537e+00
  2.6345e+01   4.0067e+00
  8.1417e+00  -1.1043e+01
  1.2641e+02  -4.5913e+01
 -1.1761e+00   1.1359e+00
 -8.9930e-01   2.5190e+00
 -2.6936e+00   1.4360e+01
 -6.4934e+00  -2.8366e+01
  9.8818e+00   2.2111e+00
  1.3720e+01   1.2971e+01
 -1.1654e+01   1.2495e+01
 -8.1825e+00   7.0214e+00
  2.0409e+00   1.4634e+00
  1.4978e+01   1.8464e+01
 -6.0977e-01   6.9546e+00
 -9.3585e+01  -8.1100e+01
 -7.2345e+00  -1.7527e+00
 -1.1621e+00  -3.9131e+00
  3.8480e+00   1.2053e+00
  1.3867e+01  -1.1888e+01
 -7.0393e+00   3.1557e+00
 -4.1268e+00  -6.1186e+00
 -1.2693e+01  -2.3133e+01
  9.4842e+01   7.4074e+01
 -1.4853e+01   3.8676e+02
 -3.8940e+02  -1.6841e+02
  1.9893e+00   1.2877e+00
 -1.5047e+01   1.1600e+01
  1.3026e+02  -5.8059e+00
 -1.0032e+01  -4.9492e+00
  2.0758e+02  -1.1268e+02
  2.5894e+01  -1.0474e+01
  1.7614e+00   5.3520e+00
  3.2327e-01  -5.1780e+00
  6.4355e+00   6.5926e+00
 -1.5937e+01   1.3803e+01
 -1.4500e+01   1.4287e+01
 -7.3494e+00   2.5162e+01
 -6.4138e+00   8.6002e+00
 -7.9514e+00  -5.8986e+00
 -7.4931e-01   2.8639e+00
 -2.3279e+00  -4.2629e+00
  7.7519e-01  -4.1015e+00
 -4.1702e+00   4.8170e+00
 -2.5064e+01   2.3044e+01
 -3.5817e+01   5.3263e+01
  7.5835e+00   1.0988e+01
 -4.8650e+00   1.6815e+00
  1.6799e+00   3.4676e+00
 -1.6681e+01   3.0664e+01
 -1.1602e+02   5.1688e+01
 -1.6476e+00   9.1861e+01
 -4.6596e-01   3.1082e+00
 -2.2072e+00  -1.7693e+00
  3.2452e+01   6.7597e+01
 -9.2276e+01  -5.7073e+01
  1.0305e+00  -8.4884e-01
  6.0057e+00  -3.0477e+01
  3.9693e+00  -1.7303e+00
 -2.8487e+00   3.9262e+00
  5.3276e+00   4.4318e+00
 -2.8527e+01  -2.7172e+01
 -1.6108e+01   2.1123e+00
 -6.9658e+00  -3.2718e+00
  2.1586e+00  -3.4237e+00
  5.3685e+00  -6.6540e-01
 -2.7758e+00   6.5575e+00
  4.6427e+00   2.7547e-01
  1.0005e+02   2.8560e+00
 -2.4923e+01  -3.2066e+00
 -4.5736e+00  -8.2803e-01
  7.1958e+01   1.0021e+02
 -8.4852e+01  -3.3803e+01
 -2.9438e+00  -1.3787e+01
  5.6703e+00  -1.6054e+00
  4.9107e+00  -9.4042e+01
  5.5043e+00  -6.8436e+00
  3.0986e+01  -2.0524e+00
 -4.8468e+00   1.8283e+00
 -1.3112e+01   2.1983e+01
 -5.7593e-01   1.2765e+00
  9.0775e-02  -2.7182e+00
  5.2119e+01  -1.3028e+01
  2.0966e+02   2.4181e+02
 -1.4945e+01  -2.2117e+01
  4.2279e+00  -1.9945e-01
 -6.2576e-01  -2.7897e+00
  2.4344e+00  -5.0319e+00
  1.8990e+00   3.4583e-01
 -8.4278e+00  -4.7793e+00
  3.3513e+00  -3.3514e+00
  2.5605e+01   9.1800e+00
  1.0484e+00  -7.5654e-01
 -3.8121e+00   3.0698e+00
 -2.3729e+00  -1.3336e+01
  1.6834e+01   8.8950e+00
 -8.7996e+00  -2.4744e+00
  5.3263e+00  -1.7854e+00
  5.8107e+00   2.2339e+01
  8.0878e+00   7.1900e+00
  5.0996e+00   6.1754e+00
  3.1067e+00  -3.7248e+00
 -5.3230e+00  -1.4623e+01
  4.1911e+01   1.0860e+00
  6.0989e+00  -1.1626e+01
  4.2748e+00  -8.6155e+00
 -4.9702e+00   3.6434e+00
 -6.7306e+00   7.0387e+00
  4.4277e+01   1.1434e+01
 -4.5851e+01  -8.5674e+00
  1.5674e+00   1.4406e-01
 -2.3254e-01   7.6389e+00
  1.8107e+00   8.7174e-01
 -3.8710e+00   1.5502e+00
  9.8385e-01  -5.4930e+00
 -3.6104e+00   5.0393e-01
  2.3077e+00   2.0068e-01
  2.5734e+01  -2.7339e+01
  4.6441e+00  -2.3910e+00
  8.9962e-01  -1.1207e+01
 -1.6538e+00  -2.7011e-01
  1.4979e+01   4.4135e+01
 -1.1911e+01   9.7918e+00
 -3.1735e+00   5.3821e+00
 -8.5072e+00   3.0825e+00
 -3.1838e+01  -4.6971e+01
 -3.6038e+01  -6.9776e+01
 -1.0294e+01   2.4828e+01
 -1.3798e-01   7.4526e+00
  7.5855e+00   2.2079e+00
  5.9474e+00  -6.1843e+00
  1.1537e+01  -1.0256e+01
  1.0592e+01   6.3014e+00
  4.7076e+00   1.2192e+00
  3.4817e+00  -4.3329e-01
  1.9954e+00  -1.5408e-01
 -1.8767e+01  -3.5916e+00
 -1.1516e+01  -1.8644e+00
 -5.7709e-02  -2.3060e+00
 -2.4024e+01   4.8523e+00
 -2.7240e+00  -5.4257e+00
  2.7177e+00   1.9082e+00
  9.2738e+01   3.5951e+01
 -1.7745e+01  -8.3397e+00
 -1.9238e+00   1.0512e+00
  1.7606e+01  -1.5284e+01
 -1.6858e+00  -3.5163e+00
  4.0439e+00  -1.3317e+00
  1.2030e+01  -4.0489e+00
  5.1214e+01  -4.1537e+01
  1.1134e+00  -7.1227e-01
 -2.1678e+01   7.6731e+00
 -2.5517e+01  -9.0878e+01
  9.2080e+00   7.9675e+00
  1.2589e+00  -1.1242e+00
 -1.7980e+01  -1.3504e+01
 -3.5476e+00  -9.1123e+00
  1.0767e+01   5.2055e+01
  2.0576e+01  -4.1346e+01
 -3.2991e+01   1.6471e+01
 -1.8874e+01   1.5082e+01
 -2.3027e+00  -1.1199e+00
  6.6303e+00  -5.7305e+00
  4.7601e+00  -1.1170e-01
 -5.6132e-01  -1.4936e+00
 -1.5306e+00  -7.6498e-01
  3.3756e+02   3.6998e+01
 -6.8163e+02  -2.4240e+03
  7.9464e+00   3.7487e+00
  5.4306e+01   3.8229e+00
  4.0310e+00   2.3941e+00
 -1.5050e+01   5.7896e+00
 -1.1653e+00  -2.7032e+01
  2.3329e+00  -3.6186e+00
  1.9710e+01   1.1519e+01
 -4.1372e+00   2.1773e+00
  2.9713e+01   1.2047e+01
 -3.2469e+00   3.3199e+00
  1.1116e+02   1.2379e+02
  5.6409e+00  -2.0670e-01
  1.8415e+01  -1.1111e+01
 -3.3758e+00   1.0930e+01
  9.1815e+00  -1.8540e+01
 -2.5049e+01   3.4088e+01
  1.0718e+01  -3.8484e+00
  2.7503e+01  -2.8939e+01
 -4.2735e+01  -1.8110e+00
 -1.9237e+00  -1.3586e+01
  5.4266e-01   1.5328e+00
 -3.2714e+00   3.6079e+02
  3.8821e+01   3.1353e+01
  1.2150e+00   4.2464e+00
  1.1396e+01   3.4091e+00
 -2.4129e+00  -8.0020e-01
  9.8136e+00   2.6257e+00
  1.7946e+00  -4.6382e+00
 -4.7253e+00  -2.8017e+00
 -1.1961e+01  -3.1525e-01
  1.0541e+02   3.4243e+01
  2.4988e+00   5.4457e+00
 -9.7650e+00  -2.7732e+01
 -1.6405e+01   7.1321e+00
 -4.6729e+01  -2.4764e+01
  6.3166e+01  -1.8311e+01
 -9.2974e+00  -9.3790e+00
 -3.3693e+00   9.6058e+00
  3.3416e+00   2.4581e+00
 -5.5919e+00   8.7906e-01
  1.8924e+00   3.1038e-01
 -2.7270e+00  -4.4084e+00
  4.7717e+00   7.7826e+00
  1.4739e+00   4.7837e+00
 -1.1401e+01   5.6608e+00
 -8.6971e+00  -1.6163e+01
 -2.8114e+00   1.7059e+00
  8.9123e-01   1.2034e+00
  1.6092e+01   1.3540e+01
  1.8195e+00  -1.2805e+00
  4.1250e+00  -2.2355e+00
  1.7762e+00  -3.6210e+00
 -1.8343e+00  -4.1099e+00
 -2.4378e+00   1.2595e+00
  3.0838e+00   1.3907e+01
 -1.4036e+01  -4.6884e-01
 -2.0655e+00  -1.5465e+00
 -1.0030e+01   1.7168e+01
  1.4194e+01   5.0926e+00
 -4.0942e+00  -1.3516e+01
 -1.3250e+03  -2.7133e+03
 -7.0256e-01   8.1579e+00
  8.0602e+00  -2.3459e+00
  2.2663e+01   1.0432e+00
 -1.5146e+00   4.6222e+00
  2.0599e+00  -1.2800e+01
  2.0612e+00  -3.1913e+01
 -1.0595e+01  -2.5576e+01
 -7.1208e+01   1.1595e+01
  3.8584e+00   1.4265e+00
 -2.2541e+00  -3.7749e+00
  8.1520e+02   1.9149e+01
 -7.0170e+00  -5.5452e+00
  1.6439e+01   2.5496e+01
 -5.7585e+00  -5.6456e+00
 -2.4328e+01  -3.8906e+00
 -3.3923e-01  -1.0633e+01
  1.3286e+01   2.2053e+01
 -1.0594e+01   9.2673e-01
 -9.2099e+00  -1.5213e+00
  1.0473e+00  -6.9725e-01
  2.2447e+01   7.1822e+01
  5.8544e+00  -4.4537e+00
 -2.4035e+00   9.8044e-01
 -1.6643e+00  -2.2855e-02
  2.9314e+00   1.3354e+01
 -9.1249e+00   1.5826e+01
 -4.2635e+00  -1.7931e-01
 -2.6138e+02  -2.3243e+02
 -1.8081e+00   2.7050e+00
 -4.5855e+00  -2.6930e+01
 -8.3206e-01   1.1135e+01
 -2.0494e+00  -8.4146e+00
  5.3411e+00  -5.5237e+00
  2.9693e+01   1.2758e+01
  8.6157e+00   7.2226e+01
 -6.0130e-02  -3.9736e-02
  1.9153e+01  -4.1948e+01
  7.5370e+00  -1.3789e+02
  1.2267e+01   5.7633e-01
 -1.7719e+00   2.2791e+00
  3.8656e+00   3.3171e+00
 -2.2813e+00  -3.1107e+00
  1.0584e-02  -2.2988e+00
 -2.3364e+00   6.1636e-01
  3.5139e+00  -2.4895e+00
  9.5612e+00   8.1915e+00
  8.8020e+01   1.5915e+01
  1.3296e+01  -9.0229e+00
 -2.1613e-03  -9.8181e+00
  4.3660e+00  -4.5095e+00
 -1.2999e+01   1.8369e+01
 -4.8879e+00  -4.3242e+00
  1.9726e+01   1.2693e+01
 -1.8517e+01   1.4628e+02
  1.7060e+01   3.9253e+01
  9.9649e+00   3.1203e+01
  1.8426e+00  -2.6763e+00
 -2.0288e+00   1.3590e+00
 -1.9950e+01  -8.5733e+01
 -5.7976e+00  -3.4989e+00
 -1.3370e+00  -6.1747e-01
 -6.7262e-01  -2.7443e-01
  7.0632e-01  -3.3142e+00
 -6.0176e+00   1.1056e+01
 -2.0854e-01  -2.5116e+00
  1.6284e+01   1.7785e+01
  5.0375e+00   5.0569e+00
  1.5200e+01  -1.2423e+02
 -1.7631e+01  -2.3868e+01
  4.3624e+01   2.5846e+00
 -1.5956e+01   7.9749e+00
  4.6919e+01   1.3314e+01
 -1.6869e+00  -3.4362e+00
  7.9690e+00   7.2231e+00
  1.3253e+00   4.5509e+00
 -1.1717e+01   1.0018e+01
  6.8760e+00   9.4294e+00
 -1.5327e+01  -4.1611e+00
  1.6994e+01  -1.2991e+01
  2.9489e+00   4.4925e+00
 -1.3732e+00   5.1906e+00
  5.8062e+01  -1.6247e+01
 -2.0477e+01   1.2500e+01
 -1.0309e+02   7.9157e+01
  1.5687e+00   2.8604e+00
  3.6644e-01  -6.1528e+00
 -1.3351e+01  -3.9203e+00
  3.7453e+01  -1.2334e+01
 -2.7907e+01  -6.9250e+00
  4.1607e+01   1.2942e+01
 -3.2274e+00  -1.4713e+01
 -7.1346e+00  -5.9457e+00
 -2.0214e+00   2.3492e+01
 -2.0581e+02   7.4816e+01
 -5.7987e+02  -5.7028e+02
  6.9961e+00  -6.0709e+00
  6.0964e+00   1.5870e+00
  5.4118e+00   1.1503e+01
 -3.2382e+00  -8.8569e+00
 -4.7243e+00   1.4746e+01
  1.1639e+01   7.0863e+00
 -6.2186e+00  -5.8053e-02
 -3.2503e+01  -3.6081e+01
  2.6366e+02   2.4308e+02
 -7.8886e+00   9.5419e+01
  1.6259e+01   4.2432e+00
  3.8292e+00   8.9028e+00
 -6.5032e+00  -9.3091e-01
 -9.4028e+01  -1.4964e+02
  2.2607e+01  -1.6213e+01
 -3.5446e+00   2.5212e-02
 -2.2712e+00  -7.0892e+00
  4.3906e+00  -3.7018e+00
 -3.4637e+01  -1.8106e+00
  3.0378e+00   7.7836e-01
  3.7203e+00  -3.4942e+00
 -6.2001e+00   3.8857e+00
 -1.2790e+02  -1.2653e+02
 -1.8898e+00  -3.2147e+00
  1.6089e+01  -1.3018e+01
 -1.6807e+00  -2.3401e+00
 -4.0281e+00  -4.9856e+00
 -1.9929e+01  -1.3023e+00
 -2.8523e+00   1.0173e+00
  9.2659e-01  -3.5644e+00
  4.1590e+00   8.8746e+00
  1.3262e+03   2.7156e+03
  2.8506e+00   2.1510e-01
 -2.9085e+00  -1.9288e+01
 -4.3276e+00   1.5083e+01
  6.6359e+00   2.5644e+00
 -1.6376e+01  -5.6273e+00
 -1.2677e+01   6.0098e+00
 -2.0967e+00   2.7221e+00
  4.1183e+00  -1.1825e+01
 -2.5506e+00  -1.8752e+00
  3.1424e+00   6.7082e-01
  6.6889e+00  -2.0286e+00
 -1.4653e+01  -7.9868e-01
 -2.4947e+01   1.4776e+01
 -5.0172e+00  -1.3057e+01
 -8.2274e+02  -2.3058e+01
  3.1900e+00  -1.8552e+00
  4.3132e+00   9.9301e+00
  6.2715e+00  -1.0711e+01
 -1.6086e+01  -2.1409e+00
 -2.0217e+01  -3.2066e+00
  5.8668e+00   1.3616e+01
 -2.1637e+01  -2.7847e+00
 -4.4194e+01  -2.8092e+00
 -9.4557e+00  -1.5988e+01
 -9.9333e+00  -6.6217e+00
  5.1046e+01   2.8803e+01
  1.9089e+01  -5.6946e+00
 -4.2971e+00   9.5115e+00
 -1.3263e+00   3.5153e+00
 -2.9313e+00  -8.7426e-01
  4.0909e-01   1.2698e+00
 -1.6205e+00  -2.6400e-01
  2.3199e+00   2.4212e-01
 -1.1039e+00   9.0686e+00
 -1.0254e+01   2.4606e+01
  2.0121e+00   4.2735e+00
  1.2862e+01   1.0472e+00
  4.2814e+00   9.0485e+00
  9.2155e+00   2.4791e+00
 -1.0403e+01   4.7448e+00
  2.8289e+00  -3.3663e+00
 -4.5166e+01  -1.0473e+00
  4.8028e-01   2.6658e+00
  6.8083e-01  -1.4794e+01
 -3.9994e+00   5.6058e+00
  1.2444e+01  -9.8917e+00
 -9.7217e+00   1.5277e+00
 -1.2570e-01  -2.1805e+00
  3.0571e+00   1.9473e+00
  6.1360e+00  -4.5066e+00
  2.1071e+01   7.0565e+00
  6.7803e+00   2.2350e+00
  1.1650e+00  -6.4084e+00
 -9.8959e+00   3.3716e+00
  7.8566e+00   3.0457e+00
 -3.9812e+01   1.2466e+01
  4.1417e+00   2.5421e+00
  1.0376e+01   1.7483e+01
 -2.2421e+02   3.8613e+02
 -5.9659e+00   1.5779e+00
  7.0036e+00  -8.0046e+00
  1.6761e+00  -9.8406e-01
 -5.6175e-01  -1.3784e+01
 -9.3747e+00   4.3049e+00
  8.0084e+00   1.1283e+00
 -7.8069e+00   1.4602e+00
  1.2474e+00   3.4293e+00
 -5.6747e+00  -3.0666e+00
  3.0533e+00  -1.7402e+01
  2.2330e+01   8.8093e+00
 -1.9344e+00  -5.5223e+01
  9.9792e+00  -7.4047e+00
  9.1474e-01  -2.8245e+01
 -4.0579e+00   1.1577e+00
  2.8133e+01   1.1852e+01
 -2.8930e+00   2.2286e+00
 -3.7993e+00   3.4728e+00
 -1.8708e+00   3.4600e+00
 -2.4902e+00   8.9706e-01
 -1.3620e+00   2.3907e+00
  6.4321e+00   4.5905e-01
 -2.6119e+00   2.4913e-01
  2.3302e+00  -3.2458e+00
  4.0322e+00   3.8160e+00
  3.9945e+00   8.2558e+00
  1.7331e-01   1.1183e+01
  3.2639e+01   3.1143e+01
 -9.8207e+00  -6.0170e+00
  1.5000e+00   3.1258e+01
 -7.3084e+00   3.1258e+00
 -2.5848e+01   1.6021e+01
 -3.4110e+00  -1.7137e+00
 -1.1852e+02   2.0344e+01
  1.1948e+01   3.9500e+00
  9.6552e+00  -9.5371e+00
  1.0661e+01   6.2439e+00
 -2.7493e+00  -1.0535e+00
  3.3597e+00  -5.6235e+00
 -2.0788e+00  -5.4186e-01
  2.6069e+01  -1.7889e+01
 -7.1760e-01   3.4249e+00
 -3.3050e+00   5.0627e+00
  3.5517e+00  -3.1002e+00
 -3.4455e+00  -6.4264e+00
 -2.6895e+00   2.8859e+00
 -2.2266e+00   4.4412e+00
 -6.2803e+00  -6.2154e+00
  4.5147e+00  -1.1808e+01
 -3.9733e+01  -2.7007e+01
 -4.9764e+00  -8.1845e+01
 -2.7464e+02   2.5487e+02
 -4.1095e+00  -3.2317e+00
 -4.3949e+00  -3.4271e+00
  2.9945e+00   1.4308e+01
  3.2515e+01   2.5239e+01
 -5.2246e+00   3.4940e+00
 -6.6384e-01   3.1998e-01
  5.6409e+00   1.3623e+00
 -2.3034e+00   4.0841e+00
 -2.4214e+00  -1.3093e+00
  1.0257e+00  -5.0108e+00
  4.3705e+00   2.8360e+00
 -2.6978e-01   1.7800e+00
  2.3003e+01  -3.2467e+00
 -7.6071e+00  -3.3587e+00
 -7.3451e+00   2.0336e+00
 -3.6263e-01  -1.5988e+00
 -2.1318e+02  -2.4171e+02
 -1.3280e+00  -5.3350e-01
  8.5144e-01   2.9082e+00
 -2.7455e+00   3.1031e+00
 -3.8440e+00  -1.6556e+01
 -6.2015e+00  -5.0211e+00
  2.6564e+00  -1.6155e+00
 -3.5448e+01  -4.4943e+01
  4.7306e+00  -3.8598e+00
  1.3666e+01  -1.1950e+01
  1.6230e+00  -1.0772e+00
 -1.8914e+02  -4.2469e+01
  1.4129e+01  -1.1846e+00
 -4.7702e+00  -7.5880e+00
 -4.1133e+00   6.7359e+00
  1.7494e+00  -1.4237e-01
  1.9393e+00  -6.8525e+00
 -5.9479e+00   3.3178e+01
  5.8547e-01   7.5523e-02
  1.8499e-01   6.0923e-01
 -1.9063e+01   1.2279e+02
  5.1793e+00  -2.3607e+00
  3.6820e+01  -2.1822e+01
 -1.5888e+01   2.7097e+01
  9.6429e-01   1.7527e+00
  1.5015e+01   1.4379e+00
 -1.3904e+00   6.9422e+00
 -2.9884e+00  -6.5709e+00
 -5.8864e+00   1.6720e+01
  6.9221e-01   2.8746e+01
  1.7022e+00   2.7662e-01
 -4.3879e+00   2.5154e+00
 -3.2749e+00  -1.4856e+00
 -3.6358e+00   1.1225e+01
 -3.6624e+00  -2.0594e+00
 -1.9549e+01  -1.1192e+01
 -5.6929e+00  -3.5133e+00
 -2.4489e+01   2.8139e-01
 -1.2137e+01   1.3437e+01
  2.4678e-02   1.5601e+00
 -7.2188e+00  -1.5297e+01
  3.0794e+00  -1.8352e-01
 -7.5200e+00  -2.9371e+01
  1.6386e+01  -3.6070e+01
  7.6368e+00   4.2701e+00
  6.3157e+00   2.4714e+01
  2.4385e+00  -2.9370e+00
 -1.9317e+01  -8.5906e+00
 -2.4928e+00  -3.9391e+00
  1.1073e+01  -7.3020e+00
  6.4232e+00  -3.8322e+00
 -2.7056e+00   4.2384e+00
  1.3617e+00  -5.1057e+00
 -1.7908e+00  -2.3766e+00
 -1.8195e-01  -1.8705e+00
  5.5574e+00  -4.4484e+00
  1.5342e+00  -6.9083e+00
 -1.9333e+00  -2.2739e+00
  1.7458e+01   2.8694e+01
  2.3430e+00   7.0386e+00
  1.0824e+00  -7.8598e-01
  2.7463e+01  -9.7092e+00
 -8.6092e-01  -1.2713e+01
  5.2894e+01  -8.9977e+01
 -8.9982e+00   9.9509e+00
 -6.6032e+00  -3.7741e+00
 -9.2397e+00  -5.1628e+00
  5.5327e+00   5.6477e-01
 -5.5991e+00  -8.5923e-01
 -2.6418e+00  -3.4701e+00
 -2.9128e+01   3.0175e+01
 -7.5121e+02  -2.6628e+01
 -1.4482e+02  -2.5280e+00
  3.6473e+00  -4.8675e+00
 -1.8206e+00  -2.5647e+00
  9.4741e+00   1.6498e+01
  2.8572e+02  -3.5475e+02
  1.0431e+01  -1.4438e+01
  3.6974e+02   1.7676e+02
 -3.4330e+02  -1.4272e+01
 -2.3663e+00   8.9862e-01
 -3.9682e+00   1.1575e+01
 -7.7920e+01   2.0358e+02
 -1.7244e+01  -2.1065e+01
 -1.9352e+01  -7.8070e+00
  4.2839e+00  -1.3598e+00
 -7.3315e+00   3.3290e+00
  2.1164e+02  -5.6926e+02
  1.4230e+00  -5.8953e+00
 -4.5123e+00   9.3481e+00
  3.9752e+00   1.0016e-01
 -2.3772e+01  -3.1671e+01
 -1.7919e+00  -1.5560e+00
  5.7524e-01   1.6103e+00
  5.2587e+00  -3.4880e+00
 -2.9224e-01   3.3062e+00
  1.1628e+01  -1.8227e+01
  8.0292e+00  -3.8301e+02
  4.0368e+01   4.6496e+01
 -1.0268e+00   1.2534e+00
  1.3085e+00   7.3550e+00
  8.8285e-01   4.0132e+00
  3.2351e+00   9.2676e+00
  1.7410e+01   5.3804e+00
 -7.9805e-01   1.4484e+01
  1.6328e+01  -4.6306e+00
 -2.2700e+01   2.6649e+01
  6.0582e+00   4.0291e+00
  7.4847e+00   3.7010e+00
  1.7686e+00   1.8801e+00
  4.0216e+00   9.7253e+00
  1.0253e+02   5.9562e+01
 -5.1990e+00  -4.2736e-02
  2.4342e+01   6.7570e+01
  1.2927e+01   4.0008e+00
 -2.7914e+01  -2.4628e+01
  2.0678e+00  -1.3287e+00
  1.1813e+00   1.9536e+00
  2.9895e+00   3.3828e-01
 -5.4886e+01  -2.1411e+01
  6.9938e+01  -2.8829e+02
 -5.8057e-01  -6.1884e-01
 -1.0675e+01   7.2846e+00
  1.2827e+01   1.1800e+00
 -1.6398e+01  -9.3253e+00
  1.5122e+01   1.8001e+00
  5.3255e+00  -1.2404e+01
  1.2469e+00  -6.8649e-01
 -1.7910e+02  -5.8687e+02
 -3.0209e+01  -3.4924e+01
 -1.0264e+01   7.9839e+00
 -2.6051e+01   6.5064e+00
 -4.7543e+00  -2.3508e+00
 -9.6287e+00   1.3672e+00
 -3.8901e+00  -5.7335e+00
 -8.2270e+01   6.0223e+01
  1.2102e-01   1.4741e+00
 -2.9055e+00   1.4294e+00
  4.1654e+00   1.8833e-01
  9.8787e+00  -1.5172e+01
 -7.5497e+00   2.5162e+01
 -4.2275e+00   2.4381e+01
  2.1850e+01  -1.1268e+01
  6.3207e+01  -2.0550e+02
 -2.0106e+02   8.9039e+01
 -5.8665e-01   2.3226e+00
  5.4255e+00  -1.9695e+00
 -5.9021e+00  -6.8637e+00
 -3.9332e+00  -1.7645e+01
  3.4052e+00  -8.8434e+00
  5.7292e+00  -1.4035e-01
 -3.0231e+00   3.4889e+00
  1.2187e+02   1.3472e+02
  6.0959e+00   5.7480e+00
 -6.2627e+00   4.0201e+01
  6.8746e+00   1.3340e+01
 -4.6296e+00  -2.1002e+01
  9.2803e+00  -2.3491e+01
  4.2361e+00  -5.4239e+00
 -4.6211e+00  -2.3755e+00
  6.8723e+02   2.4136e+03
 -2.3864e+00  -1.4403e+01
 -6.8193e-01  -5.2358e+00
  6.1099e-01   4.4427e+00
  3.3209e+00  -2.2132e+00
 -2.0183e+01   4.4120e+00
  1.4804e+00   9.1641e-03
  1.8918e+01   7.1813e+00
  2.0241e+01   5.1847e+01
 -8.7773e-01  -3.1409e+00
 -4.0085e-01   2.6498e+00
 -2.4900e+01  -3.1369e+01
 -2.1192e+00   2.9477e+00
 -4.2585e+01   3.4065e+00
  7.9632e+00  -3.3452e+01
  1.6877e+00  -5.7995e+00
 -1.4336e+01  -4.2579e+00
  1.1930e+01   3.5443e+01
 -2.2694e+00  -4.8706e+00
 -3.9091e+01   7.4406e+00
 -6.9763e+00   4.5817e+00
  2.8085e+00   3.0764e+00
 -1.0189e+01   3.7854e+00
  2.1000e+00   2.2452e+00
