  1.0797e+01  -2.1520e+01
  1.2841e+01  -1.9381e+00
  8.5215e+00   3.3058e+01
 -8.5485e+00  -2.8983e+01
 -2.3380e+02  -2.8415e+02
 -1.2009e+01  -4.1647e+01
 -2.0505e+00   6.8369e+00
 -4.2566e+00   2.1133e+01
 -4.3738e+00   1.8867e-01
  9.9140e+00   3.1064e+00
 -1.6692e+01  -3.6632e+00
 -2.8029e+01  -2.7821e+01
  8.7775e+01   4.9019e+00
 -2.1524e+02  -1.2015e+01
  2.8839e+01   4.4914e+01
 -6.4547e+01  -1.5109e+01
 -5.2519e+00  -9.6086e+00
  5.2084e+01   3.4777e+01
 -1.1190e+01  -5.8277e+00
  7.7649e+00  -1.6255e+01
  9.8881e+01   2.3053e+01
 -3.7868e+01   1.8904e+01
  1.8926e+01  -1.1861e+01
  1.7115e+00   1.2768e+00
 -9.5815e+01  -3.8403e+01
  6.7326e+00  -1.9739e+01
  4.0296e+02   1.0840e+02
 -5.7698e+02   1.5007e+03
  8.6253e+02  -5.5241e+02
  2.5020e+00   3.1753e+01
  6.9688e+01   2.7377e+01
  2.8464e+00   5.5412e+01
  6.3535e-01  -3.3805e+00
  1.5584e+02   7.6354e+00
  1.1543e+01  -1.9976e+01
  1.2983e+01  -4.6978e+00
  1.6588e+02   3.3851e+02
  7.2331e+00   1.8688e+00
 -4.0362e+00   5.5129e+00
 -1.2487e+01   6.0247e+01
 -3.5250e+01   2.5877e+01
  1.4101e+00  -2.3123e+01
 -2.5263e+01   1.4599e+00
  2.1572e+01   9.1947e+00
 -2.4089e+02  -9.3463e+01
 -6.3840e+01  -2.6232e+01
 -3.1222e+00  -4.8618e+01
 -5.3678e+01  -4.4988e+01
 -5.9836e+00  -1.3041e+01
  5.5666e+01  -2.3434e+01
 -1.2698e+02   1.2647e+02
  1.1890e+01  -1.1277e+00
  1.9757e+01   1.5892e+01
  6.0818e+00   3.0290e+00
 -2.4324e+01  -9.7123e+00
 -2.0637e+01   2.2586e+01
  1.7645e+00   1.8578e+01
 -1.2191e+01  -1.2562e+01
 -1.4093e+02   3.4123e+01
  4.0442e+01   8.7057e+01
 -2.3150e+01   1.2957e+00
 -1.1830e+02   6.8010e+00
 -2.3856e+01   7.3200e+00
  3.4963e+02   1.6662e+03
  1.3811e+00   4.5525e+01
 -2.5428e+00  -1.7225e+01
 -5.0975e+00   8.4686e-02
 -3.1845e+00  -9.3451e+00
  1.6699e+03   4.9959e+01
  1.6497e+01   2.7913e+01
  8.1937e+00   9.3464e+00
  1.2021e+01   6.3435e-02
  7.1538e+00   7.1005e+00
  4.5828e+01  -4.1579e+01
  4.1364e+02  -1.7599e+02
  7.5355e+01  -3.8227e+01
 -3.9526e+00   1.8873e+01
  2.0084e+01  -4.3333e+01
 -9.3118e+00   1.2722e+01
 -3.5919e+01   6.4138e+00
  3.3472e+01  -5.2979e+01
 -2.1415e+01  -1.1632e+01
 -5.6726e+01  -1.1240e+02
 -8.1619e+00  -3.2369e-01
  3.1328e+01   2.3984e+01
  2.1366e+01  -1.1512e+01
  9.5543e+01   1.8506e+02
  6.0753e+00  -1.3023e+01
  5.7610e+00   6.0213e+00
 -3.0787e+01   3.3105e+01
  1.7909e+01  -3.2115e-01
  1.1783e+01   6.4618e+00
 -3.7499e+01  -6.0045e+00
  5.5434e+01   3.3181e+01
  6.0690e-01   6.9464e+00
 -1.2048e+00  -1.0438e+01
  7.8622e+01  -4.2529e+01
  1.2895e+01  -6.7095e+01
 -8.2521e-01   9.1961e+00
 -1.0061e+02  -4.4157e+01
 -1.2601e+01   1.0273e+01
 -2.5956e+02   2.1813e+03
  6.4970e+00   8.9947e+00
 -4.1672e+00  -2.2593e-01
  5.9929e+00  -1.8075e+00
 -1.0357e+01  -1.4005e+00
 -2.6763e+01  -3.7568e+01
  2.7078e+01   6.5765e+01
 -4.7398e+01   3.4383e+00
  1.5083e+01  -1.3582e+01
  8.0714e+00  -1.5474e+01
  1.9944e+00  -1.2566e+01
 -2.4042e+01   9.2754e-01
  3.5497e+00  -8.8920e+00
 -8.6297e+01   5.2544e+01
 -1.1300e+01  -1.4412e+01
 -1.5232e+02  -6.8778e+00
 -1.8846e+01   3.3170e+01
 -8.0443e+01   2.1133e+01
  4.2026e+00  -2.4748e+00
 -8.3602e+00   1.2481e+01
  8.2024e-01   9.8171e+00
  1.5946e+01  -3.9092e+01
  2.8063e+00  -1.7639e+01
 -2.7097e+01   2.1385e-01
 -9.1584e+00   9.1752e-01
 -4.2767e+01   3.7455e+01
 -9.4085e+01  -5.6139e+00
 -9.0933e+00  -1.3518e+01
  9.6686e+01  -5.4784e+01
  1.0384e+02  -1.4345e+00
  1.4193e+00  -6.1831e+00
 -6.8837e+00  -4.8698e+00
  1.2299e+00  -9.7947e+00
  7.8811e+00   2.8620e+00
 -7.9102e+00   1.6427e+01
 -3.4196e+00   1.4332e+01
 -2.9952e+01   3.3640e+01
  8.7125e+00  -3.6553e+00
  1.1747e+01   1.1272e+01
  8.4177e-01  -3.8531e+00
  1.0129e+01  -6.5063e+00
  1.8233e+01   6.0306e-01
 -6.8113e-02  -1.3762e+01
  1.7243e+00  -2.4342e+01
  1.4653e+01  -2.4289e+01
  1.6260e+01   7.6166e+00
 -8.8423e+00  -4.2761e+00
  8.8165e+00  -8.2061e+00
 -1.4566e+01  -4.4958e+00
 -1.8489e+01  -6.8804e+01
 -3.1116e+01  -5.3166e-02
  1.6145e+01   1.5364e+01
  5.2187e+01  -4.0982e+00
 -1.7349e+01  -1.6620e+02
 -8.7520e+00  -1.3292e+01
  8.9273e-01  -2.6942e+01
  1.3272e+03   1.2760e+03
 -2.3568e+02   8.4429e+01
 -1.4720e+01  -9.1076e+00
 -1.0442e+01   8.1497e+00
 -8.5308e+00   2.1140e+01
 -7.6785e+00  -7.2258e+00
  3.7628e+02   1.2781e+03
  9.6985e+01  -8.5727e+01
 -4.1143e+01  -1.7685e+01
  5.0732e+00   8.4116e+00
 -9.6418e-01  -2.5000e+00
  6.3885e+00  -1.2337e+01
 -1.1642e+02  -1.8127e+02
  3.1308e+01   8.7340e+01
 -1.3213e+01  -3.5352e+01
 -8.6708e+02   5.5441e+02
  2.8727e+00   4.9373e-01
  1.1881e+00   2.0770e+01
  2.4585e+01   2.5293e+01
  8.9372e+00  -2.3025e+00
 -9.0513e+01   9.7029e+01
  1.3973e+02   2.9011e+01
 -2.4347e+01   3.3090e+00
 -6.1978e+01  -9.3428e+01
  2.1827e+01  -4.8785e+01
  1.7024e+01   5.3449e+00
 -5.4933e-02   6.4890e+00
  7.0101e-01  -2.1791e+01
  1.5901e+01  -6.0162e+01
 -2.1404e+01   3.8099e-01
  1.3990e-01  -1.7054e+00
  1.0468e+01  -5.6099e+00
  1.7533e+02   2.0610e+02
 -1.4367e+01   7.9113e-01
 -5.9404e+01   6.1816e+01
  9.6836e+00  -4.2902e+01
  4.5520e+00  -1.3323e+00
  1.1604e+01  -6.7820e+00
  4.9816e+00  -3.2386e+00
  8.7140e+01  -2.3887e+02
 -4.1188e-02  -2.2634e+00
  9.7395e+00   1.4906e+01
  1.4892e+01   6.9139e+00
  5.5233e+02  -4.9513e+02
 -1.5943e+00   4.7759e+00
  3.3030e+01   1.2834e+02
 -2.2427e+00   3.7437e+00
 -3.2910e+01  -7.6230e+00
 -1.4212e+02  -2.2078e+02
 -8.5698e+00   6.1079e+01
 -1.6365e+01   2.1334e+01
  2.9889e+02   1.6532e+02
 -1.8899e+01  -3.1733e+01
  2.4818e+02  -7.1470e+01
 -1.4425e+01   4.0528e+01
 -5.9090e+01  -4.3717e+01
 -7.0573e+00  -3.1150e+01
 -6.9042e+00  -1.2056e+01
 -5.0712e+00  -1.2762e+00
 -3.3344e+01   2.4883e+01
  4.7704e-01   1.0961e+01
 -3.5522e+01   2.2186e+01
  5.7106e+01   6.3904e+01
 -2.0961e+01  -1.5726e+01
  7.0807e+01  -1.9077e+01
 -8.5161e-01   7.4944e+00
  4.0127e+01  -6.8688e+01
 -4.2430e+00  -1.0848e+01
  3.1130e+02   1.9198e+01
  7.9486e+00   4.3759e+01
 -1.1607e+01   1.1299e+01
  6.5479e+00   1.9169e+01
 -2.6341e+01  -6.7343e+00
  2.9437e+00   3.8482e+00
  5.2334e+00   8.4473e-02
 -2.1268e+01   1.8341e+01
  4.8157e-03  -5.9112e+00
 -1.1092e+00  -4.1723e+01
 -1.6659e+01   7.9202e+00
 -8.6474e-01  -3.6841e+00
  1.4495e+01   3.2516e+01
  1.1116e+01   2.6646e+01
 -4.9093e-01   1.7338e+01
  7.5102e+00   2.3371e+01
 -1.3288e+02  -2.2306e+02
  2.3344e+01   4.7093e+01
  4.3110e+01  -5.6359e+00
 -1.0399e+02   5.7409e+01
 -9.5538e+01   3.4330e+01
  1.5567e+00   9.4948e+00
  6.4158e-01  -1.4044e+01
 -5.7626e+00   1.5936e+01
  3.1419e+00  -4.8255e+00
  1.0091e+01  -2.5502e+01
  2.2300e+02   1.4645e+02
  1.3161e+01  -1.5884e+00
  1.3619e+01  -3.3724e+01
 -3.4808e+01  -1.0093e+02
  6.1635e+01   2.3568e-01
 -2.0040e+00  -5.3788e-01
  1.7275e+01  -1.5294e+01
  1.4449e+00   1.6129e+00
 -1.0669e+01  -1.2988e+01
 -2.9078e+01   2.1309e+01
  5.5965e+00   8.1973e+01
 -2.6193e+01   2.6773e+01
 -2.5889e+01   3.4722e+00
  5.4407e+00   1.2542e+00
 -3.8215e+01  -1.2749e+01
  5.6095e+01  -4.1689e+00
 -6.0527e-01  -7.5823e+01
 -1.8373e+02   5.7231e+02
  2.1098e+00  -9.0197e+00
 -1.0575e+02   1.9087e+02
 -5.3323e+01  -1.9081e+01
 -7.9689e+00  -6.4285e+00
 -1.6116e+01   1.3014e+01
  3.2246e+01  -1.1517e+01
  1.6373e+01   1.6654e+01
  1.3881e+01   1.8190e+01
  5.1992e+00  -2.2141e+01
 -1.3641e+00  -2.6381e+01
  8.2361e-01  -3.7885e+01
 -8.3268e+02  -2.6615e+02
 -8.4349e+00  -7.6492e+00
 -9.2258e+00  -5.3404e+01
 -2.8150e+01   6.0509e+00
 -7.2140e+00  -8.5178e+02
 -5.9256e+00   1.3194e+00
  8.7467e+01  -4.8582e+01
  1.7167e+01  -1.2422e+00
  1.0623e+01  -2.2852e+00
 -1.1482e+01  -1.9246e-01
  8.7323e+00   9.7585e+00
 -5.4819e+00   1.8572e+01
  4.2027e+00   2.9114e+00
  1.7588e+00   2.0483e+01
  3.4684e+00   1.6593e+01
  6.2458e+01  -1.3469e+01
  7.2053e+01   6.8381e+01
 -2.6558e+01  -1.9349e+01
 -2.9217e+00  -1.6752e+01
  2.0881e+02  -1.6059e+02
  2.7455e+02  -5.2456e+02
 -6.5116e+00  -3.3364e+01
 -1.0753e+02   1.0644e+02
 -1.3092e+01  -1.3042e+01
  3.3555e+00   3.3830e+01
 -3.5864e+01  -2.8333e+01
  3.7748e-01   7.6472e+00
  5.1932e+01  -1.1840e+01
 -1.5452e+01  -3.4691e+00
  1.3376e+01   2.8756e+01
 -5.3140e+00  -7.6940e+00
 -1.5449e-01   1.4447e+01
 -2.3899e+01   2.0167e+01
 -2.1692e+02  -7.8412e+01
 -1.0503e+01  -5.1716e+01
  5.4785e+01  -2.0250e+01
  4.1637e+01   1.9847e+01
 -1.1044e+01  -2.3955e+00
  4.8832e+00   7.2844e-02
  2.9114e+01  -3.5190e+01
 -6.8381e+00   1.0090e+01
  1.6459e+01   4.3683e+01
 -1.4034e+02  -1.9379e+01
 -3.1499e+00  -1.1411e+01
  6.8122e+00   1.3273e+01
 -1.4122e+01   2.5861e+01
  4.0806e+00  -8.4695e+00
 -6.8697e+00   2.2663e+01
 -9.8265e+00   2.6681e+01
 -1.9394e+00   7.8085e+00
 -4.1596e+01   3.9169e+00
 -1.4189e+01  -1.1972e+01
 -2.3327e+02   5.3724e+02
 -2.2093e+01  -6.8700e+00
  6.7828e+01   1.5746e+01
  1.1704e+01  -1.9646e+01
  2.8176e+02  -1.0932e+02
 -1.3961e+01   1.4170e+01
 -9.8350e+02   1.1973e+03
 -7.2766e-01   2.3536e+01
 -1.4769e+01  -5.9639e+01
  3.0855e+01   5.4781e+00
  2.3494e+01   3.4923e+01
 -2.1295e+01   2.2271e+01
 -2.5212e+01   2.3626e+01
 -7.3318e+00   6.6962e+00
  3.3288e+01   4.1093e+01
 -1.9851e+02   8.9927e+01
 -2.0226e+02  -1.7134e+02
 -3.5115e+01  -1.4517e+01
 -1.2679e+01  -2.6083e+00
 -5.8541e-01   6.5218e+00
  3.1685e+01  -2.6870e+01
 -2.0771e+01   1.0867e+01
  1.9874e+00  -2.0255e+01
 -2.6068e+01  -5.0523e+01
  2.0587e+02   1.6444e+02
 -4.8981e+01   1.2512e+03
 -1.0635e+03  -4.6968e+02
  2.2169e+00  -6.3927e+00
 -1.0507e+02   5.4231e+01
  3.1110e+02  -1.5188e+01
 -2.4198e+01  -7.6738e+00
  4.9042e+02  -2.5785e+02
  5.2968e+01  -1.8721e+01
  4.8148e+00   1.5074e+01
 -6.6003e-01   3.7887e+00
  8.8292e+00   4.8360e+00
 -4.4623e+01   2.3205e+01
 -3.4798e+01   4.2141e+01
 -2.3247e+01   4.6065e+01
  2.5403e+00   1.9184e+01
 -1.4880e+01  -1.4259e+01
  3.5597e-01  -9.6272e+00
 -1.2906e+01  -3.4431e+00
  1.0516e+00  -2.0369e+01
 -2.6493e+00   1.8267e+00
 -5.1004e+01   5.0801e+01
 -9.9456e+01   1.5324e+02
  4.1946e+01   3.1497e+01
 -2.1862e+01   4.6637e-02
 -5.8547e+01  -7.1869e+00
 -3.7656e+01   7.0168e+01
 -2.7626e+02   1.1527e+02
 -7.5807e+00   2.9622e+02
  8.6713e+00   7.2634e+00
  1.4286e+01  -1.1861e+01
  7.4453e+01   1.5948e+02
 -5.1976e+02  -3.0863e+02
 -1.6612e+01  -4.9865e+01
  1.1882e+01  -6.5143e+01
  1.5631e+00   5.7759e+00
 -4.8332e+00  -1.0995e+01
  1.8063e+00   4.9748e+00
 -7.7381e+01  -7.9580e+01
 -3.1984e+01   9.1096e+00
 -5.5534e+00  -6.9072e+00
  2.8422e+01  -3.5478e+01
 -5.7054e+00   7.9637e-01
  5.0080e+00   6.0998e+00
  1.1997e+01   1.8049e+00
  2.2666e+02   6.5609e+00
 -7.4187e+01  -1.1125e+01
 -3.2029e+01   6.7326e+00
  1.5184e+02   2.2462e+02
 -3.0180e+02  -1.0766e+02
 -2.4930e+01  -4.5352e+01
  1.5375e+00   5.1167e+00
  1.3627e+01  -3.0585e+02
  7.5462e+00  -1.3435e+01
  7.8515e+01  -7.4260e+00
 -1.0681e+01  -5.5972e+00
 -4.6209e+01   6.1792e+01
  4.6745e+00   1.6685e+01
 -5.3891e+00   7.1350e+00
  1.0978e+02  -2.6734e+01
  4.5354e+02   5.2227e+02
 -3.4769e+01  -5.1335e+01
  5.8145e+00   8.5864e+00
  4.5763e+01   2.1994e+00
  2.5085e+00  -2.5958e+01
  7.4171e+00  -4.5655e+00
 -1.8129e+01  -2.4335e+00
  8.4716e+00   1.5906e+01
  7.5328e+01   2.5627e+01
 -5.8583e+00  -2.5902e+01
 -7.9168e+01  -4.9390e+01
 -4.2792e+00  -2.5224e+01
  8.6027e+01   2.9268e+01
 -1.8488e+01  -3.2724e+00
  1.2461e+01   2.1565e+00
  1.2396e+01   7.0350e+01
  3.7635e+01   3.2562e+01
  1.3686e+01   2.3728e+01
  6.2038e+00  -1.8924e+01
 -7.8972e+00  -2.6413e+01
  1.3539e+02   1.0192e+01
  1.2071e+01  -3.2786e+01
  9.5045e+00  -1.5923e+01
  8.0680e+00   3.0492e-01
 -1.0684e+01   2.4676e+00
  9.4692e+01   2.3586e+01
 -1.3761e+02  -2.3716e+01
  8.8385e+00  -1.1080e+01
 -1.2560e+00   3.7881e+01
 -4.5195e+00   1.2727e+01
 -1.2136e+01   1.0445e+00
 -3.6549e+00  -1.6736e+01
  4.4080e+00  -6.7326e+00
  1.0062e+01   1.1675e+01
  4.9572e+01  -5.6813e+01
 -6.5093e+00   1.7309e+00
  6.3181e+00  -5.9804e+01
  1.8101e+01  -1.7291e+01
  3.0220e+01   1.0328e+02
 -1.8329e+01   1.7681e+01
 -4.3221e+00   1.1959e+01
 -3.1212e+00   5.0882e+00
 -6.1270e+01  -1.0324e+02
 -7.9931e+01  -1.5507e+02
 -3.0809e+01   6.1797e+01
 -1.3103e+01   9.4674e+00
  1.8157e+01  -6.8664e+00
  1.0969e+01  -6.3613e+00
  3.0661e+01  -2.6364e+01
  2.3345e+01   2.5664e+01
  7.6264e+00   3.2364e+01
 -8.5318e+00  -8.1748e-01
 -1.0790e+01   1.7819e+01
 -4.1402e+01  -4.5148e+00
 -1.9159e+01  -4.2543e+00
  2.2875e+00   3.1758e-01
 -5.7656e+01   2.1399e+00
  2.1689e+00   4.3106e+00
  1.2068e+01   8.2800e+00
  3.0796e+02   1.3187e+02
 -3.3743e+01  -2.4823e+01
  3.0411e+00  -8.7356e+00
  3.3069e+01  -2.4719e+01
  5.4926e+00  -3.9074e-01
  1.3309e+01  -8.6732e+00
  8.6380e+01  -3.3690e+01
  1.2355e+02  -9.7824e+01
 -1.0374e+00   2.3827e+00
 -5.3223e+01   2.3674e+01
 -7.7317e+01  -2.7139e+02
  2.9964e+01   1.5419e+01
 -7.5305e+01  -1.7540e+01
 -5.1974e+01  -4.8814e+01
 -2.1411e+01  -2.4366e+01
  2.0919e+01   1.1737e+02
  4.7296e+01  -9.0049e+01
 -7.0466e+01   3.2345e+01
 -3.4461e+01   2.8925e+01
  1.4963e+01   1.6678e+01
  1.0265e+00  -1.6047e+01
 -7.3298e+00   1.2129e+01
  1.1253e+01  -9.6196e+00
  6.0395e+00  -6.1898e-01
  7.5666e+02   8.2330e+01
 -1.4972e+03  -5.3044e+03
  1.9673e+01   1.0579e+01
  1.0937e+02   8.6337e+00
  1.0184e+01   1.7938e+01
 -3.6255e+01   3.6581e+00
 -7.4524e+00  -5.5308e+01
  1.4612e+01  -4.0771e+00
  4.0056e+01   2.2727e+01
 -7.7702e+00   8.4448e+00
  6.5706e+01   2.7314e+01
 -4.4456e+01   2.9637e+01
  2.4521e+02   2.7113e+02
  2.3133e+00   7.5040e+00
  4.2796e+01  -1.9704e+01
  4.0131e+00   2.4835e+01
  2.3589e+01  -3.5023e+01
 -4.4794e+01   7.9657e+01
  2.2522e+01  -6.1402e+00
  7.2018e+01  -8.7267e+01
 -9.1275e+01  -1.3146e+00
 -4.5424e+00  -4.2244e+01
 -3.0929e+00  -8.0138e+00
  9.4121e-01   8.3990e+02
  9.0987e+01   6.5175e+01
  6.2409e+00   4.8558e+00
  1.3868e+01   7.2333e+00
 -4.2795e+00  -5.3148e+00
  8.4686e+00   4.6602e+00
  6.6039e+00  -1.6863e+01
 -1.1737e+00   6.9510e+00
 -1.7220e+01  -4.4909e+00
  8.4655e+02   2.6413e+02
 -8.4793e+00  -1.9209e+01
 -2.2330e+01  -5.9806e+01
 -3.3454e+01   1.5103e+01
 -1.1756e+02  -6.4582e+01
  1.3647e+02  -3.6096e+01
 -3.4309e+00  -2.9972e+01
 -1.0588e+01   1.9117e+01
  3.2712e+01   2.0927e+01
 -9.3536e+00   1.0409e+01
  2.7124e+01   2.5665e+01
  1.2734e+00   5.7234e+00
  1.2371e+01   2.1673e+01
  1.0953e+00   1.9033e+00
 -2.2890e+01   3.6428e+00
 -1.4755e+01  -2.1500e+01
 -1.5662e+01   1.2215e+01
  6.7427e+00   1.6457e+01
  4.7311e+01   2.6597e+01
 -2.7140e+00   4.1818e+00
 -1.6441e+00  -9.7117e+00
  5.0535e+01  -1.0315e+02
  4.9567e+00  -2.1347e+01
  1.1393e+01   1.1088e+01
 -1.9655e+00   3.6499e+01
 -3.5307e+01  -1.1853e+01
  9.8373e+00   9.5097e+00
 -2.8623e+01   3.8374e+01
  2.7484e+01   8.6258e+00
 -1.3763e+01  -3.1177e+01
 -2.9030e+03  -5.9467e+03
  1.5712e+00   1.2894e+01
  2.1986e+01  -7.9916e-01
  4.5162e+01   7.9020e+00
  5.4897e-01   1.1189e+01
  1.3948e+01  -2.3980e+01
  3.8923e+00  -7.1521e+01
 -2.5476e+01  -5.6454e+01
 -1.5309e+02   2.8176e+01
 -9.2058e-01  -7.4959e+00
  3.7715e+00   1.4740e+00
  1.7522e+03   4.2373e+01
 -1.5150e+01  -1.6356e+01
  4.2598e+01   5.9611e+01
 -1.9079e+01  -2.1123e+01
 -6.1380e+01   4.3764e+00
 -8.8823e-01  -1.6874e+01
  6.8457e+01   1.0683e+02
 -5.3661e+01  -8.2007e+00
 -1.6461e+01  -6.3170e+00
 -1.8609e+01  -1.1537e+01
  7.3853e+01   2.5059e+02
  1.0838e+02  -1.2539e+02
 -2.6482e+00   6.0667e+00
  6.4536e+01  -1.3740e+02
  1.9133e-01   4.0275e+01
 -1.2936e+01   3.6676e+01
  5.6482e+00   2.2312e+01
 -5.7118e+02  -5.0802e+02
  9.7988e+02  -1.2134e+03
 -9.7105e+00  -5.7996e+01
 -3.3213e+00   2.3135e+01
 -5.4021e-01  -1.3174e+01
  2.0611e+01  -1.8855e+01
  2.1669e+02   1.1703e+02
  2.2148e+01   1.6450e+02
  6.4406e+00  -1.6171e+01
  6.1552e+01  -1.2532e+02
  2.0832e+01  -2.9950e+02
  2.1276e+01  -8.6259e+00
 -7.5324e+00  -1.1724e+01
  1.2734e+01   1.7205e+01
  9.3837e+00   3.3486e+00
 -2.8136e-01  -9.1905e+00
 -2.1071e+01  -1.5368e+01
  1.3159e+01  -8.8498e+00
  1.4802e+01   8.0990e+00
  1.9286e+02   3.4240e+01
  3.8403e+01  -9.7529e+00
 -7.9313e+00  -4.4302e+01
 -4.9166e-03  -2.8593e+00
 -2.8345e+02   5.1581e+02
 -9.7368e+00  -2.7876e+00
  4.2351e+01   2.8352e+01
 -3.4749e+01   3.0894e+02
  4.7171e+01   8.9177e+01
  1.6151e+01   7.0722e+01
  2.4220e+01  -2.8862e+00
 -8.4424e+00  -8.1386e+00
 -4.3019e+01  -1.9049e+02
  3.3168e-03  -4.3631e-01
  1.4124e+01  -3.8049e-01
  1.5084e+01  -2.1187e+00
 -4.8157e+00   2.2532e+00
 -1.7570e+01   3.1407e+01
  8.0500e+00  -6.6426e+00
  4.4203e+01   3.3220e+01
  2.2637e+01   3.8364e+00
  3.7884e+01  -2.7541e+02
 -3.5041e+01  -4.6395e+01
  1.0714e+02   1.4340e+01
 -5.2129e+01   4.3302e+01
  1.0411e+02   4.1313e+01
  5.9178e+00   5.6338e+00
  1.0092e+01   1.6198e+01
  5.7530e+00   1.4452e+01
 -2.4193e+01   1.9735e+01
  2.4419e+01   8.1787e+00
 -3.4823e+01  -8.1880e+00
  3.8952e+01  -4.1576e+01
  1.9716e+00   1.8386e+01
  2.0528e+02  -6.8913e+01
  1.4452e+02  -4.6755e+01
 -3.7135e+01   3.0933e+01
 -2.1837e+02   1.6901e+02
  1.4653e+01   2.2823e+01
  9.2575e+00  -2.0201e+01
 -3.4503e+01  -1.1608e+01
  1.2235e+02  -3.7881e+01
 -8.9076e+01  -3.2457e+01
  9.0975e+01   2.8588e+01
 -5.2142e+00  -4.0455e+01
 -2.9744e+01  -2.7394e+01
 -6.9393e+00   7.8079e+01
 -4.6133e+02   1.7378e+02
 -1.3130e+03  -1.2766e+03
  1.9441e+01  -1.2168e+01
  2.9735e+01   7.1328e+01
  2.1237e+01   5.8080e+01
 -6.4549e+00  -1.5979e+01
 -1.5546e+01   3.8358e+01
  2.6673e+01   2.0898e+01
 -9.0688e+00  -2.8292e-01
 -7.2363e+01  -8.2091e+01
  5.6650e+02   5.2217e+02
 -1.7122e+01   2.0386e+02
  2.5126e+01   7.4846e+00
  1.7255e+01   2.4114e+01
 -1.3453e+01   1.6968e+00
 -2.0924e+02  -3.3510e+02
  5.8949e+01  -4.3615e+01
 -8.8272e+00  -2.6878e+01
 -5.1105e+00  -2.8502e+01
  2.6236e+02   5.6888e+01
 -1.5083e+02  -7.0706e+00
  1.6380e+01   8.3467e+00
  6.3437e+00  -5.6505e+00
 -1.3217e+01   2.0071e+00
 -2.8507e+02  -2.9152e+02
 -1.1547e+01   1.4675e+01
  4.8517e+01  -2.5742e+01
  7.7066e+00   3.2829e+00
 -8.7676e+00  -6.5749e+00
 -4.0446e+01   5.4659e-01
 -5.7271e+00  -6.3501e+00
 -1.9010e+00   9.5122e+00
  2.2258e+01   3.5021e+01
  2.9073e+03   5.9506e+03
 -6.6817e+00   1.2024e+00
 -1.8803e+01  -5.9821e+01
 -1.5991e+00   2.9559e+01
  1.8910e+01   2.2877e+00
 -3.5040e+01  -1.8271e+01
 -2.8295e+01   5.4401e+00
  4.4950e+00   5.2438e+00
  1.5280e+01  -3.5455e+01
 -2.6586e+01  -1.7647e+01
 -1.2589e+00  -7.5462e+00
  3.9050e-01  -1.1330e+01
 -3.7465e+01  -3.5616e+00
 -6.3556e+01   3.5160e+01
 -2.8706e+00  -2.9013e+01
 -1.7577e+03  -4.8070e+01
  4.2903e+02  -1.8854e+02
  7.1621e+00   6.6580e+00
  1.0606e+01  -1.8915e+01
 -3.7197e+01  -1.6100e+00
 -4.7203e+01  -2.2356e-01
  1.5427e+01   4.1703e+01
 -5.2658e+01  -1.1917e+01
 -9.9841e+01  -7.5373e+00
 -1.0552e+01  -3.0893e+01
 -7.3762e+00  -1.0839e+01
  1.2675e+02   7.1889e+01
  4.2869e+01  -1.9220e+01
 -2.0147e+01   2.6903e+01
 -1.7293e+01   1.9277e+01
 -5.5741e+01   9.5180e+01
  3.5961e+00   3.5576e+00
 -2.7690e+01   5.8816e+00
 -1.0966e+01  -1.2218e+01
  2.2920e+01   4.4912e+01
 -2.4511e+01   5.6314e+01
 -7.2025e+00   1.6973e+00
  3.6438e+01   7.0609e+00
 -1.2078e-01   1.6756e+01
  1.0982e+01   1.2361e+01
 -1.8529e+01   2.5828e+01
 -1.1491e+00   6.5498e-01
 -1.4437e+02  -1.8177e+00
  1.2281e+01  -3.6709e-01
  3.8614e+00  -3.7122e+01
  4.4019e+00   2.3632e+00
  5.4182e+01  -5.5404e+01
 -1.3562e+01   1.0773e+01
  7.0601e-01  -1.4790e-01
  4.6907e+01   3.1059e+00
  4.4307e+01  -8.6043e+00
  4.3751e+01   9.6006e+00
  2.3567e+01   2.6671e+01
  4.6656e+00  -5.5223e+00
 -2.7593e+01  -3.3560e+01
  3.0505e+01   6.3988e+00
 -9.6294e+01   3.3673e+01
  2.5711e+00   1.2784e+01
  2.7303e+01   4.4334e+01
 -5.1991e+02   8.8681e+02
 -1.4673e+01  -5.4480e+00
  1.1296e+01  -2.1288e+01
  2.5215e+02  -2.1741e+03
 -1.0645e+01  -4.1564e+01
 -2.2692e+01   7.8774e+00
  6.5867e+00   9.0735e-01
 -1.0220e+01   1.3302e+01
  2.4424e+01   1.1774e+01
 -2.2104e+01   3.7294e+01
  4.3677e+00  -4.7066e+01
  5.4363e+01   1.7250e+01
 -7.4240e-01  -1.1905e+02
  2.3918e+01  -2.4288e+01
  4.2888e+00  -1.0448e+02
 -2.8706e+00   4.1165e+01
  5.8604e+01   2.4479e+01
  6.3514e-01   1.1762e+01
 -4.3502e+00  -3.7943e-01
 -1.4262e+01   1.2982e+01
 -1.3447e+01   5.5719e+00
  5.4046e+01   1.3657e+01
  3.5252e+00   9.1577e-01
 -9.1030e+00   4.6704e-01
  1.3111e+01  -6.5906e+00
 -3.3563e+00   5.1835e+00
  1.5447e+01   5.4612e+00
 -4.6403e+00   1.3848e+01
  8.3230e+01   7.3858e+01
 -1.0493e+01  -1.9614e+01
  3.2118e+00   7.8807e+01
 -5.9987e+00   9.2009e+00
 -5.4053e+01   3.2951e+01
  9.8674e+00  -1.2182e+01
 -2.8572e+02   4.7536e+01
  1.4057e+01   7.7822e+00
  2.4598e+01  -3.0173e+01
  1.8471e+01   1.1061e+01
 -1.7434e+01   3.9050e+01
  2.6076e+02  -5.5117e+02
 -1.3944e+01  -1.1790e+01
  5.9282e+01  -3.3353e+01
 -1.1540e+01   1.7084e+01
 -9.8260e+00   9.7077e+00
  2.1097e+01  -3.8021e+00
 -2.3722e+00  -2.1081e+01
 -2.5767e+01  -2.8235e+00
  4.6148e+00   2.2460e+00
 -1.0453e+01  -1.2993e+01
  2.7259e+00  -1.8870e+01
 -8.6987e+01  -6.6525e+01
 -2.0327e+01  -2.7685e+02
 -5.8696e+02   5.4442e+02
  3.5440e+01   7.1296e+00
  2.5383e+00  -1.3064e+01
  2.4319e+00   2.7817e+01
  1.0074e+02   8.2135e+01
 -2.2370e+01   2.0729e+00
 -2.3021e+01  -1.0272e+01
 -9.4859e-01  -2.9177e+00
 -1.3857e+00  -1.2540e+01
 -3.1108e+01  -5.7521e+01
  1.0360e+01  -3.1348e-01
  5.6002e+01  -3.7856e+01
  6.6283e+00  -1.6605e+01
  6.0418e+01  -1.3811e+01
 -2.5423e+00  -2.4290e+00
 -1.9265e+01   6.0694e+00
 -6.7355e+00   2.6375e+01
 -4.6260e+02  -5.2540e+02
 -9.7383e+00  -1.2886e+01
  4.9198e-01   1.2175e+01
  5.8315e-01  -2.3215e+00
 -1.2259e+01  -2.8211e+01
 -4.9858e+00  -1.7841e+01
 -7.7987e+00   1.5942e+01
 -7.7566e+01  -9.2259e+01
 -2.5119e+02  -7.9843e+01
  2.7356e+01  -2.1432e+01
 -1.1070e+00   2.7253e+00
 -4.0446e+02  -9.0184e+01
  4.7171e+01   8.8223e+00
  1.0412e+01  -1.6891e+01
 -2.4713e+01   6.5854e+00
 -4.2001e+02   1.9536e+02
  1.9291e+00  -7.0940e+00
 -9.7664e+00   6.8597e+01
 -1.8326e+01  -1.1103e+01
 -1.1399e+00   4.8155e+00
 -3.7954e+01   2.7183e+02
 -3.4603e+01  -5.4168e+01
  8.0340e+01  -4.5661e+01
 -4.9485e+01   6.9224e+01
  2.2735e+01   1.3349e+01
  2.9858e+01   1.8861e+00
 -3.7572e+00   2.7980e+01
  1.3974e+00  -3.7040e+00
 -1.1943e+02   2.7779e+02
 -1.3260e+00   5.7038e+01
  7.1533e+00  -1.4905e+01
  2.9887e+00   3.0903e+00
  8.4069e+00  -2.1800e+00
 -1.8046e+01   4.5084e+01
  5.6282e+00  -1.4862e+01
 -6.2124e+01  -5.5524e+01
 -2.3056e+01  -3.9563e+01
 -5.0328e+01   5.2384e-02
 -1.9789e+01   3.1972e+01
 -1.1871e+01  -6.3610e+00
 -1.4176e+01  -3.2246e+01
 -2.6673e+00   1.2753e+00
 -2.7819e+01  -9.8753e+01
  3.2890e+01  -7.7765e+01
  4.5773e+00   3.0413e+00
  1.1182e+01   4.9835e+01
  1.6691e+01  -1.9871e+01
 -4.0426e+01  -3.0654e+01
 -2.8296e+01  -4.3236e+01
  3.0037e+01  -1.9049e+01
  5.0362e+00  -1.8130e+01
 -8.9453e+00   5.4980e+00
  2.4159e+00   8.6871e+00
 -7.2665e+00  -1.8787e+01
  5.1574e+00  -2.4174e+00
  4.7139e+00  -2.8399e+00
 -2.7668e-01  -1.3780e+01
  3.0216e+00  -7.3499e-02
  5.9745e+01   7.7116e+01
  6.2378e+00   8.0087e+00
 -7.5190e+00  -4.5570e+00
  6.0879e+01  -3.3175e+01
 -7.9715e+00  -2.3567e+01
  1.1114e+02  -1.9388e+02
 -1.8498e+01   2.5394e+01
 -2.6917e+01  -6.8511e+00
 -2.0771e+01  -1.0061e+01
  8.3108e+00   6.6331e+00
  1.4729e+00   2.5933e+00
 -7.2907e+01   1.3490e+02
 -7.4526e+01   7.8196e+01
 -1.6777e+03  -5.5748e+01
 -3.1003e+02  -4.9039e+00
  6.1655e+00  -8.2026e+00
  3.2655e+00  -2.9103e-01
  2.5154e+01   7.1155e+01
  6.5408e+02  -8.1907e+02
  2.3595e+01  -2.3514e+01
  1.0241e+03   4.7953e+02
 -7.7119e+02  -3.2544e+01
  8.0781e+00   2.9499e+00
 -1.1765e+01   2.0380e+01
 -1.6080e+02   4.4630e+02
 -9.3321e+01  -1.2079e+02
 -4.2351e+01  -1.5831e+01
  3.5029e+00   6.0979e+00
 -5.9934e+01  -1.0619e+01
  5.5105e+02  -1.4809e+03
  2.9673e+00  -8.4803e+00
 -7.5476e+00   1.6287e+01
  4.1132e+01   1.3216e+01
 -4.6934e+01  -6.6488e+01
  4.4564e+00  -1.4378e+00
  7.1681e+00  -5.5269e+00
 -7.1538e-01  -1.6745e+01
  3.5945e-01  -1.1655e+00
  1.4311e+02  -2.4604e+02
  2.5155e+01  -1.2428e+03
  8.3403e+01   1.0243e+02
 -1.1840e+01  -2.6458e+00
  2.1975e-01   1.8834e+01
 -2.4192e+00  -5.5332e+00
  6.8092e+00   7.8107e+00
  4.1695e+01   9.4935e+00
 -1.2391e+01   2.1972e+01
  3.3161e+01  -7.7771e+00
 -8.2027e+01   1.0255e+02
  8.3928e+01  -1.3574e+01
  1.3728e+02   2.5278e+01
  1.1100e+00   9.7295e+00
  1.1540e+01   2.1914e+01
  5.1420e+02   3.1048e+02
  4.3017e-02   1.6077e+00
  5.3704e+01   1.4858e+02
  2.1073e+01   5.3881e+00
 -5.9781e+01  -6.7127e+01
  9.5244e-02  -7.0271e-01
  3.8494e+00  -9.2539e+00
  1.4458e+01   2.5679e+01
 -1.1888e+02  -4.7020e+01
  1.6343e+02  -6.4617e+02
 -1.2475e+01  -8.2357e+00
 -1.4657e+01   2.6538e+01
  3.9939e+01   1.3379e+01
 -2.5354e+01  -2.1645e+01
  4.9443e+01   9.7019e-02
  8.9147e+00  -1.9813e+01
 -1.2568e+01  -4.7478e+00
 -3.8397e+02  -1.2849e+03
 -1.7842e+02  -1.9715e+02
 -1.6667e+01   4.0090e+00
 -6.0757e+01   8.1825e+00
  3.5818e+00  -4.8902e-01
 -1.6649e+01   5.0456e+00
 -4.4868e+00   1.9810e+00
 -1.7423e+02   1.2754e+02
 -1.4217e+01  -1.2385e+01
 -1.5602e+01   1.2209e+01
  7.2902e+00  -2.4142e+00
  1.3172e+01  -4.3401e+01
 -1.7285e+01   6.1736e+01
 -1.5831e+01   7.2722e+01
  5.2150e+01  -2.5922e+01
  1.4843e+02  -4.5013e+02
 -4.4310e+02   1.9247e+02
  1.5583e+00   5.9334e+00
  1.3116e+00  -3.6619e+00
  2.0084e+00  -1.9258e+01
 -2.0877e+01  -6.5120e+01
  1.2681e+01  -1.8457e+01
 -3.2964e+02  -1.6208e+03
 -7.2135e+00  -4.4638e+00
  2.7541e+02   2.9479e+02
  4.3751e+00   5.0468e+00
 -1.4509e+01   8.3429e+01
  1.3151e+01   2.3113e+01
 -6.9586e+00  -4.4097e+01
  1.9236e+01  -5.2584e+01
 -1.6644e+00  -2.8218e+00
 -1.4252e+01   4.2688e+00
  1.5027e+03   5.2971e+03
 -1.1731e+01  -3.5094e+01
  5.5041e+00  -4.8643e+00
  9.1676e+00   1.2274e+01
  2.1382e+01  -7.6488e+00
 -1.0832e+02   1.7720e+01
  7.9199e+00  -5.6221e+00
  3.6050e+01   1.7809e+01
  4.9242e+01   1.0690e+02
 -3.9228e+01  -1.4614e+01
  4.9729e-01   5.9187e+00
 -5.2910e+01  -7.9784e+01
 -5.3087e+00   9.2303e+00
 -9.2959e+01   8.6014e+00
  1.5991e+01  -6.9349e+01
 -1.3175e+00  -3.2730e+00
 -3.1386e+01  -1.2239e+01
  3.6443e+01   1.0952e+02
 -1.9597e+01  -1.1453e+00
 -1.1733e+02   2.3540e+01
 -2.5157e+01   1.8186e+01
  1.4581e+01   1.5063e+01
 -2.3424e+01   1.4514e+01
  1.8733e+01   1.2520e+00
