  2.1482e+00  -8.2198e+00
  2.0347e+00  -7.0976e-01
  7.3407e+00   1.0280e+01
  1.0787e+00  -1.5959e+01
 -1.1651e+02  -1.4068e+02
 -7.3469e+00  -2.0694e+01
 -8.3852e-01   2.4945e+00
 -4.8136e+00   2.8283e+00
  1.0991e+00  -3.0350e+00
 -4.0034e+00  -2.3802e+00
 -1.8929e+00  -5.5955e+00
 -9.8604e+00  -1.4728e+01
  2.8212e+00  -1.2923e+00
 -1.0541e+02  -5.8595e+00
  1.1978e+01   2.1445e+01
 -1.2794e+01  -4.0257e-01
 -4.6955e+00  -6.9449e+00
  2.5104e+01   1.7995e+01
 -3.5704e+00  -5.0522e+00
  1.5951e+00  -5.2085e+00
  4.9637e+01   1.0932e+01
 -1.9156e+01   8.8908e+00
  1.2111e+01  -7.0415e+00
  1.6639e+00   2.5808e+00
 -4.6222e+01  -2.1028e+01
  3.0726e+00  -9.2391e+00
  2.0427e+02   5.4658e+01
 -2.4756e+02   6.4346e+02
  4.0015e+02  -2.5316e+02
 -2.7285e+00   1.3894e+01
  4.5397e+00  -2.0176e+00
  1.0501e+00   3.1886e+01
  1.5677e+00   2.2732e+00
  4.5370e+01   2.1409e+00
  1.1451e+01  -1.0026e+01
  2.3829e+00  -1.3610e+00
  7.9756e+01   1.6397e+02
  2.6192e+00  -3.8796e+00
 -5.6437e+00   4.1670e+00
 -8.0441e+00   2.9026e+01
 -1.4450e+01   1.3068e+01
  1.5106e+00  -1.3511e+01
 -1.1202e+01  -6.6034e-01
  7.3013e+00   1.6635e+00
 -1.0604e+02  -4.1121e+01
 -3.3694e+01  -1.1280e+01
 -2.8051e+00  -2.1102e+01
 -2.4118e+01  -2.4526e+01
 -2.1110e+00  -4.5636e+00
  2.9028e+01  -8.4482e+00
 -1.1163e+01   1.3013e+01
  4.0194e+00  -7.3158e-01
  5.8542e+00   9.3291e+00
  5.8289e+00   4.1765e+00
 -1.2890e+01  -4.4150e+00
 -5.0969e+00   6.8518e+00
 -4.0508e-01  -1.1312e+00
 -7.7033e+00  -9.4537e-01
 -7.0666e+01   1.8449e+01
  1.3523e+01   3.4200e+01
 -7.8927e+00   4.0494e+00
 -4.8552e+01   4.7715e+00
 -3.7071e+00   5.8175e-01
  5.3315e+00   2.1213e+00
  1.6402e+00   2.1401e+01
 -4.4750e+00  -4.3784e+00
  4.2444e+00   2.9819e+00
  3.3638e+00  -4.8121e+00
  8.0667e+02   2.2568e+01
  9.3769e+00   1.2018e+01
  5.8388e+00  -6.0757e-01
  9.7653e-01  -1.2585e+00
  6.3874e+00  -2.2126e+00
  1.9706e+01  -1.5381e+01
  2.0166e+02  -8.4190e+01
  2.1498e+01  -1.1241e+01
 -7.0186e+00   8.9439e+00
  1.1143e+01  -1.6831e+01
 -1.8747e+00   6.8552e+00
 -1.9143e+01   4.0529e+00
  1.2130e+01  -2.4367e+01
 -5.4048e+00  -3.0320e+00
 -2.3303e+01  -5.3664e+01
 -8.5186e-01  -2.0074e+00
  1.5631e+01   1.2441e+01
  4.6803e+00   1.3669e+00
  4.5169e+01   8.9335e+01
 -2.8178e+00  -5.8083e+00
  7.1664e+00   8.8262e-01
 -1.3344e+01   8.9128e+00
  7.4340e+00  -1.8718e+00
  3.5010e+00   2.6471e+00
 -4.7767e+00  -1.4531e+00
  6.0569e+00   8.4100e+00
  2.7747e+00   4.2794e+00
  5.1418e+00  -4.7831e+00
  3.2801e+01  -1.9094e+01
 -1.3690e-01  -1.9439e+01
 -4.3659e+00   4.5809e+00
 -4.6772e+01  -2.5345e+01
 -3.7617e+00   7.0313e+00
 -5.2555e-01  -2.2323e+00
 -4.9795e-01  -1.6861e+00
 -7.0111e-01  -2.5650e+00
  1.4687e+00  -5.0818e-01
 -7.9895e+00   1.8057e+00
 -1.4597e+01  -1.9630e+01
  1.4190e+01   3.3997e+01
 -2.2349e+01   1.0597e+00
  1.6594e+00  -7.5570e+00
  2.6902e+00  -1.7847e+00
  8.0353e-01  -4.7330e+00
 -6.1720e+00   1.8127e+00
 -3.9996e-02  -4.3908e+00
 -4.2090e+01   2.4436e+01
 -6.9071e+00  -8.1549e+00
 -5.7321e+01  -4.5022e+00
 -1.1900e+01   1.1108e+01
 -4.1109e+01   1.1825e+01
  4.0110e+00   3.6147e+00
 -4.3514e+00   3.7236e+00
  4.0511e+00   1.2298e+00
  9.4746e+00  -2.1242e+01
 -3.2958e-01  -5.3649e+00
 -9.2004e-02   1.8980e+00
 -6.8230e+00   2.6948e+00
 -2.1959e+01   1.7366e+01
  1.1592e+00  -3.5736e-01
 -2.5488e+00   6.1251e-01
  2.2409e+01  -1.1908e+01
  4.8897e+00  -2.5529e-01
  2.8189e+00   8.5877e-01
  4.9730e-01   2.5970e+00
 -2.8897e-01  -7.3154e+00
 -1.7822e+00   1.6979e+00
 -4.5485e-01   2.9195e+00
 -3.9202e+00   1.2086e+01
 -9.6340e+00   1.0947e+01
 -3.9682e+00  -2.6855e+00
  9.3748e+00   5.5625e+00
  1.9484e+00   1.9351e+00
 -1.5689e-01  -6.3760e+00
  1.0744e+01  -9.1276e-01
  3.2969e+00  -3.9262e+00
 -4.8463e+00  -8.0211e+00
  4.7994e+00  -1.6309e+01
  2.6175e+00  -3.7406e+00
 -1.1668e-01   4.8336e+00
  8.7821e-02  -2.6390e-01
  1.2303e+00   2.9826e+00
 -8.5278e+00  -2.5446e+01
  7.1008e-01   4.4359e-01
  6.7528e+00   6.9188e+00
 -3.3507e+00   3.7662e+00
 -8.9551e+00  -7.4882e+01
  8.3095e-01   4.8860e+00
 -3.1322e+00  -2.3422e+00
  6.4862e+02   6.1766e+02
 -1.0278e+00  -2.7008e+00
 -1.4716e+00   4.2046e+00
 -8.6790e+00   1.7987e+00
  3.8244e+00   8.9104e+00
 -9.2187e+00  -5.3618e+00
  1.8271e+02   6.3233e+02
  4.6442e+01  -4.0844e+01
 -1.7514e+01  -4.1401e+00
  4.3295e+00  -4.6737e-01
  3.6009e-02   3.2922e+00
  3.6026e+00  -3.9557e+00
 -5.3292e+01  -8.4125e+01
  1.5794e+01   3.0127e+01
 -6.0515e+00  -1.6238e+01
 -4.0224e+02   2.6032e+02
 -3.0804e+00   4.4854e+00
  8.5451e-02   4.7150e+00
  1.1267e+01   7.1812e+00
  2.1036e+00  -5.3412e+00
 -4.3970e+01   4.7019e+01
  5.5573e+01   1.0826e+01
 -1.2904e+01   5.3182e+00
 -2.0987e+01  -3.3828e+01
  3.9102e+00  -2.2290e+01
  2.9975e+00  -3.8193e-01
  3.9165e+00   5.7928e+00
 -2.3006e+00  -1.0046e+00
  5.0027e+00  -2.7631e+01
 -9.8542e+00   2.2973e+00
  3.1455e+00   4.2930e+00
  2.1256e+00   7.8900e-01
  6.7046e+01   7.8219e+01
 -7.0439e+00  -7.3880e-01
 -3.9601e+00   1.0291e+01
  6.8344e+00  -2.4301e+01
 -1.0818e+00   4.8898e+00
 -1.3503e+00   5.0098e+00
 -3.5564e+00  -2.2448e+00
  4.3595e+01  -1.1841e+02
  2.6455e+00  -9.5251e-01
 -4.6947e-01  -1.5342e+00
  1.0486e+01   7.3349e+00
  2.8004e+02  -2.5084e+02
 -5.6538e+00   3.4302e+00
  1.8467e+01   5.8434e+01
  2.0169e+00  -6.4234e+00
 -1.4742e+01  -4.6208e+00
 -6.3467e+01  -1.0481e+02
 -3.3305e+00   3.1460e+01
 -5.5222e+00   7.2590e+00
  1.4510e+02   7.7112e+01
  1.0929e+00   5.8128e-01
 -3.7077e-02  -4.0548e+00
 -8.2760e+00   2.1372e+01
 -2.8429e+01  -2.0735e+01
  1.2268e-01  -7.9194e+00
 -3.9985e+00  -6.3988e+00
 -1.0162e+00   3.1731e+00
 -8.8401e+00   5.4495e+00
 -1.2133e+00   5.9084e+00
 -1.5197e+01   1.2901e+01
  2.4597e+01   3.3413e+01
 -1.1752e+01  -1.1296e+01
  3.3467e+01  -9.8294e+00
 -3.5175e+00   1.2272e+00
  1.9827e+01  -3.4428e+01
 -2.3316e+00   9.8063e-01
  1.5804e+02   9.4776e+00
  4.8374e+00   1.9041e+01
 -3.1559e+00   8.6772e+00
  5.0057e+00   7.4317e+00
 -1.1172e+01   4.0858e-01
 -6.3807e-01   2.7036e+00
  2.8226e+00  -4.9396e+00
 -1.3378e+00  -1.4065e+00
  1.5977e+00   7.8215e-02
  1.7390e+00  -2.0665e+01
 -3.9783e+00   5.3668e-01
  6.2003e-01   5.2073e+00
 -1.3592e+00  -2.9789e+00
  3.4130e+00   1.6536e+01
 -4.0100e-01  -3.8533e+00
  5.6180e-01   1.1163e+01
 -5.7586e+01  -1.0526e+02
  8.9842e+00   2.5104e+01
  2.1785e+01  -5.3777e+00
 -3.1008e+01   1.7504e+01
 -4.0515e+01   1.5365e+01
  2.4988e+00   5.3712e-01
 -2.2944e+00  -9.5842e-01
  3.0348e+00   5.7504e+00
  3.9690e+00  -2.2578e+00
  6.9206e+00   2.2012e+00
  9.8566e+01   6.4691e+01
  4.7258e+00  -5.0295e+00
  7.1675e+00  -6.6463e+00
 -1.5052e+01  -4.7560e+01
  2.4095e+01  -5.1804e+00
 -8.1583e-01   4.7958e+00
  8.8674e+00  -9.1842e+00
  1.1101e+00  -7.1790e-01
 -5.3332e+00  -2.9594e+00
 -1.3727e+01   6.5792e+00
  2.3743e+00   3.8507e+01
 -8.0800e+00   4.1952e+00
 -5.1688e+00   3.4479e+00
 -3.0998e+00  -1.6374e+00
 -5.8754e+00  -4.4756e+00
  2.4926e+01   1.9667e+00
 -5.2424e-01  -3.5778e+01
 -9.1813e+01   2.7731e+02
  9.5847e-01  -9.7442e+00
 -5.1493e+01   9.5159e+01
 -2.3208e+01  -3.9018e+00
 -8.8264e+00  -2.1608e+00
 -8.2846e+00   4.3925e+00
  1.8369e+01  -7.2892e+00
  1.0372e+01   6.4541e+00
 -6.6026e-01   2.5738e+00
 -1.3639e+00  -2.8857e+00
  3.0095e-01  -2.2334e+00
 -1.1580e-01  -7.4711e+00
 -1.5670e+02  -4.8888e+01
 -2.8851e-01  -7.3914e+00
 -4.3614e+00  -2.7489e+01
 -1.1782e+01   5.6213e+00
 -6.8938e+00  -4.0814e+02
  3.7094e+00   1.3295e+00
  3.7523e+01  -2.1139e+01
 -5.3223e-01  -5.4768e+00
  1.8899e+00  -2.2550e+00
  1.8175e+00   3.4758e+00
  4.7896e+00   4.3814e+00
  4.5216e-01   9.5991e+00
  2.4011e+00   3.8875e+00
  5.3128e+00   2.0002e+00
  4.7581e+00   7.9724e+00
  3.3367e+01  -3.9442e+00
 -5.8626e+00   4.4080e-01
 -1.4284e+01  -8.0623e+00
 -2.5235e+00  -4.9076e+00
  1.0027e+02  -7.7784e+01
  2.4768e+01  -5.3366e+01
  5.1608e+00  -2.6978e-01
 -4.7141e+01   4.5894e+01
 -4.2643e+00  -7.8655e+00
  4.5301e+00   1.5353e+01
 -1.7596e+01  -8.1656e+00
 -1.7535e-01  -4.8038e+00
  2.8825e+01  -4.2343e+00
 -6.1931e+00   2.1959e+00
  1.2558e+01   1.4451e+01
  3.7540e+00   1.8733e+00
  3.7871e-01   9.1027e+00
 -9.9445e+00   9.5931e+00
 -1.0765e+02  -3.8337e+01
 -4.7090e+00  -2.4005e+01
  2.6374e+01  -9.0583e+00
  1.6000e+01   1.2364e+01
 -7.0506e+00  -2.7463e+00
 -1.0698e+00   2.1107e+00
  1.5673e+01  -1.8496e+01
 -6.7483e+00   5.4502e+00
  6.3465e+00   1.3155e+01
 -7.6227e+00   1.3662e+00
 -3.0096e+00  -1.8149e-01
  1.9460e+00   5.9097e+00
 -1.0484e+00  -2.4449e+00
 -4.4316e+00   1.6284e+00
 -4.9822e-01   1.0560e+01
 -6.5738e+00   1.5441e+01
  9.5698e-01   2.4005e+00
 -2.2180e+01   2.4710e+00
 -7.1758e+00  -6.1992e+00
  4.5058e+00  -3.6696e+00
 -1.4332e+01  -3.4382e+00
  2.9323e+01   4.8468e+00
  8.4505e+00  -1.1721e+01
  1.3751e+02  -5.0443e+01
 -2.0775e+00   2.3163e+00
 -5.4944e+01   6.7605e+01
 -2.5802e+00   1.5111e+01
 -7.0869e+00  -3.0619e+01
  1.1445e+01   2.4289e+00
  1.4438e+01   1.4565e+01
 -1.2379e+01   1.3228e+01
 -9.3698e+00   8.2536e+00
  1.4818e+00   2.3511e+00
  1.6299e+01   2.0096e+01
 -4.3337e-01   7.1573e+00
 -1.0135e+02  -8.7546e+01
 -9.2641e+00  -2.7374e+00
 -2.2027e+00  -3.9489e+00
  3.5366e+00   1.6481e+00
  1.5175e+01  -1.2989e+01
 -8.1487e+00   3.5710e+00
 -3.6928e+00  -7.1901e+00
 -1.3656e+01  -2.5103e+01
  1.0277e+02   8.0529e+01
 -1.7291e+01   4.4851e+02
 -4.3755e+02  -1.8993e+02
  2.1411e+00   8.9705e-01
 -2.1492e+01   1.4656e+01
  1.4318e+02  -6.4761e+00
 -1.1101e+01  -5.1802e+00
  2.2779e+02  -1.2305e+02
  2.7869e+01  -1.1047e+01
  1.9387e+00   6.1800e+00
  5.5501e-01  -4.6407e+00
  6.6093e+00   6.3633e+00
 -1.8004e+01   1.4485e+01
 -1.5966e+01   1.6296e+01
 -8.4893e+00   2.6662e+01
 -5.8293e+00   9.4767e+00
 -8.5371e+00  -6.5524e+00
 -8.1594e-01   2.1228e+00
 -3.0840e+00  -4.2695e+00
  8.6129e-01  -5.4080e+00
 -4.0030e+00   4.7586e+00
 -2.6926e+01   2.5034e+01
 -4.0364e+01   6.0407e+01
  1.0065e+01   1.2488e+01
 -4.1938e+00   1.7455e+00
  1.2032e+00   2.8998e+00
 -1.8183e+01   3.3496e+01
 -1.2747e+02   5.6230e+01
 -2.0713e+00   1.0646e+02
  1.7616e-01   3.5962e+00
 -1.0915e+00  -2.5967e+00
  3.5453e+01   7.4162e+01
 -1.2281e+02  -7.5041e+01
  1.7834e+00   3.5590e-01
  6.4263e+00  -3.2969e+01
  3.6508e+00  -1.2173e+00
 -2.6352e+00   3.0281e+00
  5.1797e+00   4.5962e+00
 -3.2022e+01  -3.0919e+01
 -1.7274e+01   2.6157e+00
 -6.8598e+00  -3.5140e+00
  4.0637e+00  -5.8077e+00
  4.6955e+00  -1.0089e+00
 -2.1575e+00   6.6905e+00
  5.4358e+00   3.4431e-01
  1.0909e+02   3.1206e+00
 -2.8460e+01  -3.7758e+00
 -6.6398e+00  -3.1878e-01
  7.7664e+01   1.0910e+02
 -1.0035e+02  -3.9078e+01
 -4.5314e+00  -1.6080e+01
  5.5756e+00  -1.0852e+00
  5.5333e+00  -1.0917e+02
  5.7485e+00  -7.3935e+00
  3.4394e+01  -2.4349e+00
 -5.1876e+00   1.2557e+00
 -1.5485e+01   2.4838e+01
 -1.5617e-01   1.8692e+00
 -4.6265e-01  -2.0306e+00
  5.6242e+01  -1.4008e+01
  2.2708e+02   2.6185e+02
 -1.6368e+01  -2.4218e+01
  4.5762e+00   4.0949e-01
 -2.9222e-01  -3.1939e+00
  2.5007e+00  -6.6352e+00
  2.3574e+00  -2.0942e-01
 -9.1876e+00  -4.6777e+00
  3.7526e+00  -2.4346e+00
  2.9170e+01   1.0354e+01
  4.9424e-01  -2.7730e+00
 -4.1048e+00   3.2834e+00
 -2.5309e+00  -1.4248e+01
  2.1791e+01   1.0355e+01
 -9.5156e+00  -2.5047e+00
  6.0414e+00  -1.5269e+00
  6.2727e+00   2.5784e+01
  1.0221e+01   9.0547e+00
  5.6885e+00   7.4930e+00
  3.3227e+00  -4.9137e+00
 -5.5679e+00  -1.5443e+01
  4.8615e+01   1.7083e+00
  6.5160e+00  -1.3307e+01
  4.7068e+00  -9.1981e+00
 -4.5749e+00   3.3463e+00
 -7.0770e+00   6.7926e+00
  4.7882e+01   1.2304e+01
 -5.2410e+01  -9.6508e+00
  2.3722e+00  -1.3872e-01
 -2.8529e-01   9.8506e+00
  9.7667e-01   1.4641e+00
 -4.7017e+00   1.4551e+00
  4.7755e-01  -6.1945e+00
 -3.2264e+00  -2.7565e-03
  2.9854e+00   1.0938e+00
  2.7450e+01  -2.9452e+01
  4.1438e+00  -2.1512e+00
  1.2960e+00  -1.4711e+01
 -9.1746e-02  -1.5320e+00
  1.6068e+01   4.8366e+01
 -1.2410e+01   1.0341e+01
 -2.5420e+00   5.9170e+00
 -8.2371e+00   3.2051e+00
 -3.3942e+01  -5.0995e+01
 -3.9174e+01  -7.5870e+01
 -1.1774e+01   2.7492e+01
 -1.0016e+00   7.7317e+00
  8.4794e+00   1.5352e+00
  6.4999e+00  -6.1956e+00
  1.2916e+01  -1.1434e+01
  1.1561e+01   7.7737e+00
  4.3723e+00   2.1902e+00
  2.5539e+00  -4.4966e-01
  1.5398e+00   6.5857e-01
 -2.0413e+01  -3.6590e+00
 -1.2150e+01  -2.0402e+00
  7.5080e-02  -2.1862e+00
 -2.6445e+01   4.6601e+00
 -2.4958e+00  -4.9655e+00
  3.3217e+00   2.5744e+00
  1.0811e+02   4.2803e+01
 -1.8875e+01  -9.5704e+00
 -1.6178e+00   2.3684e-01
  1.8709e+01  -1.5977e+01
 -1.4764e+00  -3.4820e+00
  4.6098e+00  -1.3005e+00
  1.7361e+01  -6.1788e+00
  5.6383e+01  -4.5559e+01
  1.1982e+00  -8.8879e-01
 -2.3950e+01   8.8230e+00
 -2.9218e+01  -1.0377e+02
  1.0748e+01   8.5157e+00
 -2.8167e-01  -1.6909e+00
 -2.0418e+01  -1.6037e+01
 -4.8580e+00  -1.0261e+01
  1.1492e+01   5.6725e+01
  2.2488e+01  -4.4829e+01
 -3.5677e+01   1.7608e+01
 -2.0001e+01   1.6090e+01
 -2.0170e+00  -1.4727e+00
  6.3079e+00  -6.5683e+00
  4.1198e+00   8.8240e-01
  2.3389e-01  -2.2584e+00
 -1.1264e+00  -1.0395e+00
  3.6750e+02   4.0236e+01
 -7.3989e+02  -2.6297e+03
  8.8672e+00   4.2730e+00
  5.8244e+01   4.1683e+00
  4.6929e+00   3.6254e+00
 -1.6603e+01   5.6520e+00
 -1.6094e+00  -2.9071e+01
  3.3536e+00  -3.6628e+00
  2.1184e+01   1.2327e+01
 -4.5338e+00   2.8016e+00
  3.2297e+01   1.3146e+01
 -6.2430e+00   5.2741e+00
  1.2073e+02   1.3431e+02
  5.3030e+00   1.5765e-01
  2.0174e+01  -1.1736e+01
 -2.8514e+00   1.2006e+01
  1.0186e+01  -1.9716e+01
 -2.6463e+01   3.7350e+01
  1.1591e+01  -4.0190e+00
  3.0687e+01  -3.3111e+01
 -4.6207e+01  -1.7734e+00
 -2.0894e+00  -1.5637e+01
  4.1013e-01   1.3628e+00
 -2.9705e+00   3.9501e+02
  4.2553e+01   3.3771e+01
  1.6290e+00   4.3218e+00
  1.1635e+01   3.6836e+00
 -2.6129e+00  -1.3887e+00
  9.8192e+00   2.7866e+00
  2.1958e+00  -5.5370e+00
 -4.7241e+00  -2.0685e+00
 -1.2413e+01  -6.3657e-01
  1.5835e+02   5.0663e+01
  2.8315e+00   6.2329e+00
 -1.0670e+01  -3.0040e+01
 -1.7654e+01   7.7132e+00
 -5.1793e+01  -2.7611e+01
  6.8407e+01  -1.9581e+01
 -1.0029e+01  -1.0109e+01
 -3.8855e+00   1.0396e+01
  5.5395e+00   3.8504e+00
 -5.9404e+00   1.5947e+00
  2.9071e+00   1.5001e+00
 -2.4699e+00  -3.9082e+00
  5.4345e+00   8.8398e+00
  1.4914e+00   4.8154e+00
 -1.2289e+01   5.5088e+00
 -9.0632e+00  -1.6913e+01
 -4.0283e+00   2.3199e+00
  6.7405e-01   2.4491e+00
  1.8334e+01   1.4471e+01
  1.1910e+00  -1.0402e+00
  4.1997e+00  -3.0021e+00
  9.5045e-01  -3.0902e+00
 -1.3803e+00  -5.5284e+00
 -1.6688e+00   2.1030e+00
  2.6454e+00   1.5584e+01
 -1.5581e+01  -1.2910e+00
 -1.2981e+00  -6.1725e-01
 -1.1372e+01   1.8708e+01
  1.5188e+01   5.3716e+00
 -4.7070e+00  -1.4768e+01
 -1.4378e+03  -2.9442e+03
 -5.5610e-01   8.5788e+00
  9.1437e+00  -2.2559e+00
  2.4291e+01   1.5291e+00
 -1.4148e+00   5.1532e+00
  2.9204e+00  -1.3653e+01
  2.1965e+00  -3.4754e+01
 -1.1667e+01  -2.7794e+01
 -7.7060e+01   1.2779e+01
  3.6503e+00   6.9171e-01
 -1.8346e+00  -3.6640e+00
  8.8213e+02   2.0808e+01
 -7.6514e+00  -6.3269e+00
  1.8316e+01   2.7940e+01
 -6.7670e+00  -6.8176e+00
 -2.6994e+01  -3.3011e+00
 -4.2167e-01  -1.1196e+01
  1.7230e+01   2.8117e+01
 -1.3715e+01   2.8253e-01
 -9.8593e+00  -1.9034e+00
  1.7796e-01  -1.0054e+00
  2.6119e+01   8.4592e+01
  1.3182e+01  -1.3105e+01
 -2.7431e+00   9.7756e-01
 -1.9615e+00  -4.8169e-01
  2.7646e+00   1.5299e+01
 -9.4145e+00   1.7338e+01
 -3.5850e+00   1.6423e+00
 -2.8350e+02  -2.5212e+02
  5.2165e+01  -6.3890e+01
 -4.9536e+00  -2.9171e+01
 -1.0055e+00   1.2052e+01
 -1.9575e+00  -8.8697e+00
  6.4886e+00  -6.5155e+00
  4.3053e+01   2.0208e+01
  9.5824e+00   7.8820e+01
  3.9379e-01  -1.2094e+00
  2.2183e+01  -4.7909e+01
  8.4867e+00  -1.4943e+02
  1.2996e+01  -1.0454e-01
 -2.3471e+00   1.7685e+00
  4.2491e+00   4.5400e+00
 -1.0084e+00  -2.8052e+00
  3.7648e-01  -3.0213e+00
 -3.8353e+00  -5.4311e-01
  4.2975e+00  -3.0779e+00
  9.9388e+00   8.2446e+00
  9.5510e+01   1.7224e+01
  1.5137e+01  -9.0145e+00
 -5.4934e-01  -1.2334e+01
  4.0078e+00  -4.2734e+00
 -3.2318e+01   5.3901e+01
 -5.3477e+00  -4.3652e+00
  2.1373e+01   1.3834e+01
 -1.9677e+01   1.5790e+02
  1.9214e+01   4.2825e+01
  1.0409e+01   3.4037e+01
  3.4872e+00  -2.6785e+00
 -2.7033e+00   6.7800e-01
 -2.1598e+01  -9.3217e+01
 -5.4579e+00  -3.5290e+00
 -1.3239e-01  -1.6427e-01
 -7.3347e-01  -7.1690e-01
  2.7924e-01  -2.9738e+00
 -6.8654e+00   1.2557e+01
  6.2841e-01  -2.8503e+00
  1.8293e+01   1.8902e+01
  6.5884e+00   4.9709e+00
  1.6821e+01  -1.3503e+02
 -1.8888e+01  -2.5487e+01
  4.8166e+01   3.4264e+00
 -1.8565e+01   1.0505e+01
  5.1009e+01   1.5317e+01
 -1.2550e+00  -2.6898e+00
  8.1784e+00   7.9202e+00
  1.4772e+00   5.3631e+00
 -1.2670e+01   1.0760e+01
  8.2050e+00   9.4063e+00
 -1.6776e+01  -4.4550e+00
  1.8596e+01  -1.5043e+01
  2.8774e+00   5.4483e+00
 -9.8126e-01   5.8037e+00
  6.4240e+01  -1.8429e+01
 -2.1687e+01   1.3833e+01
 -1.1133e+02   8.5576e+01
  2.5584e+00   4.4473e+00
  9.7053e-01  -7.2639e+00
 -1.4771e+01  -4.4104e+00
  4.3522e+01  -1.4161e+01
 -3.2287e+01  -8.7508e+00
  4.5137e+01   1.4063e+01
 -3.4802e+00  -1.6320e+01
 -8.7834e+00  -7.5427e+00
 -2.3690e+00   2.7405e+01
 -2.2406e+02   8.1885e+01
 -6.3223e+02  -6.2073e+02
  7.9581e+00  -6.5480e+00
  5.5512e+00   2.3112e+00
  6.4821e+00   1.4921e+01
 -3.4937e+00  -9.4805e+00
 -5.4857e+00   1.6485e+01
  1.2772e+01   8.1024e+00
 -6.5226e+00  -1.3159e-01
 -3.5355e+01  -3.9371e+01
  2.8529e+02   2.6301e+02
 -8.5484e+00   1.0317e+02
  1.6938e+01   4.4775e+00
  4.8455e+00   1.0032e+01
 -7.0507e+00  -8.5050e-01
 -1.0226e+02  -1.6289e+02
  2.5212e+01  -1.8180e+01
 -4.8127e+00   1.0774e-01
 -2.4978e+00  -8.6983e+00
  1.8648e+01  -6.0580e-01
 -4.2942e+01  -2.1878e+00
  4.0798e+00   1.3659e+00
  3.3354e+00  -2.7994e+00
 -6.7718e+00   3.9340e+00
 -1.3913e+02  -1.3832e+02
 -2.6033e+00  -2.2004e+00
  1.8422e+01  -1.3933e+01
 -1.3090e+00  -2.6985e+00
 -4.4813e+00  -5.1620e+00
 -2.1424e+01  -1.1639e+00
 -3.2300e+00   4.1637e-01
  9.6232e-01  -2.4305e+00
  5.4935e+00   1.0807e+01
  1.4391e+03   2.9467e+03
  2.2071e+00  -3.8861e-02
 -4.0404e+00  -2.2208e+01
 -4.1409e+00   1.6168e+01
  7.5819e+00   2.4574e+00
 -1.7739e+01  -6.5490e+00
 -1.3565e+01   5.7542e+00
 -1.7393e+00   2.9989e+00
  4.9793e+00  -1.3442e+01
 -4.3730e+00  -2.9524e+00
  3.8049e+00   8.4223e-01
  6.3917e+00  -2.6340e+00
 -1.6314e+01  -1.0008e+00
 -2.7721e+01   1.6230e+01
 -4.8707e+00  -1.4221e+01
 -8.8952e+02  -2.4845e+01
  3.5764e+00  -1.7011e+00
  4.5851e+00   9.8492e+00
  6.6070e+00  -1.1358e+01
 -1.7645e+01  -2.1078e+00
 -2.2177e+01  -2.9957e+00
  6.6767e+00   1.5595e+01
 -2.3894e+01  -3.4262e+00
 -4.8176e+01  -3.1506e+00
 -9.5744e+00  -1.7111e+01
 -9.8879e+00  -6.8407e+00
  5.6456e+01   3.1883e+01
  2.0810e+01  -6.6642e+00
 -5.4556e+00   1.0814e+01
 -2.4949e+00   4.7684e+00
 -1.7275e+00  -9.9379e-01
  2.9638e-01   1.3324e+00
 -3.5316e+00  -1.2981e-03
  1.3468e+00  -4.6314e-01
 -4.3580e-01   9.2918e+00
 -1.1275e+01   2.6875e+01
  1.4110e+00   3.9881e+00
  1.4601e+01   1.5050e+00
  4.0918e+00   9.3665e+00
  9.3927e+00   3.2072e+00
 -1.1154e+01   5.3180e+00
  2.5901e+00  -3.2264e+00
 -5.2257e+01  -1.1015e+00
  1.4481e+00   2.6870e+00
  9.0828e-01  -1.6437e+01
 -3.5001e+00   5.5292e+00
  1.5447e+01  -1.3159e+01
 -9.9605e+00   2.1150e+00
 -1.8255e-01  -1.9275e+00
  6.2328e+00   2.0354e+00
  8.9143e+00  -4.8252e+00
  2.2722e+01   7.2399e+00
  7.2568e+00   2.1389e+00
  1.3094e+00  -6.5607e+00
 -1.0283e+01   3.3320e+00
  9.5615e+00   3.2720e+00
 -4.3858e+01   1.3983e+01
  4.2331e+00   3.2531e+00
  1.1595e+01   1.9413e+01
 -2.4533e+02   4.2189e+02
 -6.7988e+00   1.0442e+00
  7.3386e+00  -9.0166e+00
  1.2056e+00  -8.1830e-01
 -1.2788e+00  -1.5869e+01
 -1.0381e+01   4.5702e+00
  7.7955e+00   1.1456e+00
 -8.1385e+00   2.3960e+00
  2.9032e+00   4.1950e+00
 -6.8566e+00  -3.3683e-01
  3.1609e+00  -1.9546e+01
  2.4636e+01   9.4184e+00
 -1.8492e+00  -5.9787e+01
  1.1001e+01  -8.6424e+00
  1.1551e+00  -3.3701e+01
 -5.1076e+00   1.3787e+00
  3.0318e+01   1.2763e+01
 -2.9249e+00   2.6019e+00
 -3.8952e+00   3.5041e+00
 -3.1655e+00   3.9905e+00
 -3.3598e+00   1.3470e+00
  2.4576e+00   3.2837e+00
  6.4130e+00   5.0455e-01
 -3.0834e+00   3.5663e-01
  3.1304e+00  -3.5351e+00
  3.5651e+00   4.1834e+00
  4.7426e+00   8.3554e+00
 -2.0600e-01   1.1452e+01
  3.6256e+01   3.4198e+01
 -9.8708e+00  -7.1055e+00
  1.6230e+00   3.4666e+01
 -7.4624e+00   3.4879e+00
 -2.7866e+01   1.7242e+01
 -2.7583e+00  -1.4592e+00
 -1.3047e+02   2.2287e+01
  1.2182e+01   4.2622e+00
  1.0415e+01  -1.0575e+01
  1.1307e+01   6.5938e+00
 -3.8177e+00   1.0860e+00
  4.2387e+00  -5.7031e+00
 -3.1841e+00  -1.3737e+00
  2.8452e+01  -1.9003e+01
 -1.4604e+00   4.5404e+00
 -3.9102e+00   5.4748e+00
  4.9769e+00  -3.2128e+00
 -3.3232e+00  -7.6376e+00
 -4.5052e+00   2.4941e+00
 -2.0514e+00   4.6512e+00
 -6.5817e+00  -6.8115e+00
  4.4083e+00  -1.2372e+01
 -4.3113e+01  -2.9833e+01
 -6.0729e+00  -9.5776e+01
 -2.9695e+02   2.7555e+02
 -3.5245e+00  -2.7516e+00
 -3.9822e+00  -4.1130e+00
  3.0091e+00   1.5309e+01
  3.7392e+01   2.9307e+01
 -6.2598e+00   3.6992e+00
 -2.4168e+00  -4.2622e-01
  5.5118e+00   1.0032e+00
 -2.0658e+00   3.5940e+00
 -4.5972e+00  -4.4000e+00
  1.7888e+00  -4.9139e+00
  8.1177e+00  -9.4984e-02
 -9.8798e-02   5.1109e-01
  2.5731e+01  -3.9497e+00
 -7.3516e+00  -3.3141e+00
 -8.3073e+00   2.3908e+00
 -1.0217e+00   8.8433e-01
 -2.3099e+02  -2.6198e+02
 -2.0479e+00  -1.6001e+00
  9.3275e-02   2.2949e+00
 -2.7122e+00   2.8467e+00
 -4.5110e+00  -1.7513e+01
 -6.1940e+00  -6.0028e+00
  2.5754e+00  -1.5149e+00
 -3.8460e+01  -4.8326e+01
 -9.3749e+00  -8.0612e+00
  1.4655e+01  -1.2633e+01
  1.0634e+00  -5.7628e-01
 -2.0452e+02  -4.5877e+01
  1.6521e+01  -4.8034e-01
 -4.5337e+00  -8.3612e+00
 -5.7104e+00   6.9019e+00
  2.4342e+00  -8.5465e-03
  2.1220e+00  -6.5232e+00
 -6.2229e+00   3.5721e+01
 -9.1497e-02   2.3853e-01
  3.6737e-01   8.5783e-01
 -2.0413e+01   1.3344e+02
  6.0167e+00  -3.0962e+00
  3.9932e+01  -2.3536e+01
 -1.8294e+01   3.0115e+01
  2.3178e+00   2.5571e+00
  1.6119e+01   1.4854e+00
 -1.6238e+00   8.5382e+00
 -2.7358e+00  -6.5528e+00
 -1.3998e+01   3.5373e+01
  5.4231e-01   3.0775e+01
  1.9563e+00  -3.2411e-02
 -3.7055e+00   2.6806e+00
 -2.7881e+00  -1.2685e+00
 -4.6754e+00   1.3648e+01
 -3.2099e+00  -3.0533e+00
 -2.2603e+01  -1.4367e+01
 -6.9816e+00  -6.1321e+00
 -2.6358e+01   2.6709e-01
 -1.2700e+01   1.4798e+01
 -5.1231e-01   1.4709e+00
 -7.8194e+00  -1.6178e+01
  2.8172e+00  -1.3230e-02
 -8.9724e+00  -3.4336e+01
  1.7568e+01  -3.9058e+01
  7.5773e+00   4.2731e+00
  6.6771e+00   2.6525e+01
  3.4979e+00  -4.2589e+00
 -2.0848e+01  -1.0183e+01
 -3.5454e+00  -6.7868e+00
  1.2467e+01  -8.1596e+00
  6.4126e+00  -4.9251e+00
 -3.2964e+00   4.4580e+00
  9.0339e-01  -4.6166e+00
 -2.2683e+00  -3.4552e+00
  5.0268e-01  -2.0488e+00
  5.6527e+00  -4.2918e+00
  1.4462e+00  -7.4617e+00
 -1.6798e+00  -2.0505e+00
  2.0484e+01   3.2160e+01
  2.6239e+00   6.9888e+00
  3.8487e-01  -1.4133e+00
  2.9866e+01  -1.1391e+01
 -1.3887e+00  -1.3525e+01
  5.7055e+01  -9.7400e+01
 -9.6733e+00   1.1123e+01
 -8.1448e+00  -3.9833e+00
 -1.0190e+01  -5.5857e+00
  5.2954e+00   9.0747e-01
 -5.1090e+00  -5.6399e-01
 -2.8121e+00  -3.1544e+00
 -3.2376e+01   3.3611e+01
 -8.1739e+02  -2.8708e+01
 -1.5662e+02  -2.6977e+00
  4.0963e+00  -5.0352e+00
 -1.6834e+00  -2.3661e+00
  1.0599e+01   2.0419e+01
  3.1203e+02  -3.8791e+02
  1.1408e+01  -1.5098e+01
  4.1648e+02   1.9839e+02
 -3.7387e+02  -1.5577e+01
 -1.5360e+00   1.1265e+00
 -4.5675e+00   1.2265e+01
 -8.3840e+01   2.2092e+02
 -2.2683e+01  -2.8194e+01
 -2.1024e+01  -8.3907e+00
  4.6190e+00  -1.3347e+00
 -1.1136e+01   2.3509e+00
  2.3588e+02  -6.3437e+02
  1.5904e+00  -6.3609e+00
 -4.7229e+00   9.8396e+00
  6.8404e+00   1.4139e+00
 -2.5429e+01  -3.4163e+01
 -1.6926e+00  -1.6098e+00
  1.5631e+00   1.0753e+00
  5.0995e+00  -4.5597e+00
 -2.1501e-01   3.1578e+00
  2.1023e+01  -3.4503e+01
  9.2525e+00  -4.4443e+02
  4.3444e+01   5.0494e+01
 -1.8813e+00   9.1119e-01
  1.2602e+00   8.2922e+00
  7.4173e-01   3.1937e+00
  3.3545e+00   9.5511e+00
  1.9175e+01   5.6822e+00
 -1.6354e+00   1.5055e+01
  1.7561e+01  -4.8521e+00
 -2.6942e+01   3.2076e+01
  1.1645e+01   2.7149e+00
  1.6770e+01   5.2467e+00
  1.9450e+00   2.6001e+00
  4.5497e+00   1.0694e+01
  1.3193e+02   7.7485e+01
 -5.1687e+00   1.2122e-02
  2.6440e+01   7.3358e+01
  1.3587e+01   4.1098e+00
 -3.0197e+01  -2.7669e+01
  2.0720e+00  -1.5940e+00
  1.5901e+00   1.4418e+00
  4.2103e+00   1.7849e+00
 -5.9461e+01  -2.3242e+01
  7.6616e+01  -3.1385e+02
 -1.6946e+00  -1.1392e+00
 -1.0855e+01   8.3934e+00
  1.4811e+01   2.0799e+00
 -1.7061e+01  -1.0231e+01
  1.7612e+01   1.6821e+00
  5.6269e+00  -1.2984e+01
  1.1004e+00  -1.0012e+00
 -1.9374e+02  -6.3673e+02
 -4.0797e+01  -4.6514e+01
 -1.0928e+01   8.0043e+00
 -2.8547e+01   6.6331e+00
 -4.2181e+00  -2.2120e+00
 -1.0398e+01   1.4403e+00
 -3.9930e+00  -5.2652e+00
 -8.8839e+01   6.5032e+01
 -8.9919e-01   4.0379e-01
 -3.9050e+00   2.2018e+00
  4.6388e+00  -2.4237e-01
  1.0113e+01  -1.7211e+01
 -8.2553e+00   2.7790e+01
 -5.0588e+00   2.7848e+01
  2.4036e+01  -1.2307e+01
  6.9295e+01  -2.2298e+02
 -2.1835e+02   9.6427e+01
 -1.0560e+00   1.6173e+00
  5.3692e+00  -1.9622e+00
 -5.4343e+00  -7.7977e+00
 -5.1616e+00  -2.1055e+01
  4.0981e+00  -9.6586e+00
  5.3316e+00   2.1219e+00
 -3.2404e+00   3.4288e+00
  1.3284e+02   1.4615e+02
  6.1154e+00   5.5858e+00
 -6.8532e+00   4.3297e+01
  7.3650e+00   1.4106e+01
 -4.8086e+00  -2.2667e+01
  9.9986e+00  -2.5588e+01
  3.8651e+00  -5.3705e+00
 -4.6632e+00  -2.1370e+00
  7.4548e+02   2.6196e+03
 -2.9725e+00  -1.6171e+01
 -3.1651e-01  -5.2000e+00
  1.3387e+00   5.3822e+00
  4.3048e+00  -2.2363e+00
 -2.6492e+01   5.3651e+00
  2.1766e+00  -1.8568e-01
  2.0165e+01   7.9512e+00
  2.2315e+01   5.5783e+01
 -4.4025e-01  -3.3802e+00
 -3.5412e-01   2.4598e+00
 -2.6907e+01  -3.4834e+01
 -2.3818e+00   3.5374e+00
 -4.6189e+01   3.7780e+00
  8.5407e+00  -3.6028e+01
  1.5205e+00  -5.7489e+00
 -1.5600e+01  -4.8842e+00
  1.3683e+01   4.0740e+01
 -3.5931e+00  -4.6475e+00
 -4.4686e+01   8.5921e+00
 -8.3597e+00   5.6065e+00
  3.8421e+00   3.9485e+00
 -1.1215e+01   4.5652e+00
  2.7482e+00   1.9715e+00
