  1.6085e+01  -2.8012e+01
  1.8770e+01  -3.1247e+00
  8.9893e+00   4.5949e+01
 -1.3958e+01  -3.6164e+01
 -3.0146e+02  -3.6691e+02
 -1.4558e+01  -5.3626e+01
 -2.4304e+00   8.8207e+00
 -3.4279e+00   3.1251e+01
 -7.8894e+00   2.2897e+00
  1.6457e+01   5.9742e+00
 -2.5271e+01  -3.7417e+00
 -3.8416e+01  -3.5219e+01
  1.3671e+02   8.4887e+00
 -2.7860e+02  -1.5566e+01
  3.8413e+01   5.8308e+01
 -9.4354e+01  -2.3454e+01
 -5.3378e+00  -1.0731e+01
  6.7578e+01   4.4393e+01
 -1.5208e+01  -5.4444e+00
  1.1664e+01  -2.3307e+01
  1.2724e+02   3.0041e+01
 -4.8492e+01   2.4636e+01
  2.2544e+01  -1.4883e+01
  3.0053e+01   2.2004e+01
 -1.2440e+02  -4.8418e+01
  8.6340e+00  -2.5093e+01
  5.1758e+02   1.3940e+02
 -7.6703e+02   1.9952e+03
  1.1293e+03  -7.2506e+02
  5.3940e+00   4.1783e+01
  1.1571e+02   5.1733e+01
  3.8408e+00   6.8894e+01
 -1.7246e+00  -6.8082e+00
  2.1957e+02   1.0776e+01
  8.8535e+00  -3.2298e+01
  1.8375e+01  -6.3674e+00
  2.1557e+02   4.3920e+02
  8.1750e+00   5.5506e+00
 -2.1162e+00   5.9213e+00
 -1.5042e+01   7.8186e+01
 -4.7078e+01   3.3156e+01
  1.1133e+00  -2.8319e+01
 -3.2965e+01   2.6168e+00
  2.9502e+01   1.3564e+01
 -3.1868e+02  -1.2366e+02
 -8.1169e+01  -3.4829e+01
 -3.3271e+00  -6.4340e+01
 -7.0676e+01  -5.6755e+01
 -8.1666e+00  -1.7255e+01
  7.0901e+01  -3.2027e+01
 -1.9378e+02   1.9190e+02
  1.6249e+01  -5.9379e-01
  2.7426e+01   1.9341e+01
  5.3304e+00   2.2594e+00
 -3.0492e+01  -1.2622e+01
 -2.9447e+01   3.1176e+01
  4.9903e+00   3.1863e+01
 -1.4022e+01  -1.9776e+01
 -1.8145e+02   4.3160e+01
  5.5953e+01   1.1751e+02
 -3.1228e+01  -5.2974e-01
 -1.5851e+02   7.9706e+00
 -3.5345e+01   1.0990e+01
  5.4826e+02   2.6262e+03
  1.2294e+00   5.9291e+01
 -2.0471e+00  -2.3152e+01
 -9.3000e+00  -1.9313e+00
 -6.3078e+00  -9.5754e+00
  2.1679e+03   6.5761e+01
  2.0351e+01   3.6882e+01
  8.3535e+00   1.4671e+01
  1.6678e+01  -2.5094e-01
  5.6810e+00   1.2222e+01
  6.0824e+01  -5.6632e+01
  5.3593e+02  -2.2896e+02
  1.0638e+02  -5.3756e+01
 -2.3483e+00   2.4555e+01
  2.5049e+01  -5.8425e+01
 -1.3233e+01   1.5467e+01
 -4.5341e+01   7.6814e+00
  4.5736e+01  -6.9412e+01
 -3.0330e+01  -1.6306e+01
 -7.6000e+01  -1.4626e+02
 -1.2452e+01   4.5264e-01
  4.0260e+01   3.0509e+01
  3.0292e+01  -1.8753e+01
  1.2460e+02   2.4028e+02
  1.1134e+01  -1.6710e+01
  9.8855e+00   1.4893e+01
 -4.1934e+01   4.8585e+01
  2.3556e+01   6.7235e-01
  1.5858e+01   8.5472e+00
 -5.6120e+01  -8.5587e+00
  8.3838e+01   4.7341e+01
 -1.8101e+00   7.8425e+00
 -4.5856e+00  -1.3453e+01
  1.0504e+02  -5.5965e+01
  2.0273e+01  -9.4631e+01
  1.7897e+00   1.1501e+01
 -1.3164e+02  -5.4991e+01
 -1.7513e+01   1.1632e+01
 -4.3250e+02   3.6360e+03
  9.8225e+00   1.4555e+01
 -4.1658e+00   4.6761e-01
  8.9647e+00  -1.4336e+00
 -1.1050e+01  -3.2533e+00
 -3.3678e+01  -4.7828e+01
  3.4492e+01   8.4038e+01
 -6.1698e+01   4.7571e+00
  2.2579e+01  -1.6469e+01
  9.5843e+00  -2.1821e+01
  2.3256e+00  -1.7326e+01
 -3.8303e+01  -2.3120e+01
  6.9454e+00  -1.0223e+01
 -1.1178e+02   6.8733e+01
 -1.3509e+01  -1.7289e+01
 -2.0708e+02  -8.3426e+00
 -2.2872e+01   4.5597e+01
 -1.0309e+02   2.6492e+01
  3.9439e+00  -6.2095e+00
 -1.0851e+01   1.7081e+01
  1.6531e+01   1.2996e+01
  1.9585e+01  -4.9230e+01
  4.7576e+00  -2.4180e+01
 -4.2554e+01  -5.9272e-01
 -1.0267e+01  -1.1944e+00
 -5.4695e+01   4.8967e+01
 -1.4894e+02  -8.6722e+00
 -1.2973e+01  -2.1227e+01
  1.3950e+02  -7.9535e+01
  1.6086e+02  -2.1168e+00
  1.9301e-01  -8.9194e+00
 -1.3411e+01  -8.6398e+00
  1.9568e+00  -1.0665e+01
 -1.6433e+00  -6.8538e+00
 -1.2190e+01   2.4199e+01
 -2.9534e+00   1.4954e+01
 -4.0339e+01   4.4975e+01
  1.9835e+01  -4.0104e+00
  1.1665e+01   1.4069e+01
  2.9039e-01  -4.5025e+00
  1.8047e+01  -4.6870e+00
  2.2119e+01   1.3894e+00
 -2.2682e+00  -1.7700e+01
  5.7379e+00  -3.3252e+01
  1.9866e+01  -2.8770e+01
  2.3629e+01   1.8604e+01
 -1.3421e+01  -9.5393e+00
  1.3475e+01  -1.3089e+01
 -2.3564e+01  -1.0556e+01
 -2.4216e+01  -9.3713e+01
 -4.9195e+01  -3.4883e-01
  2.1192e+01   2.0076e+01
  2.5855e+02  -4.0123e+00
 -2.2191e+01  -2.1887e+02
 -1.8390e+01  -3.5720e+01
  2.6594e+00  -4.0689e+01
  1.7186e+03   1.6559e+03
 -3.8616e+02   1.3996e+02
 -5.0028e+01  -4.3330e+01
 -1.1322e+01   1.1670e+01
 -1.5626e+01   2.7690e+01
 -6.8316e+00  -7.2930e+00
  4.8796e+02   1.6507e+03
  1.2613e+02  -1.1161e+02
 -5.4634e+01  -2.5391e+01
  5.5135e+00   1.3899e+01
 -4.0424e+00  -5.1833e+00
  7.6179e+00  -1.6872e+01
 -1.5283e+02  -2.3731e+02
  4.0247e+01   1.2031e+02
 -1.7122e+01  -4.6082e+01
 -1.1353e+03   7.2409e+02
  1.8056e-01   2.9952e+00
  1.8090e+00   2.9905e+01
  3.1955e+01   3.5698e+01
  1.2258e+01  -1.0725e+00
 -1.1735e+02   1.2587e+02
  1.8826e+02   3.9492e+01
 -2.7297e+01   1.9073e-01
 -8.5612e+01  -1.2778e+02
  3.2098e+01  -6.3981e+01
  2.4632e+01   8.8777e+00
 -2.4809e+00   6.7335e+00
  2.3900e+00  -3.3152e+01
  2.2154e+01  -7.8852e+01
 -2.9769e+01  -2.5491e+00
 -7.6671e-01  -8.7784e+00
  1.8156e+01  -9.0162e+00
  2.3779e+02   2.7988e+02
 -1.7695e+01   1.6773e+00
 -9.1342e+01   9.1475e+01
  1.1315e+01  -5.3481e+01
  6.5042e+00  -6.2160e+00
  2.3104e+01  -1.7220e+01
  9.8859e+00  -3.4090e+00
  1.1226e+02  -3.0837e+02
 -2.0315e+00  -3.0335e+00
  1.5444e+01   2.4848e+01
  1.6887e+01   6.6283e+00
  7.0942e+02  -6.3606e+02
  1.2902e+00   5.7705e+00
  4.1427e+01   1.6865e+02
 -3.4482e+00   1.0636e+01
 -4.3238e+01  -9.4253e+00
 -1.8748e+02  -2.8769e+02
 -1.1598e+01   7.8090e+01
 -2.2442e+01   2.9294e+01
  3.8762e+02   2.1621e+02
 -3.2872e+01  -5.4256e+01
  4.0650e+02  -1.1547e+02
 -1.7990e+01   5.1368e+01
 -7.6712e+01  -5.6949e+01
 -1.1344e+01  -4.4230e+01
 -8.1708e+00  -1.4688e+01
 -7.2288e+00  -2.3118e+00
 -4.7341e+01   3.5962e+01
  1.0209e+00   1.2049e+01
 -4.6987e+01   2.7535e+01
  7.5829e+01   8.1465e+01
 -2.8320e+01  -1.8994e+01
  9.2279e+01  -2.4395e+01
  2.6168e+00   1.1108e+01
  5.1810e+01  -8.8410e+01
 -4.3292e+00  -1.7649e+01
  3.9972e+02   2.4806e+01
  9.7182e+00   5.7869e+01
 -1.6677e+01   1.1831e+01
  7.1880e+00   2.5345e+01
 -3.4836e+01  -1.1012e+01
  8.0767e+00   6.4412e+00
  5.4655e+00   3.3845e+00
 -3.2556e+01   3.0336e+01
 -1.2674e+00  -9.1543e+00
 -2.7911e+00  -5.3709e+01
 -2.3729e+01   9.8490e+00
 -2.3880e+00  -7.6478e+00
  2.2374e+01   6.0890e+01
  1.5593e+01   3.2232e+01
 -1.5887e+00   3.5058e+01
  1.1417e+01   3.0049e+01
 -1.7631e+02  -2.9101e+02
  3.1599e+01   5.9664e+01
  5.5284e+01  -5.7764e+00
 -1.4606e+02   8.0400e+01
 -1.2723e+02   4.4898e+01
  1.5290e-01   1.3562e+01
  2.0814e+00  -2.1578e+01
 -1.1016e+01   2.1444e+01
  5.4723e+00  -1.1749e+01
  1.1566e+01  -4.1669e+01
  2.9479e+02   1.9361e+02
  1.7423e+01  -4.3651e-01
  1.7156e+01  -4.9112e+01
 -4.6194e+01  -1.3168e+02
  8.3226e+01   3.3493e+00
 -2.3629e+00  -4.0965e+00
  2.1871e+01  -1.8561e+01
  2.1439e+00   4.6267e+00
 -1.3605e+01  -2.2170e+01
 -3.7705e+01   2.9737e+01
  7.4413e+00   1.0698e+02
 -3.6235e+01   3.9649e+01
 -3.6430e+01   2.7682e+00
  9.9915e+00   2.4491e+00
 -6.6231e+01  -1.0170e+01
  7.3983e+01  -7.7124e+00
 -6.4348e-01  -9.8854e+01
 -2.3676e+02   7.4250e+02
  2.1270e+00  -7.8063e+00
 -1.3705e+02   2.4608e+02
 -7.0593e+01  -2.7773e+01
 -6.8469e+00  -8.5239e+00
 -2.0055e+01   1.7445e+01
  4.0191e+01  -1.3580e+01
  1.9300e+01   2.2177e+01
  2.1795e+01   2.6826e+01
  8.4014e+00  -3.3664e+01
 -2.1191e+00  -4.1620e+01
  1.3125e+00  -5.5190e+01
 -1.2227e+03  -3.9150e+02
 -1.3216e+01  -5.6748e+00
 -1.2036e+01  -6.8242e+01
 -3.7163e+01   6.0919e+00
 -7.3987e+00  -1.1077e+03
 -1.2196e+01   1.5277e+00
  1.1620e+02  -6.4446e+01
  2.7357e+01   2.6821e+00
  1.4634e+01  -1.8700e+00
 -2.1185e+01  -2.0253e+00
  1.0810e+01   1.1271e+01
 -8.5372e+00   2.3087e+01
  6.8137e+00   4.8073e+00
 -8.3793e-01   3.0124e+01
  4.0821e-01   2.1842e+01
  7.9095e+01  -1.9047e+01
  1.2835e+02   1.1560e+02
 -3.3446e+01  -2.5717e+01
 -1.7744e+00  -2.2851e+01
  2.7143e+02  -2.0836e+02
  4.1865e+02  -7.9640e+02
 -1.4377e+01  -5.9932e+01
 -1.4235e+02   1.4136e+02
 -1.8190e+01  -1.5592e+01
  2.5686e+00   4.4209e+01
 -4.6087e+01  -3.9928e+01
 -1.7025e+01   1.1533e+01
  6.5290e+01  -1.6071e+01
 -2.0531e+01  -6.9356e+00
  1.3702e+01   3.6790e+01
 -1.2982e+01  -1.3370e+01
 -2.9126e+00   1.5330e+01
 -3.1903e+01   2.5754e+01
 -2.7996e+02  -1.0153e+02
 -1.3796e+01  -6.7635e+01
  7.1274e+01  -2.6436e+01
  5.6297e+01   2.4124e+01
 -1.2989e+01   3.9174e-01
  7.7595e+00  -4.0916e+00
  3.6725e+01  -4.4748e+01
 -6.5458e+00   1.2305e+01
  2.2556e+01   6.0940e+01
 -2.1687e+02  -3.1345e+01
 -3.5079e+00  -1.7228e+01
  9.3382e+00   1.7016e+01
 -2.7951e+01  -1.4201e+01
  8.6749e+00  -1.2718e+01
 -1.0696e+01   2.9277e+01
 -1.1620e+01   3.2876e+01
 -3.3342e+00   9.4708e+00
 -5.2632e+01   4.6834e+00
 -1.7119e+01  -1.6046e+01
 -4.3381e+02   9.8955e+02
 -2.6385e+01  -8.6219e+00
  8.9970e+01   2.2025e+01
  1.4246e+01  -2.0588e+01
  3.6498e+02  -1.4328e+02
 -2.0517e+01   2.0023e+01
 -1.5192e+03   1.8491e+03
  4.1224e-01   2.8004e+01
 -1.9201e+01  -7.6272e+01
  4.1717e+01   7.4877e+00
  2.8558e+01   4.6622e+01
 -2.6199e+01   2.7337e+01
 -3.4430e+01   3.2196e+01
 -1.2020e+01   7.9942e+00
  4.3008e+01   5.3122e+01
 -3.4743e+02   1.5168e+02
 -2.6047e+02  -2.1968e+02
 -4.9995e+01  -2.0935e+01
 -1.7830e+01  -2.3035e+00
 -2.3811e+00   9.3236e+00
  4.0873e+01  -3.4877e+01
 -2.7675e+01   1.5031e+01
  5.1253e+00  -2.7760e+01
 -3.3195e+01  -6.5099e+01
  2.6534e+02   2.1284e+02
 -6.7263e+01   1.7143e+03
 -1.4246e+03  -6.3108e+02
  1.1007e+00  -1.0208e+01
 -1.5325e+02   7.7053e+01
  4.0798e+02  -2.0213e+01
 -3.1500e+01  -8.9542e+00
  6.4194e+02  -3.3562e+02
  6.7217e+01  -2.3411e+01
  6.8850e+00   1.9754e+01
 -1.8199e+00   8.5244e+00
  9.2225e+00   4.0073e+00
 -5.9855e+01   2.8195e+01
 -4.5586e+01   5.6952e+01
 -3.1702e+01   5.7151e+01
  7.4547e+00   2.4233e+01
 -1.8063e+01  -1.8343e+01
  1.2134e+00  -1.6181e+01
 -1.8486e+01  -2.1514e+00
  9.5081e-01  -2.7853e+01
 -9.9177e-01  -6.2996e-01
 -6.4847e+01   6.5621e+01
 -1.3354e+02   2.0679e+02
  6.3281e+01   4.1114e+01
 -5.2253e+01  -2.1438e+00
 -2.6741e+02  -1.8666e+01
 -4.8872e+01   9.1271e+01
 -3.6209e+02   1.4932e+02
 -1.0760e+01   4.0569e+02
  1.3801e+01   8.8492e+00
  2.2841e+01  -1.6867e+01
  9.6947e+01   2.0870e+02
 -7.4877e+02  -4.4340e+02
 -3.1771e+01  -8.8834e+01
  1.5159e+01  -8.3493e+01
 -9.1366e-01   1.0226e+01
 -5.8019e+00  -1.8491e+01
 -9.5249e-01   4.5872e+00
 -1.0352e+02  -1.0764e+02
 -4.0271e+01   1.2753e+01
 -5.5716e+00  -8.6370e+00
  4.2383e+01  -5.2394e+01
 -8.2412e+00   1.0788e+01
  1.3787e+01   5.9512e+00
  1.5104e+01   2.5338e+00
  2.9448e+02   8.5457e+00
 -1.0050e+02  -1.5354e+01
 -4.6266e+01   1.0832e+01
  1.9463e+02   2.9127e+02
 -4.1802e+02  -1.4723e+02
 -3.6652e+01  -6.2093e+01
  6.5002e-01   7.1708e+00
  1.8299e+01  -4.1932e+02
  7.8231e+00  -1.6560e+01
  1.0391e+02  -1.0306e+01
 -1.4650e+01  -9.4481e+00
 -6.3898e+01   8.3065e+01
  7.5207e+00   2.4886e+01
 -7.6583e+00   1.1531e+01
  1.4063e+02  -3.4072e+01
  5.8420e+02   6.7252e+02
 -4.5324e+01  -6.6898e+01
  6.3891e+00   1.2325e+01
  7.3405e+01   6.0471e+00
  2.3491e+00  -3.6589e+01
  9.5208e+00  -6.0853e+00
 -2.3177e+01  -1.2027e+00
  1.0608e+01   2.5951e+01
  1.0189e+02   3.4438e+01
 -9.3904e+00  -3.8668e+01
 -1.3349e+02  -8.8265e+01
 -5.1963e+00  -3.1193e+01
  1.2304e+02   4.0146e+01
 -2.3192e+01  -3.4171e+00
  1.4933e+01   4.1165e+00
  1.5933e+01   9.5989e+01
  5.3378e+01   4.5995e+01
  2.0446e+01   3.3491e+01
  7.9569e+00  -2.6675e+01
 -9.0572e+00  -3.2941e+01
  1.8541e+02   1.5122e+01
  1.5410e+01  -4.3507e+01
  1.1773e+01  -1.9606e+01
  1.5421e+01  -1.6842e+00
 -1.2454e+01  -4.7678e-01
  1.2168e+02   3.0087e+01
 -1.8674e+02  -3.1821e+01
  1.2296e+01  -1.6661e+01
 -1.4586e+00   5.3679e+01
 -6.8236e+00   1.9588e+01
 -1.5623e+01   6.9021e-01
 -5.6372e+00  -2.3480e+01
  8.7795e+00  -9.8481e+00
  1.3341e+01   1.7109e+01
  6.2288e+01  -7.2548e+01
 -1.2666e+01   4.2269e+00
  9.2057e+00  -8.5702e+01
  2.8153e+01  -2.6143e+01
  3.8389e+01   1.3493e+02
 -2.1544e+01   2.1841e+01
 -8.1352e+00   1.5673e+01
  4.9767e-01   6.8964e+00
 -7.7024e+01  -1.3336e+02
 -1.0344e+02  -2.0074e+02
 -4.1751e+01   8.1516e+01
 -1.9966e+01   1.0285e+01
  2.3191e+01  -1.1498e+01
  1.0972e+01  -7.5836e+00
  4.1017e+01  -3.4700e+01
  3.0023e+01   3.5735e+01
  9.6772e+00   4.9416e+01
 -1.2460e+01  -3.3247e-01
 -1.7762e+01   2.6812e+01
 -5.3322e+01  -4.9913e+00
 -2.2524e+01  -5.3426e+00
  2.9273e+00   1.1078e+00
 -7.5571e+01   6.7275e-01
  6.3067e+00   8.8604e+00
  1.6755e+01   1.0589e+01
  4.2325e+02   1.8326e+02
 -4.2363e+01  -3.3452e+01
  5.8456e+00  -1.6109e+01
  4.1191e+01  -2.9709e+01
  1.0295e+01   1.7428e+00
  1.7752e+01  -1.2077e+01
  1.2613e+02  -4.9527e+01
  1.6228e+02  -1.2797e+02
 -2.9077e+00   4.6479e+00
 -7.0014e+01   3.2209e+01
 -1.0506e+02  -3.6808e+02
  4.0804e+01   1.9338e+01
 -1.1842e+02  -2.6650e+01
 -7.0147e+01  -6.7670e+01
 -3.0800e+01  -3.2280e+01
  2.6358e+01   1.5233e+02
  6.1589e+01  -1.1611e+02
 -9.0483e+01   4.0827e+01
 -4.2721e+01   3.6207e+01
  2.6358e+01   3.0784e+01
 -2.3593e+00  -2.1337e+01
 -1.4079e+01   1.7978e+01
  1.7275e+01  -1.3074e+01
  9.6111e+00   1.2964e+00
  9.8118e+02   1.0662e+02
 -1.9341e+03  -6.8475e+03
  2.5440e+01   1.4156e+01
  1.3883e+02   1.1209e+01
  1.3041e+01   2.5132e+01
 -4.7399e+01   2.4933e+00
 -1.0879e+01  -7.0314e+01
  2.0218e+01  -4.0266e+00
  5.0825e+01   2.8650e+01
 -9.0652e+00   1.1577e+01
  8.4922e+01   3.5438e+01
 -6.6431e+01   4.3560e+01
  3.1703e+02   3.5007e+02
  1.8895e+00   1.2852e+01
  5.6175e+01  -2.2814e+01
  7.9353e+00   3.1836e+01
  3.1343e+01  -4.3800e+01
 -5.5354e+01   1.0402e+02
  2.8702e+01  -7.4403e+00
  9.5845e+01  -1.1848e+02
 -1.1724e+02  -1.0528e+00
 -6.1052e+00  -5.7383e+01
 -7.5811e+00  -2.0225e+01
  3.1980e+00   1.0966e+03
  1.1890e+02   8.3281e+01
  3.3530e+00   4.3844e+00
  1.6115e+01   1.0373e+01
 -5.0560e+00  -6.7363e+00
  7.2228e+00   5.7795e+00
  9.8678e+00  -2.2582e+01
  1.2747e+00   1.2275e+01
 -1.9505e+01  -6.2284e+00
  1.2436e+03   3.8728e+02
 -2.3787e+01  -5.4858e+01
 -2.8994e+01  -7.6891e+01
 -4.2387e+01   1.9299e+01
 -1.5549e+02  -8.5899e+01
  1.7571e+02  -4.5626e+01
  1.0224e+01  -4.7756e+01
 -1.4359e+01   2.3764e+01
  4.8157e+01   3.0647e+01
 -1.1320e+01   1.5504e+01
  4.0682e+01   3.9225e+01
  5.0775e+00   1.1759e+01
  1.5524e+01   2.8890e+01
 -2.5936e+01  -2.4540e+01
 -2.8832e+01   2.2954e+00
 -1.8322e+01  -2.2206e+01
 -1.9972e+01   1.9702e+01
  1.2877e+01   2.4655e+01
  6.3918e+01   3.3633e+01
 -4.4887e+00   6.1793e+00
 -6.9839e+00  -1.2222e+01
  8.4416e+01  -1.7050e+02
  8.9071e+00  -2.9602e+01
  1.8705e+01   1.6362e+01
 -4.8348e+00   4.8567e+01
 -4.6343e+01  -1.7860e+01
  1.5873e+01   1.4527e+01
 -3.8499e+01   4.9584e+01
  3.4279e+01   1.0341e+01
 -2.0260e+01  -4.2375e+01
 -3.7484e+03  -7.6790e+03
  2.4688e+00   1.4988e+01
  2.8915e+01   6.0417e-02
  5.6814e+01   1.1889e+01
  2.6645e+00   1.5405e+01
  2.0516e+01  -2.9459e+01
  4.8617e+00  -9.2666e+01
 -3.3388e+01  -7.2911e+01
 -1.9694e+02   3.7056e+01
 -3.9013e+00  -1.1228e+01
  7.4334e+00   5.2437e+00
  2.2541e+03   5.4814e+01
 -1.9233e+01  -2.1795e+01
  5.6569e+01   7.7834e+01
 -2.6013e+01  -2.9058e+01
 -8.1095e+01   8.8136e+00
  9.1595e+00  -2.0327e+01
  9.7994e+01   1.5221e+02
 -7.6581e+01  -1.3070e+01
 -1.9920e+01  -8.4332e+00
 -2.8111e+01  -1.7412e+01
  1.0139e+02   3.4635e+02
  1.6331e+02  -1.9015e+02
 -9.1609e-01   9.0438e+00
  1.1652e+02  -2.4166e+02
 -1.3569e+00   5.4416e+01
 -1.4939e+01   4.7759e+01
  1.0957e+01   3.3493e+01
 -7.3714e+02  -6.5566e+02
  1.5151e+03  -1.8765e+03
 -1.2445e+01  -7.4489e+01
 -5.0282e+00   2.9453e+01
  6.1963e-01  -1.5323e+01
  2.8304e+01  -2.5845e+01
  3.1685e+02   1.7289e+02
  2.9396e+01   2.1392e+02
  1.0119e+01  -2.4771e+01
  8.4251e+01  -1.6996e+02
  2.7952e+01  -3.8608e+02
  2.5393e+01  -1.3220e+01
 -9.7951e+00  -2.0994e+01
  2.0012e+01   2.3431e+01
  1.4314e+01   7.4241e+00
 -1.3513e+00  -1.2120e+01
 -2.9607e+01  -2.4007e+01
  1.7461e+01  -1.1713e+01
  1.7332e+01   7.4865e+00
  2.4901e+02   4.4056e+01
  5.1581e+01  -1.0414e+01
 -1.2168e+01  -6.2530e+01
 -1.3585e+00  -1.8111e+00
 -4.2833e+02   7.8229e+02
 -1.1830e+01   1.3217e+00
  5.4310e+01   3.6671e+01
 -4.3444e+01   3.9607e+02
  6.3278e+01   1.1589e+02
  1.9441e+01   9.1822e+01
  3.6004e+01  -3.1991e+00
 -1.0926e+01  -1.2860e+01
 -5.5375e+01  -2.4660e+02
  4.7227e+00  -4.1019e+00
  2.1217e+01  -1.5500e+00
  2.3549e+01  -1.6077e+00
 -7.0048e+00   4.3237e+00
 -2.3667e+01   4.2031e+01
  1.1908e+01  -8.1496e+00
  5.6019e+01   4.2626e+01
  3.1157e+01   3.3470e+00
  5.0034e+01  -3.5639e+02
 -4.4273e+01  -5.8410e+01
  1.4113e+02   2.0631e+01
 -7.1402e+01   6.2180e+01
  1.3472e+02   5.6296e+01
  9.3619e+00   9.6440e+00
  1.0930e+01   2.0681e+01
  7.6822e+00   1.8387e+01
 -3.0421e+01   2.5121e+01
  3.3235e+01   7.0357e+00
 -4.4868e+01  -1.0354e+01
  5.0624e+01  -5.6812e+01
  1.2918e+00   2.5805e+01
  3.5921e+02  -1.2629e+02
  1.9082e+02  -6.3079e+01
 -4.5911e+01   4.0684e+01
 -2.8012e+02   2.1714e+02
  2.1022e+01   3.3214e+01
  1.3238e+01  -2.7533e+01
 -4.5876e+01  -1.5708e+01
  1.6780e+02  -5.1554e+01
 -1.2180e+02  -4.6122e+01
  1.1739e+02   3.6956e+01
 -6.0661e+00  -5.4625e+01
 -4.1679e+01  -3.8660e+01
 -9.5842e+00   1.0724e+02
 -5.9821e+02   2.2680e+02
 -1.7057e+03  -1.6549e+03
  2.5718e+01  -1.4834e+01
  4.8348e+01   1.2084e+02
  2.9746e+01   8.2853e+01
 -8.3542e+00  -1.9296e+01
 -2.1411e+01   5.0742e+01
  3.4475e+01   2.8156e+01
 -1.0368e+01   7.1252e-01
 -9.3698e+01  -1.0671e+02
  7.2874e+02   6.7168e+02
 -2.2067e+01   2.6194e+02
  2.9729e+01   9.4668e+00
  2.4131e+01   3.1984e+01
 -1.7789e+01   1.3275e-01
 -2.7096e+02  -4.3445e+02
  7.8366e+01  -5.8231e+01
 -8.8610e+00  -4.7548e+01
 -6.4736e+00  -3.9702e+01
  4.0296e+02   9.0055e+01
 -2.1308e+02  -9.7837e+00
  2.3028e+01   7.8701e+00
  9.3264e+00  -8.5961e+00
 -1.5320e+01   3.5067e+00
 -3.6926e+02  -3.7991e+02
 -1.6383e+01   2.4617e+01
  6.5802e+01  -3.2507e+01
  1.2359e+01   9.1263e+00
 -1.0830e+01  -7.0878e+00
 -5.1236e+01   1.5041e+00
 -7.2334e+00  -9.9727e+00
 -5.6572e+00   1.2255e+01
  3.1878e+01   4.8693e+01
  3.7543e+03   7.6836e+03
 -1.1053e+01   2.3780e+00
 -2.7302e+01  -8.1440e+01
 -8.9503e-02   3.6993e+01
  2.6955e+01   2.9621e+00
 -4.4867e+01  -2.4903e+01
 -3.9517e+01   7.2847e+00
  7.6344e+00   5.1758e+00
  2.0907e+01  -4.8264e+01
 -3.9075e+01  -2.6001e+01
 -9.0155e+00  -2.1397e+01
 -4.6793e+00  -1.8948e+01
 -4.9556e+01  -4.9416e+00
 -8.4164e+01   4.6052e+01
 -1.7581e+00  -3.7250e+01
 -2.2585e+03  -6.1470e+01
  7.3313e+02  -3.2319e+02
  8.1197e+00   4.2001e+00
  1.2716e+01  -2.2997e+01
 -4.8222e+01  -1.4166e+00
 -6.1482e+01   1.3841e+00
  2.0097e+01   5.6831e+01
 -6.9070e+01  -1.6864e+01
 -1.2961e+02  -1.0055e+01
 -1.0996e+01  -3.8519e+01
 -5.5692e+00  -1.3158e+01
  1.6729e+02   9.4961e+01
  5.5060e+01  -2.7865e+01
 -2.8503e+01   3.5862e+01
 -2.5656e+01   2.7295e+01
 -9.2644e+01   1.5992e+02
  8.0204e+00   5.1247e+00
 -4.2493e+01   9.8438e+00
 -1.7618e+01  -1.9392e+01
  4.5146e+01   8.6076e+01
 -3.2113e+01   7.3224e+01
 -1.1303e+01   1.8968e+00
  4.8901e+01   1.0455e+01
 -1.7552e+00   2.1897e+01
  1.1550e+01   1.7007e+01
 -1.9137e+01   6.4002e+01
 -2.9244e+00   3.2266e+00
 -1.9749e+02  -2.2409e+00
  1.8805e+01  -1.9283e+00
  5.5056e+00  -4.8866e+01
  8.3825e+00  -1.1483e+00
  7.6483e+01  -7.9713e+01
 -1.5019e+01   1.5891e+01
  4.0923e-01   5.9381e+00
  7.0376e+01   3.4599e+00
  6.4566e+01  -1.0702e+01
  5.5671e+01   1.0959e+01
  3.3500e+01   4.1389e+01
  6.7534e+00  -3.1849e+00
 -4.9274e+01  -8.5951e+01
  4.2313e+01   8.0611e+00
 -1.2653e+02   4.5378e+01
  1.0632e+00   1.7615e+01
  3.6381e+01   5.8666e+01
 -6.7832e+02   1.1550e+03
 -1.8431e+01  -8.6457e+00
  1.3206e+01  -2.8163e+01
  4.2035e+02  -3.6230e+03
 -1.6020e+01  -5.6058e+01
 -2.9643e+01   9.7247e+00
  5.5571e+00   2.6735e-01
 -1.0512e+01   1.9184e+01
  3.6475e+01   1.5849e+01
 -3.0735e+01   5.9154e+01
  5.0164e+00  -6.2806e+01
  7.1421e+01   2.1719e+01
 -1.0397e-01  -1.5322e+02
  3.1580e+01  -3.2259e+01
  6.0938e+00  -1.4527e+02
  1.0739e+01   9.5385e+01
  7.4860e+01   3.1195e+01
  4.4780e+00   1.6933e+01
 -2.3038e+00  -2.1101e+00
 -2.0117e+01   1.7819e+01
 -1.8886e+01   7.8309e+00
  8.3850e+01   1.9485e+01
  1.3590e+00   9.6300e-01
 -1.1384e+01   7.3377e-01
  1.7810e+01  -8.0457e+00
 -6.7552e+00   4.6628e+00
  2.1472e+01   3.8368e+00
 -6.5359e+00   1.5067e+01
  1.1031e+02   9.6718e+01
 -1.0583e+01  -2.6513e+01
  4.1338e+00   1.0423e+02
 -2.8983e+00  -8.8524e+00
 -6.9100e+01   4.1973e+01
  1.6924e+01  -1.8430e+01
 -3.7528e+02   6.2102e+01
  1.3843e+01   8.5198e+00
  3.3371e+01  -4.2363e+01
  2.2267e+01   1.3384e+01
 -2.5196e+01   6.0634e+01
  4.7191e+02  -1.0059e+03
 -1.9330e+01  -1.6462e+01
  7.7054e+01  -4.1586e+01
 -1.6824e+01   2.3851e+01
 -1.2354e+01   1.1970e+01
  2.9895e+01  -3.9262e+00
 -1.5965e+00  -2.8380e+01
 -3.7532e+01  -5.7736e+00
  9.1301e+00   8.6699e-01
 -1.2871e+01  -1.6323e+01
  1.5754e+00  -2.2296e+01
 -1.1227e+02  -8.7675e+01
 -2.8550e+01  -3.8131e+02
 -7.5428e+02   6.9953e+02
  7.9413e+01   1.3770e+01
  6.4998e+00  -1.8254e+01
  2.0611e+00   3.4766e+01
  1.3727e+02   1.1259e+02
 -3.2185e+01   2.8524e-01
 -3.4401e+01  -1.5834e+01
 -4.4575e+00  -2.0655e+00
 -2.8194e+00  -2.4449e+01
 -4.6307e+01  -8.8048e+01
  1.4677e+01   2.7348e+00
  8.3553e+01  -5.9572e+01
  1.0996e+01  -2.5906e+01
  8.0284e+01  -1.9533e+01
  5.2373e-01  -1.9219e+00
 -2.5241e+01   7.9346e+00
 -9.8348e+00   4.0569e+01
 -5.9622e+02  -6.7738e+02
 -1.3315e+01  -1.4807e+01
  7.2717e-01   2.0196e+01
  1.7433e+00  -5.0389e+00
 -1.5218e+01  -3.2448e+01
 -3.3588e+00  -2.4051e+01
 -1.4762e+01   2.8097e+01
 -1.0011e+02  -1.1758e+02
 -3.9068e+02  -1.2125e+02
  3.4506e+01  -2.6453e+01
 -1.7120e+00   3.3355e+00
 -5.1981e+02  -1.1575e+02
  6.4718e+01   1.4044e+01
  1.9070e+01  -2.1142e+01
 -3.4991e+01   5.7019e+00
 -7.2237e+02   3.3493e+02
  2.1518e+00  -6.9812e+00
 -1.1804e+01   8.7488e+01
 -3.0223e+01  -1.9101e+01
 -5.5245e+00   8.4043e+00
 -4.8073e+01   3.5167e+02
 -6.6709e+01  -9.0848e+01
  1.0364e+02  -5.8357e+01
 -6.7443e+01   9.1743e+01
  3.3926e+01   1.8584e+01
  3.7547e+01   2.1787e+00
 -4.7799e+00   3.8769e+01
  3.0751e+00  -3.0417e-01
 -1.8026e+02   4.1764e+02
 -2.3785e+00   7.2103e+01
  9.6080e+00  -2.3213e+01
  3.3069e+00   2.9666e+00
  1.5199e+01  -3.2020e+00
 -2.5628e+01   6.3061e+01
  1.1303e+01  -2.1233e+01
 -8.4875e+01  -7.9228e+01
 -3.2215e+01  -5.8712e+01
 -6.3999e+01  -7.7154e-02
 -2.3659e+01   4.1720e+01
 -2.2638e+01  -1.7787e+01
 -1.7203e+01  -4.3006e+01
 -5.7998e+00   2.3921e+00
 -3.8686e+01  -1.3588e+02
  4.1715e+01  -1.0004e+02
  5.7357e+00   4.1461e+00
  1.3758e+01   6.3171e+01
  2.3924e+01  -2.8626e+01
 -5.1604e+01  -4.2377e+01
 -4.2886e+01  -6.4124e+01
  3.9988e+01  -2.5269e+01
  4.0450e+00  -2.5461e+01
 -1.1745e+01   5.8389e+00
  9.3264e+00   1.9291e+01
 -1.0350e+01  -2.6977e+01
  6.3572e+00  -1.0458e+00
  5.8457e+00  -2.7331e+00
 -6.1103e-01  -1.7397e+01
  7.9892e+00   3.1719e-01
  8.2370e+01   1.0302e+02
  8.1139e+00   8.7431e+00
 -1.1031e+01  -5.4409e+00
  7.8656e+01  -4.5718e+01
 -1.1573e+01  -2.9154e+01
  1.4234e+02  -2.4953e+02
 -2.3505e+01   3.3448e+01
 -3.7081e+01  -8.5803e+00
 -2.6228e+01  -1.2325e+01
  9.6771e+00   9.9872e+00
  3.7799e+00   3.6941e+00
 -1.2664e+02   2.4009e+02
 -9.8821e+01   1.0389e+02
 -2.1740e+03  -7.1347e+01
 -3.9853e+02  -6.1767e+00
  6.1832e+00  -1.0270e+01
  8.9162e+00  -3.4570e+00
  3.3534e+01   1.0035e+02
  8.5142e+02  -1.0678e+03
  3.0078e+01  -2.9162e+01
  1.3747e+03   6.4172e+02
 -1.0004e+03  -4.2333e+01
  2.6687e+01   1.3965e+01
 -1.5787e+01   2.4641e+01
 -2.0521e+02   5.7633e+02
 -1.3406e+02  -1.7420e+02
 -5.4471e+01  -2.0022e+01
  2.8866e+00   1.0157e+01
 -8.7934e+01  -1.8130e+01
  7.3287e+02  -1.9693e+03
  3.0972e+00  -5.9666e+00
 -9.3500e+00   1.9584e+01
  6.0718e+01   2.0057e+01
 -5.9318e+01  -8.5089e+01
  7.4619e+00   4.1749e-01
  9.8715e+00  -8.9540e+00
 -1.4314e+01  -2.2166e+01
  3.0494e+00  -2.3177e+00
  2.1354e+02  -3.6807e+02
  3.4330e+01  -1.7034e+03
  1.0644e+02   1.3238e+02
 -1.6913e+01  -4.5388e+00
 -1.5865e-01   2.4374e+01
 -4.2933e+00  -9.2861e+00
  8.9494e+00   5.8497e+00
  5.4615e+01   1.1659e+01
 -1.8430e+01   2.5587e+01
  4.1991e+01  -9.4859e+00
 -1.1379e+02   1.4318e+02
  1.2554e+02  -2.2916e+01
  2.0677e+02   3.6836e+01
  7.6581e-01   1.5376e+01
  1.6072e+01   2.7689e+01
  7.3474e+02   4.4489e+02
  4.2348e+00   2.4028e+00
  6.9428e+01   1.9196e+02
  2.4969e+01   6.0173e+00
 -7.6817e+01  -8.9860e+01
 -2.7956e+00   4.2719e-01
  4.1850e+00  -1.4226e+01
  2.2440e+01   4.1471e+01
 -1.5314e+02  -6.0729e+01
  2.1351e+02  -8.3788e+02
 -1.7735e+01  -1.1939e+01
 -1.0324e+01   9.3878e+01
  5.4317e+01   1.9605e+01
 -2.9982e+01  -2.8053e+01
  6.7660e+01  -7.9533e-01
  1.0860e+01  -2.3267e+01
 -2.5339e+01  -6.7731e+00
 -4.9372e+02  -1.6588e+03
 -2.5781e+02  -2.8406e+02
 -1.9673e+01   1.8402e+00
 -7.9255e+01   9.0315e+00
  7.9758e+00   1.0823e+00
 -1.7626e+01   8.9186e+00
 -5.1588e+00   5.8035e+00
 -2.2348e+02   1.6360e+02
 -2.1789e+01  -1.8654e+01
 -2.3334e+01   1.7916e+01
  7.8512e+00  -3.1816e+00
  1.4923e+01  -5.8376e+01
 -2.2447e+01   8.1246e+01
 -2.2018e+01   9.8539e+01
  6.8288e+01  -3.3727e+01
  1.9408e+02  -5.8117e+02
 -5.7276e+02   2.4787e+02
  3.4631e+01   3.4830e+01
 -9.4791e-01  -5.5000e+00
  6.7141e+00  -2.5933e+01
 -2.9890e+01  -9.0445e+01
  1.7607e+01  -1.8948e+01
 -5.2290e+02  -2.5571e+03
 -1.0133e+01  -1.2566e+01
  3.5767e+02   3.8053e+02
  2.6633e+00   5.0899e+00
 -1.8914e+01   1.0653e+02
  1.4050e+01   2.6825e+01
 -8.2256e+00  -5.6262e+01
  2.4526e+01  -6.8048e+01
 -3.7229e+00  -9.9395e-01
 -2.1506e+01   8.3238e+00
  1.9395e+03   6.8418e+03
 -1.6887e+01  -4.5630e+01
  8.6460e+00  -4.7699e+00
  1.3934e+01   1.5916e+01
  3.0929e+01  -1.0606e+01
 -1.5549e+02   2.4842e+01
  9.7158e+00  -8.7359e+00
  4.5080e+01   2.3436e+01
  6.4764e+01   1.3636e+02
 -6.3183e+01  -2.1620e+01
  1.5442e+00   1.2929e+01
 -6.7891e+01  -1.0568e+02
 -8.9723e+00   3.3288e+01
 -1.1990e+02   1.1379e+01
  2.0247e+01  -8.8497e+01
 -2.8820e+00  -1.9677e+00
 -4.0357e+01  -1.6354e+01
  4.9554e+01   1.4917e+02
 -2.8457e+01   8.0333e-01
 -1.5921e+02   3.2155e+01
 -3.4509e+01   2.5381e+01
  2.0343e+01   2.1340e+01
 -3.0130e+01   2.0115e+01
  2.6641e+01  -1.7283e-01
