 -9.4760e-01   2.2431e-01
 -1.6410e-01  -2.0992e-01
 -2.5237e+00   2.6937e+00
 -4.7154e-01   1.8024e+00
  2.1361e+00  -4.5385e+00
 -5.9565e+00  -7.3836e+00
 -7.8124e-01   2.4056e+00
 -7.7438e+00   8.1809e+00
 -2.5720e+00   1.2262e+00
 -1.7839e+00  -7.6833e-01
  1.9902e+01  -5.9139e+00
  3.3880e+00   3.3864e+00
 -2.1259e+00  -1.0364e+00
 -4.4248e+00  -3.0276e+00
 -3.6833e+00  -7.8121e-01
  1.5968e+01  -1.1330e+01
 -3.2295e+00   4.1195e+00
  2.0630e+01   9.8059e+00
 -8.2833e-01  -5.8066e-01
  2.5029e+00  -3.2263e+00
 -4.3211e+00   1.1544e+01
 -7.8424e-01   3.5685e+00
 -1.5270e+01  -3.5786e+01
  4.9902e+00   5.2390e+00
 -3.7268e+00  -2.0259e+00
 -7.3850e+00   8.7815e+00
  2.5910e+00  -7.6708e+00
 -3.7962e+00  -2.1122e+00
  2.4211e+00   8.3326e-01
 -1.0637e+00   2.2371e-01
  2.3878e+00  -1.0163e+00
  1.5136e+00  -2.0268e+00
  2.4868e+00  -1.5621e+00
  1.9189e+00  -3.5405e+00
 -2.3033e+00   1.3814e-01
 -4.4812e+00   5.7069e+00
 -2.1054e+00   2.2103e-01
  9.3622e+00   2.9159e-01
  4.3075e+00  -2.8460e+00
 -4.7974e-01  -2.0614e-01
  2.3526e-01  -6.3874e-01
  6.3812e-01  -1.4769e+00
  5.6693e-01   1.0673e+00
  6.8660e-01  -7.0823e+00
 -1.4014e-01  -1.6272e+00
 -4.8338e-01  -3.9102e+00
  6.6352e+00  -4.9855e-01
 -4.5003e-01   1.5062e-01
  7.1029e-01  -2.7653e+00
  3.4578e+00  -4.3244e-01
 -2.7615e+01   1.3046e+00
 -8.7002e-01  -6.9991e-02
 -1.7995e+00  -3.7792e+00
 -2.4769e+00  -1.0731e+00
  3.2940e+00   3.8261e+00
  3.0333e+00  -9.3282e+00
  8.7302e-01   7.9064e+00
  3.3994e+00   1.0782e+00
 -1.5376e+00   1.7469e+00
  3.2919e+00  -5.1756e+00
  2.1279e+00  -1.9334e+00
  4.7753e+00   1.3160e+00
 -1.2852e-01  -1.5085e-01
 -1.0746e+00  -4.2956e+00
 -3.1303e+00   4.0382e+00
 -4.0862e+00   2.0091e+00
  1.1093e+01   9.3703e-01
  1.1936e+00  -1.8340e+00
  1.0747e+00   4.8181e+00
  1.5889e+01  -3.5102e+01
 -1.0644e+00   3.8221e+00
 -1.3284e+00   1.2762e+00
  9.4734e+00   2.3870e+01
 -7.8383e+00  -4.0921e+00
 -6.9819e-01  -1.2917e+00
  1.2312e+00  -3.8918e-01
 -7.5290e+00   7.8341e-01
  1.7031e+00  -2.0742e-01
  1.1041e+01  -9.7731e+00
 -1.4959e+01  -1.6023e+00
  6.9692e+00  -5.3247e+00
 -3.2433e-01  -6.6854e+00
 -1.7513e+00  -3.8844e+00
 -1.8092e+00  -5.4577e+00
  1.1790e+00  -2.5720e+00
 -9.2027e+00  -2.0770e+01
 -3.4750e-01  -2.0629e-02
 -2.6053e+00  -6.5105e+00
  8.8433e+00   4.4550e+00
 -9.3690e+00  -3.1768e+00
 -2.3750e+00  -2.4534e+00
  1.1843e+01  -3.0119e+00
  6.6114e-01   3.5911e-01
  7.6785e+00  -1.3848e+01
  6.5514e+00   7.5184e+00
  2.9341e+00   2.9062e+00
  1.2225e+00  -5.1525e-03
 -1.1410e+00  -1.9838e-01
  1.3774e+01  -5.9843e+00
 -3.8653e+00   2.0544e+00
 -3.2148e+00  -4.0329e+00
 -2.3794e-01   2.5260e+01
  5.4929e+00   1.2603e+01
  6.4911e+00  -1.2031e+00
 -7.6238e+00   8.4542e-01
  1.2886e+00  -7.5930e-02
  1.0160e+00   1.1409e+00
  2.5050e+00   3.3432e+00
  4.5717e+00  -1.6170e+01
 -2.3605e+00   6.6017e+00
  8.0380e-02   3.0873e+00
  4.3038e+00   7.7832e-01
  5.1440e+00   2.4083e-01
  1.2854e+01  -2.3392e+01
 -5.3881e+00   3.5587e-01
  5.9851e+00  -4.0756e+00
  9.8851e+00   1.3138e+01
  6.1040e+00   4.1502e-02
  1.2702e-01   1.1168e-01
  1.2612e+00  -1.9002e+00
  5.7218e-01   7.4786e-01
 -1.4750e-01  -1.6552e-01
  3.0157e+00  -2.2433e+00
  1.7638e+00   6.8640e-01
 -4.8988e+00   3.4618e+01
 -4.6656e+00  -1.5216e+00
 -8.1184e+00  -1.0834e+01
  2.0409e+00  -2.5222e-01
 -2.6019e+00  -2.7120e-01
  1.2315e+00   2.6123e+00
  4.9861e+00  -7.7903e+00
 -6.6080e+00  -4.1458e-01
 -1.0691e+01   6.7956e+00
 -3.9197e+00  -1.3115e+00
 -1.5078e+00  -1.1192e+00
 -6.0452e+00  -5.8443e-01
 -6.3615e+00   1.1944e-01
  1.7411e+00  -6.5688e-01
 -6.2689e-01   8.3483e-01
 -1.1437e+00   2.2802e+00
  2.1231e+00  -8.6125e-01
  4.9486e+00   1.3853e+00
 -1.0303e+00   2.0271e-01
 -2.8396e+00   2.2299e+00
 -3.5281e-01   3.6597e+00
  7.1796e+00  -1.3277e+00
 -4.7879e+00  -8.5079e+00
 -4.1947e+00   2.8431e+00
  1.9182e+00   8.5394e-01
 -8.3214e-01   1.7306e+00
 -7.9370e+00  -9.0920e+00
 -4.1986e-01   4.4470e+00
 -2.1748e+00  -2.5214e-01
 -5.3677e+00  -8.6076e-01
 -4.3719e+00   4.8119e-01
 -2.0602e+00   2.4962e-01
  1.0950e-01  -3.3491e-01
  1.2720e+01   1.4343e+01
  3.6657e+00   1.1175e+00
 -6.6254e+00  -5.5679e-01
  2.7618e+00  -3.9300e-01
 -2.0105e+00   5.0616e+00
  5.6313e-01  -1.4433e+00
 -1.2851e+01  -1.3331e+00
  3.0867e+00  -4.5590e+00
  5.7238e+00   3.9608e+00
 -3.9498e+00   1.7846e+00
  2.0380e+00   1.0328e+01
 -2.1119e+01   2.6164e+01
  3.1720e+00  -5.0506e+00
  2.2982e-01  -4.6593e-02
 -9.1897e-01   2.2485e+00
  4.7274e+00  -4.2519e-01
 -3.7069e+00   6.7047e+00
  1.6595e+01  -1.3796e+01
  3.6159e+00   3.9833e+00
  3.1097e+00  -2.8526e-01
 -4.4902e+00  -4.5759e+00
 -2.3347e+01   2.0254e+01
 -1.2199e+00   6.8218e-01
 -9.2790e+00   4.7304e+00
  1.5390e+01   1.8427e-01
  2.2282e+00  -4.3587e+00
 -2.4009e+00  -2.5905e-01
  2.8701e-01  -1.3086e+00
  2.0398e+01   9.7113e+00
 -2.4326e+00   6.9847e+00
  3.8507e-01  -6.8858e+00
  1.3626e+00   1.3888e+01
 -5.8428e+00   5.0408e+00
  1.1491e+00  -2.1702e-03
  5.1629e-01  -8.5752e-01
  3.0115e+00   7.5129e-02
 -2.2487e+00  -1.9035e+00
  4.1337e+00  -3.3410e+00
 -3.5538e+00  -2.1002e+00
 -1.3252e+00   2.0319e+00
 -3.2401e-01   1.5655e+00
  1.3295e-01  -1.5469e+00
 -1.8125e+00  -2.7032e-01
 -2.8281e+00   4.8023e+00
  3.2182e-01  -6.3323e+00
 -7.7926e-01  -3.6305e+00
 -1.6472e+01  -3.5021e+00
  1.1108e+00   4.3839e+00
 -1.0718e+00  -1.8137e+00
 -4.5753e+00  -2.9618e+00
  1.7771e+00   1.4741e+00
  2.5355e+00  -2.1247e+01
 -1.8953e+00   1.0859e+01
 -1.3424e-01  -4.7887e+00
 -1.2573e+01   3.2485e+00
  2.9194e+00  -6.9980e-01
  1.0772e+01   5.3295e+00
 -6.7061e-01   4.8663e+00
  9.8261e-01   5.0303e+00
  3.1424e+00  -3.7256e+00
 -2.2543e+00  -8.7541e-01
 -2.8692e+00  -8.4519e+00
  1.6905e-02  -1.9541e+00
  7.1427e+00  -5.8719e+00
 -1.6353e+00   1.5936e+00
  1.8465e+01  -5.0079e+00
 -2.6017e+01   2.9223e+00
  3.4510e+00   2.6435e+00
 -4.2601e+00  -6.7329e-01
  2.3700e+00  -5.9294e-01
 -8.0455e-01  -1.9625e+00
  1.1949e+00  -1.7502e+00
  2.1475e+01  -1.2754e+01
 -4.6402e+00   2.4309e+00
 -8.5664e-02  -9.9646e-01
  1.2509e+00   3.9120e+00
 -3.5200e+00   3.7906e+00
 -2.1050e+00  -9.2993e-01
 -3.5712e+00  -2.3264e+00
 -1.0442e+00   5.5350e-01
 -5.6291e+00  -1.3149e+01
 -1.8046e+01   1.9091e+01
 -1.9052e+00  -2.4980e+00
 -3.7686e+00  -1.3873e+00
 -1.3013e+01   4.0692e+00
  4.0036e+00  -1.5101e+00
 -8.7425e+00  -8.8760e+00
  4.4114e+00  -5.9072e+00
 -2.1185e+00   8.5939e+00
 -4.5843e+00  -1.5889e+01
  1.8371e+00   1.2237e+00
 -8.9320e-01  -2.8309e+00
  8.7782e+00   4.3202e+00
  1.4642e+00  -1.1445e+00
 -4.2391e+00   2.2109e+00
  3.7016e+00  -4.9644e+00
  4.0682e+00   2.7098e+00
 -2.4821e+01  -1.1848e+01
 -6.4024e+00   3.0354e+00
 -8.2223e+00  -3.9013e+00
  1.2598e-01   2.5331e+00
  5.0089e+00  -2.4159e+00
  3.9277e-01   2.0909e-01
  5.8196e+00  -4.9589e+00
 -1.1588e+01  -1.4683e+01
  1.5296e+00  -1.3851e+00
 -7.8832e+00   4.3490e+00
 -5.8071e+00   2.8586e+00
  3.2688e+00  -4.7325e+00
 -2.7435e+00  -5.7927e+00
  4.9155e+00   7.5405e+00
  2.0851e+00  -2.4045e+00
  7.2776e+00  -3.4577e+00
 -2.4802e+00   1.6298e+01
 -3.3543e+00  -8.4630e-03
  5.7880e-01  -2.5329e+00
  2.0057e+00   4.7414e+00
 -1.0989e+01   1.5084e+00
  1.9376e+00  -8.1668e-01
  2.6916e+01  -3.8643e-01
 -1.2094e+00   6.4785e+00
 -1.5603e+01   1.7840e+01
 -2.3650e+00  -2.1330e+00
 -4.7770e+00  -4.9625e+00
 -1.2375e+00  -2.4539e+00
  9.4104e+00   2.8291e+01
 -1.8491e+00   5.9058e-01
 -5.9967e+00  -7.7977e-02
 -1.5434e+00   3.5600e+00
 -5.5652e+00   5.2415e+00
 -7.7930e-01   1.9086e+00
 -3.1046e+00   6.0098e+00
 -5.3970e+00   6.5644e-01
  1.1006e+01   1.0831e+01
  4.5811e+00  -1.2988e+00
 -3.3991e-01   1.1270e+00
  5.0548e+00  -2.1449e-01
 -2.0881e+00  -2.2026e+01
  1.4814e+01   6.5451e+00
  3.2163e+00  -6.7011e-01
  3.7519e+01  -1.9433e+01
 -1.4040e+00   2.0766e+00
 -6.1346e+00   1.1997e+01
 -1.0778e+00   3.4620e+00
  6.3132e+00   1.1479e+01
 -6.6957e+00  -4.5412e+00
 -9.9111e+00   1.0360e+00
 -8.4453e+00  -4.9682e-01
  6.3875e+00  -8.4662e+00
  2.5401e+00  -3.6320e+00
 -1.8380e+00  -1.2572e+00
  3.2773e-01   1.2430e+00
  3.7974e+00  -4.2835e-01
  2.5164e-01   8.7534e+00
 -1.0267e+01   6.5405e+00
 -8.7089e+00   1.4275e+00
 -6.3543e+00   2.6198e-01
 -2.5369e+00   5.0430e+00
 -8.2584e-01   1.8028e+00
  1.0605e-01  -1.3830e+00
 -3.2836e+00   7.3336e-01
 -4.9412e+00  -6.1183e-01
  6.1155e+00   9.4105e+00
  8.5003e+00  -1.3634e-01
  4.0869e+00  -2.3221e-01
  2.3771e+00   2.1495e+00
  6.2637e+00   1.1116e+01
  1.6743e+00  -9.0156e-01
  4.5032e+00  -2.9765e+00
  2.6500e+00  -9.0550e-02
 -1.0611e+00  -5.9374e+00
 -1.6394e+00   5.2709e+00
 -1.5946e-01   2.8765e-01
 -1.0440e+01  -2.7009e+00
  9.2007e-01  -1.7938e+00
  9.0345e-01   3.0879e+00
  8.4589e+00  -2.5337e+01
  4.2381e-01   1.8020e+00
 -2.4952e+00  -8.3330e+00
 -8.7275e-01   2.8150e+00
  2.8527e+00   6.0989e-03
  2.9719e+00   8.3833e-01
  6.4267e+00  -1.8131e-01
 -4.7866e+00  -8.4500e-01
  1.1144e+01   1.8477e+01
  1.1254e+00   1.7309e+00
  4.0302e+00   4.7901e+00
 -5.3795e-01   4.0247e+00
 -2.8047e-01  -8.0232e-01
 -1.9566e+00   9.2205e+00
 -2.3236e+01   1.2149e+01
  2.8566e+01  -8.6537e+00
 -1.8570e+00   2.7714e+00
  7.8121e+00   7.8501e+00
  2.0131e+01  -8.4454e+00
 -3.5580e+00  -4.1233e+00
  2.4881e+00   1.5523e-01
 -5.0011e+00  -1.4143e-01
 -1.1158e+01   1.0810e+00
  8.6506e+00   1.4584e+01
  2.5490e-01   1.4692e+00
  1.5637e+00  -1.0131e+00
 -1.0939e+00  -2.8684e-01
  2.6810e+00   2.9897e+00
 -4.6618e+00  -6.0204e+00
 -1.5941e+00   2.4554e-02
 -1.7893e+00   1.1988e+00
 -1.3655e+01   3.5705e+00
 -5.9228e+00  -5.5957e+00
 -2.2809e+00  -1.3746e+01
  5.9035e-01   2.5530e+00
 -3.4609e+00  -7.7829e+00
  1.2590e+00   3.4942e+00
 -1.0059e+01   2.3838e+01
 -2.8628e+00  -6.5092e+00
  1.0023e+00  -9.1615e-01
 -8.0602e+00  -7.1828e+00
  1.2790e+01   4.8475e+00
  3.7733e+00  -2.5318e+00
  1.0027e+01  -1.4615e-01
  1.1713e+00  -3.3796e+00
 -4.2101e+00   1.9767e+00
 -6.4805e+00  -9.3050e+00
 -3.4363e+00   6.1468e+00
  1.5125e+00   2.3434e-01
  3.8625e+00   1.1772e+00
 -9.0897e-01   1.1662e+00
 -6.1351e+00   1.4539e-01
  1.0076e+01   3.3192e+00
 -3.0710e+00  -1.2434e+01
  6.7533e+00   1.0590e+01
  1.0074e+01  -1.5657e+01
 -5.2664e+00   1.3842e-01
 -9.4848e+00  -1.1139e+01
  3.3707e+00  -1.5066e+00
 -2.9272e+00  -2.2090e+00
  4.6530e+00  -3.3296e+00
 -4.6969e+00  -4.9409e+00
  1.8467e+00   5.6311e-01
  7.5677e+00  -6.7158e+00
 -1.9298e+01   2.0947e+01
 -7.3473e+00   1.4573e+00
 -2.4471e+00  -4.5662e+00
  2.0487e-01   1.3962e+01
  3.5953e+00   5.1007e+00
 -5.2954e+00  -1.0711e+01
 -1.2297e-01  -4.0132e+00
  3.2514e-01  -1.2339e+00
  6.0262e+00  -1.4437e+00
  8.4120e-01  -8.6456e-01
 -1.6148e+00  -4.7926e+00
  5.7912e+00  -1.9398e-01
 -1.6277e+01   3.3931e+01
 -2.3431e+00  -3.1443e+00
  3.5825e+00   3.8526e+00
 -3.9695e-01  -3.6396e+00
 -2.0752e+00  -4.9139e+00
  1.7108e+01  -3.9225e+00
  8.1124e-01   7.0133e-01
  1.3646e+00  -1.0666e+00
 -3.4456e+00   1.4982e-01
  3.3617e-01   3.0451e+00
 -9.0976e+00  -4.4965e+00
 -4.7620e+00   9.9210e-01
 -2.7720e+00   1.8939e+00
 -1.0082e+01  -1.1682e+01
  4.8409e+00   4.0130e+00
  8.9805e-01   3.2454e-01
  4.6239e+00   2.1928e+00
  2.2621e+01   2.8803e+01
  1.0215e+00  -2.3485e+00
  1.4418e+00   7.6741e+00
  1.5565e+00   7.2903e+00
 -1.8595e+00  -6.9648e-01
  2.5960e+00   7.2936e+00
  1.2873e-01  -1.3150e+00
  2.7559e+00   5.4087e+00
 -3.4462e+00   2.8821e+00
  9.3059e-01   1.6009e+00
  3.8085e+00  -1.3968e+01
 -6.9367e-01   3.0327e+00
  4.0887e-01   1.1646e+00
 -4.1179e-01  -1.8559e-01
  4.3945e-01  -1.1412e+00
 -7.5876e+00   3.0500e-01
 -7.9182e-01  -3.2921e+00
  4.1508e+00   5.4043e+00
  2.4860e-01  -6.0018e-01
  8.5837e-01  -9.7303e-01
  6.4874e-01   5.3551e-01
  2.3455e+00  -8.8247e+00
 -2.4568e+00  -1.1571e+01
 -2.8016e+00  -7.3983e-01
  6.6597e+00   1.1230e+00
  7.3426e+00   5.5094e+00
 -4.7230e-01  -2.7445e+00
  7.1101e+00   4.3374e+00
 -5.5120e+00  -3.6550e+00
 -2.0972e+00   3.9333e-01
  2.8882e+00   5.4801e-01
 -4.3889e+00  -1.9435e-01
 -2.9537e+00   8.6030e-01
  2.6140e+00  -3.4924e+00
  8.2142e-01   2.3966e+00
  2.6191e+00   1.2103e+00
 -5.1412e+00  -5.4861e+00
  4.2696e-01   1.4403e+00
 -3.5879e+00  -3.5935e-01
 -1.3968e+01  -2.5293e+00
 -1.1911e+00   7.4690e-01
 -6.7798e-01   1.9411e+00
  2.8835e+00  -4.4576e+00
  3.3007e+00  -1.2212e+00
 -3.1924e+00   1.8474e+00
  7.1126e-01   2.4300e+00
 -1.0252e+00  -6.0146e+00
  1.6114e+00   2.5388e-01
 -4.3868e-01  -1.7314e+00
 -2.4074e+00   3.2924e+00
  1.0154e+01   4.4498e+00
  1.2846e+00  -1.3516e+00
 -1.6232e+00   1.6495e+00
 -1.6201e+01   2.0017e+00
 -1.7569e+00  -2.9506e+00
 -1.9425e+00   2.7153e+00
 -7.6812e+00   5.2356e+00
  2.2233e+01  -5.0607e+00
 -7.1382e-01   2.0007e+00
 -1.0711e+01   1.6476e+01
  5.9530e+00  -2.0354e+00
 -1.0521e+00  -9.5272e-01
  2.0025e+00   7.5345e-01
  8.7925e-01  -1.3856e+00
 -8.4691e-01  -3.7194e+00
 -3.6343e+00   7.7726e+00
 -6.4071e-01   1.0439e+00
 -7.7685e-01  -1.1301e-01
  1.8096e+00  -5.1215e+00
 -9.4231e+00  -2.1718e+00
  7.1086e+00  -1.2483e+01
  3.2193e+00  -8.8432e+00
  2.7181e+00  -2.5710e+00
 -1.7220e+01  -2.7391e+01
  3.3924e+00   4.8862e-01
 -9.5186e+00  -4.3331e-01
 -2.5597e+00   2.1057e+00
 -5.5935e+00  -1.4127e+00
 -1.1770e+00   4.6009e+00
  3.9788e+00   3.2476e+00
  8.0438e+00   1.7552e+00
  2.4760e+00   1.2417e+00
  2.1445e+00  -1.5491e+00
  8.6802e+00   3.1032e-01
 -3.0129e-01   5.6257e+00
 -3.7973e+00  -4.7613e+00
  1.0517e+01  -5.2009e-01
 -1.1867e+01  -9.4815e+00
 -5.5644e+00   2.8097e+00
 -7.1588e+00   5.1586e+00
 -3.2649e-01  -8.1293e-01
 -9.1629e+00  -8.1308e+00
 -4.2104e+00  -3.8491e+00
  1.2025e+00  -6.1487e+00
  5.1129e+00  -2.5685e+00
  7.8366e+00  -9.0978e-01
 -5.1081e+00   2.3625e+00
  2.7008e-01  -2.5638e+00
  5.2274e+00   1.6459e+00
  2.3502e+00  -6.8941e-01
 -1.1381e+01  -1.1682e+00
 -1.6196e+00  -7.2299e+00
 -2.1046e+01  -5.8702e+00
  5.4831e+00   5.3033e+00
 -3.6264e+00   4.3348e+00
 -4.7727e-01  -5.3562e+00
  9.4791e+00   1.0153e+01
  2.6147e-01   1.1760e+00
 -5.4282e-01  -5.6632e+00
  3.4342e+00  -2.5043e+01
  6.7942e-01  -1.4473e+00
  8.9628e+00   3.5218e+00
 -9.4775e-01  -1.7864e+00
  1.1555e+01   7.2891e+00
  2.0677e+00  -2.6575e+00
  5.2037e+00  -3.4141e+01
 -5.3250e+00   4.7604e+00
 -2.2250e+00  -2.2706e+00
 -6.4577e+00  -6.5170e-01
 -8.0117e-01   8.0323e-01
 -2.0723e+00  -5.2607e+00
  4.5298e+00   3.1887e+01
  1.3894e+00   8.4208e-01
 -1.1936e+01  -1.1270e+01
 -1.0008e+01  -5.5169e+00
  1.2252e+00  -1.5854e+00
  3.0738e+00   4.0886e-01
 -3.3886e+00  -6.4343e-02
 -4.0787e-03   1.9562e+00
 -1.3813e+00   2.5509e+00
  9.7018e+00   1.0079e+01
 -5.0045e+00  -7.9068e-01
  1.2945e+00   8.8596e-01
  3.1526e+00   2.7557e+00
 -3.9428e+00  -1.0446e+01
 -5.6606e-01  -1.4307e+00
 -2.1033e+00  -1.0992e+00
  2.4031e+00  -1.3195e+00
 -9.5792e-01  -5.5230e-01
 -8.4389e+00   3.9404e+00
 -2.0873e+00  -6.7623e+00
  1.3314e+01  -1.5324e+00
 -1.0027e+00  -3.6274e+00
 -1.2773e+01   3.1109e+00
 -9.7207e-01   2.9303e+00
 -9.1501e-03   3.3621e-01
  1.2243e+00  -2.6289e+00
  2.4732e+00  -1.9253e+00
  1.0374e-01   3.9682e+00
 -2.8740e+00   1.0045e+00
 -1.4351e+00   2.0449e+00
  5.6780e+00   8.2059e+00
  4.8151e-01   8.5053e-01
 -9.8663e-01  -3.8073e+00
 -6.1607e+00   6.3456e+00
 -4.8976e+00   2.0291e+01
  6.7260e+00   1.1462e+01
  9.0522e+00  -5.0035e+00
 -2.9016e+00   1.9608e+00
  1.6098e+00  -2.3391e+00
  3.7605e+00   2.3333e+00
 -1.2184e+01  -1.6882e+01
  3.1351e+00   4.7868e+00
  3.3442e+00   2.9218e+00
 -3.6679e+00  -2.2713e+00
 -1.0812e-01  -1.0080e+00
 -1.9825e+00  -3.2059e+00
 -7.9389e+00  -1.2053e+01
 -2.9282e+01  -6.5703e+00
  2.0778e+01  -2.0288e+01
 -3.4761e+00  -4.2172e+00
  5.8502e+00  -7.5407e-01
  2.2419e+00   9.0254e+00
 -5.1019e+00   4.4689e+00
  6.4301e+00  -1.4803e+00
  9.6774e-01  -2.1819e+00
  2.3342e+00  -6.0937e+00
  3.4253e+00   5.4424e+00
 -2.1577e+00  -2.8256e-01
  9.6145e-01   2.1238e+00
  4.3567e+00  -2.7245e+00
 -1.9098e+00   6.7645e-01
 -5.5907e+00   5.4103e+00
 -3.5538e+00  -9.5070e-01
 -1.2215e+01  -4.0565e+00
 -4.8663e+00   2.1492e+00
  1.5403e+00  -4.0872e+00
  1.2187e+01   3.8856e+00
 -1.9042e+00  -5.3409e+00
  8.1286e-01  -2.3165e+00
  2.8737e+00  -1.2152e+01
 -1.3155e+00  -2.5324e+00
  5.7259e-02   8.6243e-01
  4.3940e+00   7.4251e+00
 -3.5966e+00  -4.5942e+00
 -5.3468e-01   3.0555e+00
 -2.8184e+00   5.0439e+00
 -7.2746e+00   8.7536e+00
  4.3277e+00   3.5473e-01
 -1.1194e+00   1.7894e+00
  2.6196e+00   8.6170e+00
 -9.3575e+00  -8.1451e+00
  9.9762e+00  -5.3021e+00
  5.1354e+00   3.2262e+00
  6.5004e-01  -5.5564e+00
 -8.1255e+00  -6.5804e+00
  4.4728e+00   1.0050e+00
  7.2458e-01   1.5776e+00
  8.0718e+00  -7.6064e-01
 -2.2168e+00   2.7752e+00
 -3.1857e+00  -4.4652e-02
  6.4772e-01   3.5365e+00
 -8.1114e+00  -3.6462e-02
  4.3122e+00   1.3058e+00
 -1.1343e+01   1.3874e+01
  1.7292e+00  -1.8807e+01
  2.4211e+00   3.2743e+00
 -3.8008e+00   4.5055e+01
 -2.9714e+00   2.7093e+00
  6.1551e-01  -2.8487e+00
  3.2098e+00   3.1569e+00
  2.4031e-02   2.3458e+00
 -2.3719e+01   2.1252e+01
  1.9034e+00   1.3021e+00
 -3.0467e+00   1.4414e-02
 -3.5636e+00   3.2806e+00
 -1.1801e+00   2.1117e+00
  8.9811e-01  -3.2086e+00
  1.3249e+01  -5.7482e-01
  3.2707e+00   1.2252e+00
 -4.7309e+00   1.0855e+00
 -4.8539e+00  -5.2087e+00
 -8.5247e-01  -3.7599e+00
  1.4273e+00  -4.0050e-01
 -4.7887e+00  -6.4152e+00
 -2.5224e+01  -4.3144e+00
 -1.5077e+01  -3.8552e+00
  1.5833e+00  -3.4817e+00
 -2.9634e+00  -2.1140e+00
  3.3919e+00  -3.2659e+00
  3.8973e+00   2.8739e+00
  4.2421e+00  -1.2229e+01
  8.2031e+00   7.7999e-02
 -1.0406e+00   5.8009e+00
 -4.4283e-01   1.8556e+00
 -2.2023e-01   6.8101e+00
  7.0087e-01   6.3446e-01
 -4.8101e+00  -1.2412e+01
  1.2394e+01  -3.1085e+01
 -1.4685e+00  -1.5501e+00
 -7.5114e-01   4.8153e+00
  3.1430e+00  -7.4300e+00
 -1.4748e+00   2.4004e+00
  2.2189e+00   2.1745e-01
 -3.2788e-01  -4.3093e-01
  1.6618e+00  -1.6952e+00
  8.2193e+00   3.9224e+00
  3.0858e+00   3.0468e-01
  9.6959e-01  -1.4116e+01
  1.7805e+01  -1.2952e+00
 -3.8525e+00  -6.8629e+00
 -3.3265e+00  -2.5750e+00
 -1.1530e+01   2.1692e+01
  3.0370e+00  -3.0835e+00
 -4.4663e+00  -5.8548e+00
 -1.3370e+00   4.6713e+00
  8.3981e-01   1.5673e+00
  2.4024e+00   2.6064e+00
  1.4184e+01  -1.9855e+01
  2.4532e+00   1.3850e+00
  3.3522e+00   7.4332e+00
  8.3020e+00  -2.7677e+00
  5.1743e-01   2.0257e+01
  5.2422e-01  -1.3151e+00
 -3.4984e-01   1.3451e-01
  2.9924e+00  -6.7766e+00
 -2.0335e+00   2.7734e+00
  3.4992e+00  -1.6461e+00
  4.7607e+00   1.7488e+01
 -8.4079e-01  -9.9264e-01
  1.7202e-01  -1.9940e+00
 -2.8421e+01   1.1987e+00
  3.3416e+00  -1.1367e+00
  7.6046e-01  -5.0550e+00
  1.7665e+00  -1.2063e-01
 -3.9806e-01   3.8785e+00
  1.1779e+00  -7.1320e-01
  2.7744e-01   2.5246e+00
 -1.2279e+01  -2.4732e+01
 -6.5891e+00  -5.9768e+00
  4.3725e+00  -5.8424e-01
  9.0094e+00   2.0627e+00
  2.6326e+00   3.6110e+00
 -4.8806e+00  -4.0129e+00
  7.5966e-01  -2.5977e+00
  2.6472e+00   1.3557e+01
 -7.8877e-01  -1.5226e-02
 -1.3646e+00  -3.9386e+00
  1.5904e+01  -1.4878e+01
 -5.0850e+00  -2.1914e+01
  3.0246e+00   9.0265e-01
  8.6722e-01  -3.8378e+00
  1.0609e+01   8.9197e-01
 -1.2959e-01   1.9568e+00
  5.0258e+00   5.0266e+00
 -3.6969e+00  -5.1245e-01
  2.1628e+01  -1.4252e+01
  1.2438e-01   1.5598e+00
 -6.2209e-01   3.0923e+00
  3.1755e+00  -9.1607e-03
 -3.0657e+00  -3.9697e+00
 -5.0747e+00  -4.2244e+00
  3.1706e+00   1.9203e+00
  2.1257e+00   6.2614e-03
  6.4678e+00  -1.7856e+00
 -6.2896e+00   5.8310e-01
  3.8757e+00   4.3216e+00
 -1.6211e+00   2.8904e+00
  8.5974e-01   5.3468e+00
 -1.0762e-01  -2.4184e+00
  1.2123e+01   2.8983e+01
 -1.1847e+00   4.1072e+00
 -3.3572e+01  -2.2304e+01
  1.4056e+00   2.5781e-01
 -3.3135e+00  -5.9890e-01
  1.6465e-01  -2.1211e+00
  9.1235e-01   2.3865e+00
  1.1814e+00  -1.4007e+01
 -6.9448e+00  -8.8204e-01
  1.6123e+00   5.6738e-01
  9.5203e+00   2.0966e+01
 -3.4105e+00  -7.6511e+00
  1.1556e+00   8.9081e-02
  8.4879e+00  -3.5353e+00
 -7.6720e+00  -2.0354e-01
 -1.8220e+00   4.6812e-02
  6.2719e+00   6.6692e+00
 -1.6150e+00   6.1111e+00
  2.7127e+00   1.9283e+00
  7.0758e-01   1.0413e-01
 -5.8325e+00  -2.6332e-01
 -7.7215e+00   3.5329e+00
  1.8482e+00   8.0886e-02
  8.5804e-01  -1.3423e+00
  3.0401e+00   1.5509e+00
 -1.4219e+00   2.7632e+00
  2.3008e+00  -4.6466e+00
  4.1012e+00   3.2715e+00
  1.5555e+00   1.0373e+01
  7.5784e+00   1.8664e+00
 -1.5482e+00  -1.0691e+00
 -2.8005e+00   6.4397e-01
 -1.7216e+00  -2.7012e+00
  4.9807e+00   1.1815e+01
  1.4268e+00  -8.6927e-01
  2.3989e+01   1.1746e+01
 -4.9209e+00  -1.0594e+01
 -1.9557e-01   9.1724e-01
 -3.9856e+00   2.1674e+00
  7.7914e-01  -1.7804e-01
 -2.4535e+00   2.6933e+00
 -3.1518e+00   5.6677e+00
 -4.2683e-01   7.3133e-01
 -3.9400e-01   6.8010e-02
  5.3663e+00   3.2403e+00
 -2.7439e+00  -1.2353e+01
 -8.8227e-02   3.3017e+00
  4.5463e+00   7.3924e+00
 -2.2369e+00   2.1248e+00
  4.5366e+00  -7.2579e-01
  2.7306e+00  -2.9673e+00
  3.7466e+00   1.6585e+01
 -1.2658e+00   2.4270e+00
 -8.5390e+00   8.6826e+00
  2.4269e+01   8.2839e-01
  8.3825e+00   6.1678e+00
 -1.1862e+00  -4.3697e+00
  3.0423e+00   1.1393e-01
  3.3137e+00  -1.8830e+00
  3.9655e+00  -3.5269e+00
 -6.6973e-01  -2.3341e+00
  5.1412e+00   1.2124e+01
 -1.2509e+00   1.5936e+00
  2.6859e-01  -4.2868e-01
  1.9761e+00  -1.5075e+00
 -1.4061e-02  -3.3579e+00
  5.4197e-01   8.6169e-01
  5.1953e+00   1.4202e+00
 -3.0842e-01  -6.1824e+00
  6.2204e-01   3.6219e+00
  2.1491e+00   5.5420e-01
 -5.7839e+00   4.0273e+00
  5.8016e+00  -7.9970e+00
 -1.2951e+01  -1.0021e+01
 -3.0051e+00   2.5389e+00
 -4.4783e+00   1.6933e+01
 -1.6184e+01   3.0955e+01
  2.0840e+00  -2.5017e+00
 -2.0297e+00   2.7681e-01
  2.1488e+00   2.5494e-01
  3.0586e+00   1.5704e+00
  2.6633e+00   5.9958e+00
  5.1041e+00   2.0875e+01
  1.9793e+01  -1.3779e+01
  3.2013e+00  -1.8504e+01
  1.0027e+00  -3.8163e+00
  3.0965e+00   1.8873e+00
  8.3161e-02  -6.4655e-01
 -7.3103e-01   1.4151e+00
 -1.3534e+01   7.0680e+00
 -5.5734e+00   1.2895e+00
  1.0332e+00   6.2054e+00
 -2.8440e-01   4.1575e+00
 -1.2739e+00   1.4381e+00
 -3.1806e+00  -5.9941e+00
 -1.8315e+00  -2.0476e+00
 -1.8394e-01  -1.4603e-01
  9.6785e-02   3.4548e+00
  2.2793e+00  -1.2156e+00
 -2.6908e+00   4.8955e+00
  7.6897e-01   2.8350e-01
 -5.6923e+00   3.5002e+00
 -1.5404e+00  -1.8199e+00
  2.7588e+00  -5.4093e+00
 -4.3900e+00   3.5356e+00
 -1.3423e+00   1.7487e-01
  1.2269e+00   6.5125e-01
 -3.6970e+00   1.1500e+00
  7.2437e+00  -7.3034e+00
  4.3562e+00   8.6579e+00
 -5.0513e+00  -1.2797e+00
  4.1665e+00  -1.2279e+00
 -1.1613e+00   7.3469e-01
  4.8401e+00  -4.2725e+00
  9.4843e+00  -1.1126e+01
 -5.7783e-02   8.3255e-01
 -8.9323e-02  -1.9740e-01
  1.7240e+01  -2.5273e+01
 -1.9915e+00  -1.5811e-01
  1.7840e-01  -7.5594e+00
  2.2956e-01  -8.5236e+00
 -1.9001e+01   5.0630e+00
 -2.7405e+00   9.5280e-01
 -1.8429e+01  -7.8229e+00
 -1.9194e+00  -6.8378e-01
  3.8123e+00   2.9002e-01
  5.1130e+00   5.3164e+00
  4.3953e+00  -1.3744e+00
  9.0948e+00  -2.3459e+00
  2.1731e+01  -9.7836e-01
 -6.5686e+00  -2.6125e+00
 -1.7463e+00  -2.4950e-01
  2.3914e-01  -2.4399e-02
 -7.2106e+00  -2.2016e+01
  2.7537e+00   4.2274e+00
 -3.1431e+01   1.3378e+01
 -1.0731e+01   3.0442e+01
  2.2343e+00   4.7096e+00
 -1.7070e+00   1.4162e-01
  2.6777e+00  -6.4255e-01
  6.0941e-01   4.2476e+00
  4.8909e+00   7.8244e-01
  1.9392e+00   3.0641e-02
 -6.3781e+00   1.6079e+01
  1.7377e+00   4.5125e+00
 -2.5360e+00   1.6356e+00
  5.6220e+00   4.2147e+00
  6.3633e-01  -2.0606e+00
  2.9194e+00  -4.9800e+00
  1.8335e+01  -2.0456e+01
 -1.2519e+00  -4.8428e-01
 -4.3848e+00  -7.0823e+00
 -1.9787e+00   7.5342e+00
 -2.3621e+00  -6.0526e-01
  3.9709e+00   1.3383e+01
  3.8776e+00   7.1099e-01
 -2.7649e+01  -2.0789e+01
  5.4435e-01  -8.3111e-02
  2.5069e+00   2.4175e+00
  1.2270e+00  -6.0478e-01
  1.6637e+00   2.8542e+00
 -9.2068e+00   4.9877e-01
  7.3194e+00   2.8871e-01
 -5.3786e-02   8.8087e-01
  8.3986e+00  -1.7332e+00
 -3.5734e+00   4.7002e-01
  3.8995e+00   1.5750e+01
 -1.6832e+01   1.2261e+01
 -2.9379e-01   2.8900e-02
 -1.3535e+00  -1.3161e+01
  3.0132e+00   1.3091e-01
 -1.0439e+01  -3.7973e+00
 -5.9982e-01  -2.3415e+00
  7.5408e+00   1.8773e+00
  6.9626e-01   4.3886e+00
  2.1948e+00  -7.8056e+00
  2.5637e+01  -2.3781e+01
  5.9593e+00   3.5172e+00
  1.7051e+00  -2.8266e+00
 -2.6457e-01   1.6487e-01
 -1.4271e-01  -7.2824e-01
  2.2878e+00   2.2449e+00
  2.1804e+00  -9.0560e+00
 -4.5461e-01   3.1047e-02
  2.0877e-01  -2.1653e+00
  2.2543e+00   1.4741e+00
 -1.3741e+01   1.8532e+01
 -8.0236e-01  -1.2961e+00
  3.9697e-01   2.1570e+00
  5.7113e-01  -2.6631e+01
 -4.9120e+00   4.6151e+00
 -1.4509e+00   3.6652e+00
 -8.1549e+00   8.9223e+00
 -1.3345e+00   4.8285e+00
 -4.8005e-01   2.3558e-01
 -3.6947e+00  -5.8682e+00
  7.9838e+00   1.6398e+00
 -1.1021e+00   3.9694e+00
  9.4304e+00  -1.0005e+00
  4.2595e+00  -2.6348e+00
 -4.5147e-02  -3.3311e+00
  3.4951e+00  -2.0747e+00
 -7.7439e-01  -1.1183e+00
  1.2569e+00  -6.4352e-01
  1.0578e+00  -1.5426e+00
 -2.6402e+00   5.9863e+00
  1.6522e+01   2.8451e+01
 -1.1623e+00   1.5295e-01
  1.2042e+00  -1.1286e+00
  1.5713e+00  -5.3119e+00
 -1.8018e+00   3.8973e+00
 -1.7077e+00  -2.3016e+00
  3.5701e+00   1.3873e-01
 -2.1261e+00   9.1392e-01
 -9.6108e+00   1.9087e+01
 -9.5855e-02   3.5118e+00
  2.1800e+00   3.5015e+00
 -1.0931e+01   3.5844e+00
 -1.6298e+00   2.7142e+00
  5.2960e+00   1.0747e+01
 -3.9457e+00  -2.3128e+01
 -3.2067e+00  -2.8399e+00
  4.2662e+00   5.1907e+00
 -9.3665e-01   1.7534e+00
 -5.6866e+00   2.9369e+00
  3.5656e+00  -1.9963e-01
 -3.2212e-01   1.0710e+01
 -6.0944e+00  -1.6817e+01
 -2.8583e+00   1.0501e+00
  1.0260e+01   3.1222e+00
 -7.7046e-01  -3.0038e-01
 -2.2645e+00  -1.7527e-01
  7.0171e-01   1.9291e+00
 -9.7558e+00  -9.8301e+00
  4.7423e-01   2.8045e+00
 -8.4472e-01  -4.9502e+00
  4.0119e+00   2.8406e+00
 -1.6666e+00  -1.2283e+00
  9.2207e+00  -6.5132e+00
 -9.2149e-01   2.7435e+00
  8.1442e-01  -2.2342e+00
  5.2219e+00   1.6849e+00
  9.6964e+00   3.1595e+01
 -1.0570e+01  -3.0826e+01
  5.3707e+00  -8.2933e+00
  2.8489e+00   2.3232e+00
 -2.2487e+00  -1.5972e+00
 -3.2947e+00   5.2047e+00
 -4.8266e+00  -1.9381e+01
 -1.5163e+00   9.2169e-01
  1.6663e+00  -2.0318e+00
 -2.5684e+00   2.7324e+00
 -1.1924e+00   3.5348e+00
  7.6908e-01  -5.8502e+00
