 -7.3596e-02   4.4268e-01
  7.3260e-02  -1.1257e-02
 -1.8722e+00   1.8277e+00
 -1.2047e-01   2.8397e-01
  1.2241e+00  -2.4833e+00
 -3.5122e+00  -4.5729e+00
 -6.0565e-01   1.7719e+00
 -4.9723e+00   5.2281e+00
 -1.7727e+00   1.0835e+00
 -1.0110e+00  -3.5454e-01
  1.1540e+01  -3.1659e+00
  1.5971e+00   2.1036e+00
 -1.1947e+00  -1.0650e-01
 -2.5894e+00  -1.9066e+00
 -1.8605e+00  -2.2956e-01
  9.9127e+00  -6.9217e+00
 -1.9145e+00   2.5133e+00
  1.2072e+01   5.7144e+00
 -4.8667e-01  -4.6273e-01
  1.5432e+00  -1.9096e+00
 -2.6126e+00   6.9163e+00
 -3.7052e-01   2.0635e+00
 -9.2865e+00  -2.1751e+01
  3.0566e+00   2.9793e+00
 -2.0733e+00  -1.0825e+00
 -1.5482e+00   2.3159e+00
  1.4775e+00  -4.8266e+00
 -2.5112e+00  -1.3923e+00
  1.5070e+00   2.7695e-01
 -8.4847e-01   5.7661e-01
  1.4616e+00  -8.7401e-01
  8.3935e-01  -1.4172e+00
  1.4952e+00  -1.3002e+00
  6.6637e-01  -1.7825e+00
 -1.4910e+00   8.1468e-03
 -2.6789e+00   3.5102e+00
 -9.4259e-01   2.3567e-01
  6.1571e+00   1.9425e-01
  3.0361e+00  -1.8754e+00
 -5.1946e-02   3.9125e-02
 -5.3086e-02  -5.4195e-01
 -1.6423e-01  -7.4116e-01
  2.0540e-01   4.7768e-02
  4.0169e-01  -4.2558e+00
 -1.9525e-01  -1.4569e+00
 -4.3031e-01  -1.5367e+00
  4.1111e+00  -4.9005e-01
 -3.3457e-01   4.4815e-02
  4.5722e-01  -1.8810e+00
  1.8854e+00  -2.3656e-01
 -1.4658e+01   6.6274e-01
 -3.9409e-01  -3.6347e-01
 -1.2074e+00  -2.5880e+00
 -1.7113e+00  -1.3512e+00
  1.7905e+00   2.5553e+00
  1.6378e+00  -5.7312e+00
  3.1370e-01   4.4565e+00
  1.4704e+00   2.7996e-03
 -1.2897e+00   1.0175e+00
  2.0442e+00  -2.7420e+00
  1.4141e+00  -1.3101e+00
  3.0546e+00   7.8846e-01
 -3.9587e-01  -5.4385e-01
 -8.9593e-01  -2.8618e+00
 -2.2582e+00   2.7761e+00
 -2.1500e+00   1.4020e+00
  6.6984e+00   6.4472e-01
  3.8286e-01  -6.7967e-01
  7.0393e-01   2.7142e+00
  1.0124e+01  -2.2377e+01
 -4.5811e-01   2.5368e+00
 -8.5064e-01   9.8023e-01
  5.5760e+00   1.3227e+01
 -4.9215e+00  -2.1605e+00
 -2.4407e-02  -4.2253e-01
  5.3054e-01  -2.7721e-01
 -4.5891e+00   6.1034e-01
  5.9560e-01  -1.5404e-01
  7.2925e+00  -6.3123e+00
 -8.2550e+00  -1.0687e+00
  1.3478e+00  -5.1746e-01
 -7.9713e-02  -3.9025e+00
 -9.9280e-01  -2.7317e+00
 -1.3633e+00  -3.6747e+00
  4.4364e-01  -2.2720e+00
 -4.8038e+00  -1.1597e+01
  3.7839e-01  -1.1839e-01
 -1.6029e+00  -3.1248e+00
  4.4181e+00   2.3110e+00
 -5.1193e+00  -1.7514e+00
 -1.6844e+00  -9.8016e-01
  7.5775e+00  -1.9088e+00
  5.5180e-01   2.4927e-01
  4.4616e+00  -8.1549e+00
  3.9265e+00   4.7793e+00
  1.6299e+00   1.6540e+00
  1.6451e-01   6.1208e-01
 -6.8743e-01  -2.4666e-01
  8.3948e+00  -3.9873e+00
 -2.7117e+00   1.4900e+00
 -9.2885e-01  -1.4291e+00
 -7.3583e-02   8.8521e+00
  2.5621e+00   6.6406e+00
  3.7994e+00  -7.7037e-01
 -3.9082e+00   5.2984e-01
  6.6399e-01  -1.7488e-01
  7.9986e-01   7.9743e-01
  1.3103e+00   1.6604e+00
  2.5517e+00  -8.6063e+00
 -1.5334e+00   4.0532e+00
  1.3834e-01   1.9442e+00
  2.4346e+00   1.8918e-01
  3.3252e+00   1.8594e-04
  7.7844e+00  -1.4081e+01
 -3.3107e+00   2.4266e-01
  3.5443e+00  -2.7713e+00
  6.3857e+00   8.5220e+00
  3.3353e+00  -1.8968e-01
  1.7439e-01   1.1910e-01
  1.2274e+00  -7.9057e-01
  7.3987e-01  -3.2124e-01
 -1.4251e-01  -2.6856e-01
  1.4815e+00  -1.0677e+00
  1.2609e+00   3.8246e-01
 -2.9390e+00   2.1963e+01
 -2.3354e+00  -4.2463e-01
 -5.2292e+00  -6.9957e+00
  1.3720e+00  -2.5568e-01
 -1.6804e+00  -3.0685e-01
  1.0695e+00   9.8647e-01
  3.2417e+00  -5.0776e+00
 -3.5868e+00  -4.8008e-01
 -5.9581e+00   3.6922e+00
 -2.8912e+00  -8.5747e-01
 -1.3887e+00  -3.0512e-01
 -3.8370e+00  -7.4257e-01
 -3.6210e+00  -1.0179e-01
  1.6554e+00  -4.3386e-01
 -3.2370e-01   7.4417e-01
 -4.4199e-01   1.1905e+00
  1.2695e+00  -3.7095e-01
  3.4467e+00   9.2212e-01
 -8.9000e-01   4.0862e-01
 -1.6945e+00   1.4370e+00
  5.7816e-02   1.7511e+00
  4.0482e+00  -6.9177e-01
 -2.7805e+00  -5.6747e+00
 -2.9122e+00   1.1681e+00
  7.3989e-01   5.0145e-01
 -7.3003e-01   6.6630e-01
 -4.1727e+00  -4.8702e+00
 -2.0505e-01   2.7643e+00
 -1.5294e+00   3.0810e-01
 -3.1069e+00  -4.9239e-01
 -2.7703e+00   4.0378e-01
 -1.1837e+00   3.0598e-02
 -9.2432e-02  -5.7708e-01
  7.7219e+00   8.5208e+00
  1.5088e+00   3.9725e-01
 -4.3211e+00   1.5146e-02
  1.2560e+00  -1.3409e-01
 -1.3848e+00   3.2598e+00
  2.6371e-01  -6.4432e-01
 -7.4267e+00  -7.6739e-01
  1.7099e+00  -2.6161e+00
  3.5917e+00   2.7863e+00
 -2.0053e+00   8.1728e-01
  1.3386e+00   4.8454e+00
 -1.3082e+01   1.6297e+01
  1.6720e+00  -2.1751e+00
  3.6335e-02   1.0078e-01
 -6.9648e-01   1.4753e+00
  1.2681e+00  -4.1097e-02
 -1.8465e+00   3.3251e+00
  1.0248e+01  -8.3870e+00
  2.2344e+00   2.5641e+00
  1.4885e+00  -3.5608e-01
 -2.8101e+00  -2.6987e+00
 -1.4392e+01   1.2727e+01
 -5.5210e-01  -1.5774e-01
 -4.0657e+00   2.0436e+00
  9.5974e+00  -1.7550e-02
  1.7115e+00  -2.9753e+00
 -1.3338e+00   2.5165e-01
  2.1012e-01  -4.6895e-01
  1.2798e+01   6.1902e+00
 -1.2300e+00   3.7490e+00
  3.9756e-01  -3.8451e+00
  8.9676e-01   8.8816e+00
 -3.5784e+00   3.1777e+00
  8.0924e-01  -8.3618e-02
  3.1054e-01  -3.2145e-01
  2.3178e+00   8.0619e-02
 -1.4577e+00  -1.0239e+00
  2.6217e+00  -2.1913e+00
 -2.2092e+00  -1.1383e+00
 -2.5471e-01   1.0589e+00
 -4.5246e-01   1.0838e+00
 -1.2845e-01  -8.4994e-01
 -1.0398e+00  -3.4022e-01
 -1.2921e+00   2.2739e+00
 -9.5500e-03  -3.8293e+00
 -1.2726e+00  -2.3980e+00
 -1.0313e+01  -2.2967e+00
  5.2974e-01   2.6375e+00
 -6.7487e-01  -2.4796e-01
 -1.8794e+00  -1.2577e+00
  7.5561e-01   7.7617e-01
  1.3089e+00  -1.1801e+01
 -1.2713e+00   6.4648e+00
  1.0277e-01  -2.3469e+00
 -7.6132e+00   1.9576e+00
  1.7729e+00  -7.7060e-02
  6.4774e+00   3.1703e+00
 -4.6512e-01   2.8248e+00
  4.8452e-01   2.2990e+00
  1.6634e+00  -2.1735e+00
 -1.5758e+00  -7.3183e-01
 -1.7054e+00  -5.5322e+00
  3.0510e-01  -1.3409e+00
  3.7550e+00  -3.0938e+00
 -9.1506e-01   7.1488e-01
  1.1458e+01  -3.1775e+00
 -1.4922e+01   1.6968e+00
  2.4611e+00   1.8171e+00
 -2.5643e+00  -2.0797e-01
  1.2738e+00  -1.3625e-01
 -5.7879e-01  -1.2445e+00
  7.8679e-01  -8.2752e-01
  1.3621e+01  -8.2797e+00
 -2.5804e+00   1.3775e+00
 -1.7776e-01  -2.5177e-01
  1.1698e-01   1.1788e+00
 -1.9759e+00   2.4017e+00
 -9.4696e-01  -3.5027e-01
 -2.3290e+00  -1.2597e+00
 -5.7249e-01   4.0920e-01
 -3.3371e+00  -8.3299e+00
 -1.1402e+01   1.2145e+01
 -1.2004e+00  -1.5903e+00
 -1.8712e+00  -8.6379e-01
 -8.3482e+00   2.6389e+00
  2.2346e+00  -7.8323e-01
 -5.3147e+00  -5.6634e+00
  2.9193e+00  -3.8248e+00
 -1.0765e+00   5.0752e+00
 -2.8905e+00  -1.0104e+01
  8.4736e-01   5.0392e-01
 -4.7794e-01  -8.9217e-01
  3.7984e+00   1.7640e+00
  5.4170e-01  -4.0212e-01
 -2.3608e+00   1.3182e+00
  2.3234e+00  -3.1171e+00
  2.5606e+00   1.4898e+00
 -1.5730e+01  -7.4970e+00
 -3.1469e+00   1.8678e+00
 -4.8835e+00  -2.6289e+00
  3.6463e-01   1.5916e+00
  3.0093e+00  -1.3807e+00
 -1.6797e-01  -1.4682e-01
  3.7670e+00  -3.2428e+00
 -7.3740e+00  -9.2952e+00
  1.1240e+00  -8.3481e-01
 -5.3383e+00   2.7674e+00
 -3.7576e+00   2.0343e+00
  1.6566e+00  -1.8940e+00
 -1.6456e+00  -3.9470e+00
  2.8890e+00   4.2519e+00
  1.1555e+00  -1.3565e+00
  3.9667e+00  -2.2661e+00
 -1.3865e+00   1.0012e+01
 -1.5223e+00  -2.9682e-02
  2.7683e-01  -1.2991e+00
  1.2918e+00   3.4242e+00
 -6.9145e+00   8.2366e-01
  1.1707e+00  -4.7387e-01
  1.5493e+01  -2.0851e-01
 -8.4521e-01   3.5786e+00
 -9.5273e+00   1.1005e+01
 -1.6120e+00  -1.2995e+00
 -3.1682e+00  -2.9815e+00
 -7.0491e-01  -8.1813e-01
  5.8943e+00   1.7621e+01
 -1.4563e+00   3.1839e-01
 -3.5346e+00   1.8708e-01
 -8.8485e-01   2.0360e+00
 -3.0337e+00   3.1139e+00
 -3.5284e-02   2.8183e-01
 -2.3023e+00   3.5436e+00
 -3.2195e+00   6.0168e-01
  6.5041e+00   6.3366e+00
  2.2873e+00  -3.7529e-02
 -3.5943e-01   7.1174e-01
  3.3962e+00  -1.7948e-01
 -1.1429e+00  -1.3083e+01
  9.0033e+00   3.8862e+00
  1.9020e+00  -6.0053e-01
  2.3034e+01  -1.2233e+01
 -5.4332e-01   1.2685e+00
 -3.8720e+00   7.5629e+00
 -6.3722e-01   7.6714e-01
  3.8130e+00   7.0307e+00
 -4.2243e+00  -2.8069e+00
 -6.2351e+00   5.3104e-01
 -4.5878e+00  -1.4042e-01
  4.1079e+00  -5.4439e+00
  2.5204e-01  -1.0116e+00
 -1.3762e+00  -5.1801e-01
  4.3670e-01   9.9526e-01
  1.9049e+00  -2.6475e-01
  6.3840e-03   5.9579e+00
 -6.6401e+00   4.2250e+00
 -5.5261e+00   5.8475e-01
 -3.5659e+00   5.7260e-02
 -1.1550e+00   2.1696e+00
 -1.2090e-01   7.2418e-01
  2.6123e-01  -5.4562e-01
 -1.9908e+00   1.5834e-01
 -3.1322e+00  -4.1334e-01
  3.7428e+00   5.5817e+00
  5.0818e+00   1.1325e-01
  2.7466e+00  -3.5771e-02
  1.5192e+00   1.4640e+00
  4.0921e+00   6.8479e+00
  1.0245e+00  -2.7492e-01
  2.7016e+00  -1.6944e+00
  1.1408e+00  -2.1352e-01
 -9.1471e-01  -3.5802e+00
 -1.2278e+00   2.9624e+00
 -4.7960e-01  -4.3558e-02
 -6.6451e+00  -1.6652e+00
  7.6742e-01  -7.2712e-01
  2.9869e-01   1.9005e+00
  4.3487e+00  -1.3044e+01
  3.6601e-01   9.5066e-01
 -1.4250e+00  -4.9102e+00
 -2.9787e-01   1.4881e+00
  1.4148e+00  -9.1253e-02
  1.4882e+00   6.0484e-01
  3.6273e+00  -2.1339e-01
 -2.1690e+00  -2.6425e-01
  6.7935e+00   1.1716e+01
  7.5984e-01   9.2600e-01
  2.0916e+00   2.5858e+00
 -2.3078e-01   2.4537e+00
 -5.5649e-01  -6.7084e-01
 -1.2545e+00   5.8210e+00
 -1.3272e+01   7.2082e+00
  1.7768e+01  -5.3582e+00
 -9.4114e-01   1.2686e+00
  4.7387e+00   5.1755e+00
  1.2588e+01  -5.2994e+00
 -5.5513e-01   5.3676e-01
  6.3046e-01   8.1056e-01
 -2.8547e+00  -3.4394e-01
 -7.0665e+00   6.7487e-01
  5.3808e+00   8.9412e+00
  8.6824e-02   8.9043e-01
  5.3028e-01  -6.0579e-01
 -8.5711e-01  -6.5700e-02
  1.4818e+00   1.2232e+00
 -2.4093e+00  -3.0964e+00
 -1.4381e+00  -2.2588e-01
 -1.2377e+00   7.5215e-01
 -8.4797e+00   2.2321e+00
 -3.8609e+00  -3.6308e+00
 -1.4898e+00  -8.4805e+00
  2.3629e-01   1.7460e+00
 -1.9682e+00  -4.6828e+00
  3.8403e-01   1.7808e+00
 -5.1420e+00   1.2158e+01
 -1.0622e+00  -3.2748e+00
  1.1834e+00  -9.5183e-01
 -4.8260e+00  -4.3881e+00
  6.5634e+00   2.3154e+00
  2.4510e+00  -1.6154e+00
  6.3933e+00   1.2709e-02
  2.9952e-01  -1.7989e+00
 -1.5856e+00   5.8365e-01
 -3.8559e+00  -5.4485e+00
 -2.2908e+00   4.0134e+00
  8.1929e-01   2.5551e-01
  1.9737e+00   4.3589e-01
 -3.3825e-01   4.1243e-01
 -3.1891e+00   2.5492e-01
  4.9882e-01   2.9567e+00
 -1.7930e+00  -7.2687e+00
  4.4005e+00   6.5250e+00
  4.0437e+00  -6.1674e+00
 -2.8220e+00  -1.8431e-01
 -5.1224e+00  -5.5397e+00
  2.1225e+00  -1.1376e+00
 -1.7013e+00  -1.1084e+00
  2.6542e+00  -2.0334e+00
 -3.2016e+00  -3.2355e+00
  1.5885e+00   5.6946e-01
  4.6070e+00  -4.3343e+00
 -1.2183e+01   1.3299e+01
 -4.5656e+00   9.2701e-01
 -1.5022e+00  -2.8380e+00
 -1.8267e-02   7.8721e+00
  1.7971e+00   2.5293e+00
 -3.4201e+00  -6.7548e+00
  7.9532e-02  -2.5038e+00
  1.9288e-01  -9.9001e-01
  3.3064e+00  -1.0757e+00
  1.9517e-01  -1.9039e-01
 -8.7764e-01  -3.0060e+00
  2.9288e+00  -1.4985e-01
 -1.0353e+01   2.1621e+01
 -1.1095e+00  -1.5115e+00
  2.0729e+00   2.1185e+00
 -2.4552e-01  -1.3097e+00
 -1.5315e+00  -3.3852e+00
  1.1075e+01  -2.2834e+00
 -2.9629e-02   6.0481e-01
  7.6509e-01  -9.4807e-01
 -1.9697e+00   3.3241e-01
  1.9683e-01   1.5572e+00
 -5.3923e+00  -2.6578e+00
 -3.1349e+00   8.8242e-01
 -1.8111e+00   1.0532e+00
 -4.7106e+00  -5.9245e+00
  2.4854e+00   2.0017e+00
  9.0270e-01   6.3278e-01
  2.8411e+00   1.1980e+00
  1.3717e+01   1.7522e+01
  8.0368e-01  -1.8400e+00
  1.0762e+00   4.5573e+00
  8.6303e-01   4.0266e+00
 -1.0804e+00  -6.9223e-02
  1.2033e+00   4.1775e+00
 -1.0981e-01  -1.0523e+00
  1.4812e+00   3.4472e+00
 -2.2563e+00   1.6079e+00
  6.4662e-01   1.0367e+00
  2.1207e+00  -7.9414e+00
 -5.0710e-01   1.5622e+00
  9.8486e-01   5.2888e-01
  1.1550e-01  -4.7946e-01
  6.9833e-01  -8.1246e-01
 -4.7437e+00   2.7029e-01
 -5.5666e-01  -1.8518e+00
  2.2092e+00   3.4731e+00
  4.2204e-01   3.9680e-01
  7.3823e-02  -2.8870e-01
  5.5964e-01  -1.0577e-01
  1.1274e+00  -4.8723e+00
 -1.3591e+00  -6.3493e+00
 -1.5332e+00  -8.5573e-01
  4.3492e+00   6.8273e-01
  3.6870e+00   2.7636e+00
 -3.3362e-02  -1.1457e+00
  4.3948e+00   2.8866e+00
 -3.0341e+00  -1.9278e+00
 -7.2038e-01   2.1173e-01
  1.5399e+00   3.2410e-01
 -2.0647e+00  -1.9113e-01
 -1.6802e+00   5.4143e-01
  1.5608e+00  -1.9002e+00
  7.0407e-01   1.4257e+00
  1.6894e+00   5.6600e-01
 -3.1496e+00  -3.3212e+00
  4.1252e-01   8.2426e-01
 -2.0895e+00   1.5161e-01
 -8.3675e+00  -1.4529e+00
 -7.7453e-01   6.2785e-01
 -2.5206e-01   8.2826e-01
  1.9133e+00  -2.7525e+00
  1.9198e+00  -3.2380e-01
 -2.0672e+00   1.2302e+00
  3.8988e-01   1.2352e+00
 -3.8941e-01  -3.5459e+00
  7.3976e-01  -2.7494e-01
 -3.8928e-01  -7.5825e-01
 -1.1896e+00   2.1181e+00
  6.0890e+00   2.7054e+00
  6.0535e-01  -5.3595e-01
 -1.0790e+00   1.0410e+00
 -9.9693e+00   1.5087e+00
 -1.2415e+00  -2.1108e+00
 -1.1837e+00   1.4908e+00
 -4.8382e+00   3.3503e+00
  7.6527e+00  -1.4783e+00
 -6.8356e-01   1.6303e+00
 -6.4914e+00   1.0560e+01
  3.9438e+00  -1.2339e+00
 -6.9544e-01  -5.9646e-01
  1.2810e+00   6.3138e-01
  7.7336e-01  -1.1577e+00
 -4.0862e-01  -2.2644e+00
 -2.0138e+00   4.5651e+00
 -9.4147e-01   6.9871e-01
 -9.1955e-01  -2.0896e-01
  8.7225e-01  -3.4025e+00
 -5.6081e+00  -1.3756e+00
  4.6589e+00  -7.5925e+00
  1.7535e+00  -4.6387e+00
  1.7621e+00  -1.8252e+00
 -1.0457e+01  -1.7049e+01
  2.0314e+00   2.6239e-01
 -5.5424e+00  -6.2163e-02
 -1.0661e+00   9.3824e-01
 -3.4895e+00  -9.1431e-01
 -5.0203e-01   2.2280e+00
  2.6884e+00   1.7908e+00
  3.4559e+00   6.3968e-01
  1.5764e+00   9.1420e-01
  1.1712e+00  -1.3094e+00
  5.1193e+00   2.5597e-01
 -9.7716e-02   3.6612e+00
 -2.3913e+00  -3.2179e+00
  6.8063e+00  -2.9228e-01
 -7.5889e+00  -5.9142e+00
 -3.3963e+00   1.6714e+00
 -4.3697e+00   3.0386e+00
 -3.3715e-01  -3.5165e-01
 -6.0232e+00  -4.9349e+00
 -2.6004e+00  -2.3041e+00
  6.4022e-01  -4.1664e+00
  2.8019e+00  -1.1208e+00
  4.5155e+00  -6.0908e-01
 -3.1691e+00   1.4993e+00
 -2.2441e-01  -7.3987e-01
  3.1053e+00   8.0710e-01
  1.1466e+00  -5.0949e-01
 -6.9847e+00  -5.8070e-01
 -1.1923e+00  -4.5817e+00
 -1.2625e+01  -3.5732e+00
  3.2611e+00   3.0231e+00
 -1.8774e+00   2.4951e+00
 -4.0059e-02  -3.2164e+00
  6.0437e+00   6.4173e+00
  1.6876e-02   9.4587e-01
 -3.6086e-01  -3.1987e+00
  2.1726e+00  -1.6021e+01
  4.1516e-01  -7.3313e-01
  4.0759e+00   1.0705e+00
 -1.8088e-01  -7.9115e-01
  7.4136e+00   4.7276e+00
  1.2403e+00  -1.3277e+00
  3.4868e+00  -2.1809e+01
 -3.1048e+00   2.7061e+00
 -1.0929e+00  -1.3192e+00
 -3.5795e+00  -4.3725e-01
  6.1510e-02   4.0474e-01
 -1.1642e+00  -2.9131e+00
  2.7581e+00   1.9471e+01
  8.1737e-01   5.3576e-01
 -7.6531e+00  -7.1733e+00
 -5.0459e+00  -2.8768e+00
  6.2272e-01  -5.7284e-01
  1.6712e+00   1.5959e-01
 -2.3036e+00  -2.8583e-01
 -1.0735e-01   1.0818e+00
 -1.2630e+00   1.8653e+00
  6.0341e+00   6.4695e+00
 -2.8073e+00  -4.7966e-01
  9.9501e-01   8.3876e-01
  1.9659e+00   1.8400e+00
 -2.1026e+00  -5.6704e+00
 -7.1942e-01  -6.3125e-01
 -1.0977e+00  -6.0502e-01
  6.6296e-01  -8.1639e-01
 -5.7680e-01  -1.6640e-01
 -5.1959e+00   2.6043e+00
 -1.4197e+00  -4.4241e+00
  4.6646e+00  -5.6456e-02
 -3.2606e-02  -9.4386e-01
 -8.0116e+00   1.8295e+00
 -3.8755e-01   1.8950e+00
  1.1490e-01   6.4766e-01
  6.4689e-01  -1.7269e+00
  1.0001e+00   2.0441e-01
  2.0670e-01   2.2635e+00
 -1.6739e+00   7.2151e-01
 -4.1808e-01   1.3104e+00
  3.3387e+00   4.6179e+00
  1.3360e-01   1.7344e-01
 -5.5312e-01  -2.0907e+00
 -3.1000e+00   3.0147e+00
 -2.9895e+00   1.1589e+01
  3.2542e+00   5.6620e+00
  5.1918e+00  -2.7875e+00
 -1.3894e+00   1.4826e+00
  9.4154e-01  -1.2680e+00
  2.5137e+00   1.9157e+00
 -7.5206e+00  -1.0153e+01
  1.8061e+00   2.6694e+00
  1.6041e+00   1.2221e+00
 -2.1008e+00  -1.2069e+00
 -1.7406e-01  -1.0746e+00
 -1.3354e+00  -1.6947e+00
 -4.4055e+00  -6.6462e+00
 -1.8087e+01  -3.9752e+00
  1.3113e+01  -1.2528e+01
 -1.6395e+00  -2.0310e+00
  3.9333e+00  -7.9451e-01
  1.3421e+00   4.8641e+00
 -2.9259e+00   2.7829e+00
  3.0592e+00  -9.0054e-01
  4.4686e-01  -1.4460e+00
  1.0122e+00  -2.9630e+00
  2.3385e+00   3.4732e+00
 -1.6593e+00  -1.0187e-01
  4.5579e-01   2.8434e-01
  2.1480e+00  -1.7170e+00
 -8.7398e-01  -3.8435e-01
 -3.6615e+00   3.5703e+00
 -2.5034e+00  -3.8349e-01
 -7.8321e+00  -2.5958e+00
 -1.8823e+00   9.2605e-01
  7.4618e-01  -1.6061e+00
  7.4155e+00   2.3239e+00
 -1.4464e+00  -3.2269e+00
 -1.0089e+00  -1.6227e+00
  1.7772e+00  -7.1579e+00
 -7.0568e-01  -1.4264e+00
 -3.9928e-01   4.2657e-01
  2.2366e+00   4.1043e+00
 -2.2398e+00  -3.1021e+00
  6.3300e-01   8.0695e-01
 -1.7930e+00   3.1395e+00
 -1.3110e+00   1.5775e+00
  2.7348e+00   4.9413e-01
 -5.4552e-01   9.7457e-01
  1.8160e+00   5.6326e+00
 -5.4671e+00  -4.7556e+00
  5.8823e+00  -3.1035e+00
  3.4039e+00   2.4754e+00
  4.4688e-01  -3.7215e+00
 -4.0706e+00  -3.1571e+00
  2.8456e+00   3.7556e-01
  1.7333e-01   9.7049e-01
  4.8389e+00  -4.0075e-01
 -9.6316e-01   1.3898e+00
 -2.2294e+00   2.1656e-02
  5.5428e-01   1.3079e+00
 -4.0260e+00   1.9876e-02
  2.7837e+00   5.7024e-01
 -6.7343e+00   8.2904e+00
  8.1717e-01  -1.0905e+01
  1.3049e+00   1.9652e+00
 -2.4122e+00   2.7458e+01
 -1.9612e+00   1.9101e+00
  7.0334e-01  -1.2004e+00
  1.6965e+00   2.0709e+00
  1.3531e-01   1.7114e+00
 -1.5226e+01   1.3496e+01
  6.3936e-01   8.6916e-01
 -1.3224e+00   5.7235e-02
 -2.1891e+00   2.2813e+00
 -7.0752e-01   1.0653e+00
  5.7075e-01  -1.6786e+00
  7.5932e+00  -1.3989e-01
  1.9671e+00   5.5774e-01
 -3.0829e+00   8.5905e-01
 -2.9556e+00  -3.0294e+00
 -5.1926e-01  -1.8164e+00
  1.1246e+00  -1.9647e-01
 -3.1922e+00  -4.1667e+00
 -1.6219e+01  -2.7729e+00
 -9.6339e+00  -2.4313e+00
  8.9176e-01  -2.2112e+00
 -1.2138e+00  -5.9985e-01
  1.8589e+00  -2.2524e+00
  1.7693e+00   1.3671e+00
  2.5424e+00  -7.1148e+00
  4.8176e+00   3.9688e-01
 -1.0631e+00   3.7433e+00
  1.6128e-02   7.7737e-01
 -1.3143e-01   4.3533e+00
  8.5754e-01   4.2446e-01
 -3.0295e+00  -7.7386e+00
  7.7809e+00  -1.9999e+01
 -4.6151e-01  -6.7942e-01
 -4.4896e-01   2.9698e+00
  2.0192e+00  -4.8129e+00
 -1.3560e+00   1.3807e+00
  2.2325e+00  -8.8005e-02
 -1.4280e-01   7.8674e-02
  7.2321e-01  -7.3337e-01
  4.5746e+00   2.0363e+00
  1.0160e+00   7.0854e-02
  5.7284e-01  -8.5656e+00
  1.1294e+01  -8.1840e-01
 -2.4988e+00  -4.5331e+00
 -1.7321e+00  -1.2115e+00
 -6.8199e+00   1.3168e+01
  2.0219e+00  -1.9788e+00
 -2.3339e+00  -3.5199e+00
 -6.8659e-01   3.0333e+00
  7.0277e-01   8.4947e-01
  5.6749e-01   1.6416e+00
  8.8611e+00  -1.2466e+01
  1.5050e+00   5.7021e-01
  1.6769e+00   3.6577e+00
  4.6892e+00  -1.8520e+00
  1.7055e-01   1.1274e+01
  5.6155e-01  -2.5269e-01
 -1.8194e-01   2.2590e-01
  1.4474e+00  -4.0533e+00
 -1.4427e+00   1.6892e+00
  1.8593e+00  -8.4124e-01
  3.0866e+00   1.0966e+01
 -5.4394e-01  -5.1422e-01
  2.3428e-02  -1.0802e+00
 -1.8152e+01   6.7160e-01
  2.4572e+00  -4.4778e-01
  2.9242e-01  -2.2340e+00
  8.6412e-01  -2.1508e-01
  5.5841e-01   1.6175e+00
  7.1749e-01   7.4344e-02
  9.5012e-02   1.5333e+00
 -7.1951e+00  -1.4711e+01
 -4.4670e+00  -3.9907e+00
  2.4415e+00  -6.8326e-01
  5.6966e+00   1.3681e+00
  1.6165e+00   2.0537e+00
 -2.3293e+00  -1.8515e+00
  5.7042e-01  -1.2364e+00
  1.7148e+00   8.7151e+00
 -4.3680e-01  -1.3144e-01
 -8.7527e-01  -2.3064e+00
  9.4077e+00  -8.7431e+00
 -2.5377e+00  -1.1769e+01
  7.9715e-01  -1.6144e-04
  9.4275e-01  -2.1843e+00
  6.4797e+00   7.0254e-01
 -1.4226e-01   1.1416e+00
  2.1595e+00   1.9806e+00
 -1.4236e+00  -2.2452e-02
  1.3518e+01  -8.9342e+00
  1.6292e-01   4.4963e-01
 -1.0195e-01   1.5159e-01
  7.8874e-01   9.6506e-02
 -1.7828e+00  -2.3239e+00
 -1.7780e+00  -1.8672e+00
  1.4152e+00   8.1658e-01
  1.6500e+00   2.7012e-01
  3.2102e+00  -8.8550e-01
 -3.4487e+00   1.5798e-01
  2.2643e+00   2.7589e+00
 -1.9495e-01   1.7637e+00
 -7.5197e-01   4.9861e-01
  1.9238e-01  -1.0346e+00
  7.2460e+00   1.7096e+01
 -6.9344e-01   2.0620e+00
 -2.0723e+01  -1.4003e+01
  6.0051e-01   1.5953e-01
 -1.7007e+00  -2.3758e-01
  5.5373e-02  -8.2344e-02
  3.0663e-01   1.0564e+00
  8.8327e-01  -8.9087e+00
 -4.3048e+00  -5.7885e-01
  7.1090e-01   4.4607e-01
  5.8778e+00   1.2325e+01
 -2.3699e+00  -4.9751e+00
  8.6840e-01   3.8336e-01
  5.2586e+00  -2.1259e+00
 -4.3923e+00  -2.0530e-02
 -1.1251e+00   4.4553e-01
  4.0770e+00   4.2508e+00
 -1.0279e+00   4.0954e+00
  1.6899e+00   1.8513e+00
  6.6885e-01   4.0677e-03
 -3.1917e+00   2.7361e-01
 -5.0261e+00   2.0203e+00
  6.7243e-01   3.1445e-01
  4.6549e-01  -7.6917e-01
  1.7939e+00   1.2188e+00
 -6.7619e-01   1.5332e+00
  8.9269e-01  -2.3059e+00
  2.3250e+00   1.8148e+00
  1.0232e+00   6.5857e+00
  4.8526e+00   8.2408e-01
 -1.1958e+00  -1.1399e+00
 -1.2280e+00   3.1461e-01
 -1.0554e+00  -1.4590e+00
  3.2163e+00   7.0961e+00
  8.9201e-01  -7.2871e-01
  1.5359e+01   7.5278e+00
 -3.0537e+00  -6.3019e+00
 -8.5238e-02   1.6854e-01
 -2.0245e+00   1.2457e+00
  4.2355e-01  -1.5251e-01
 -1.7414e+00   1.7208e+00
 -2.0659e+00   3.7969e+00
 -4.2298e-01   1.1685e+00
  3.8420e-01   2.2998e-01
  3.4836e+00   2.1444e+00
 -1.7538e+00  -6.9284e+00
 -5.6636e-01   1.5244e+00
  3.1679e+00   4.4641e+00
 -1.6744e+00   9.3016e-01
  2.3468e+00  -3.6276e-01
  1.8860e+00  -1.8144e+00
  2.3963e+00   1.0356e+01
 -5.4517e-01   1.3362e+00
 -5.1102e+00   5.4154e+00
  1.3124e+01   4.0732e-01
  4.5676e+00   3.3402e+00
 -9.8675e-01  -2.7784e+00
  1.9034e+00  -1.2069e-02
  1.8475e+00  -6.5000e-01
  1.9552e+00  -1.4314e+00
 -4.6613e-01  -1.5624e+00
  3.3878e+00   7.6616e+00
 -3.6861e-01   1.0109e+00
  4.4033e-01   3.5500e-01
  1.4938e+00  -6.0228e-01
 -1.2703e-01  -1.6697e+00
 -1.4938e-01   2.1765e-01
  3.1475e+00   7.0100e-01
 -3.3250e-02  -2.4325e+00
  5.5492e-01   1.9481e+00
  1.6974e+00   2.5216e-01
 -3.5495e+00   2.1433e+00
  3.5249e+00  -4.9931e+00
 -7.7238e+00  -6.0048e+00
 -1.6346e+00   1.2045e+00
 -2.8269e+00   1.0732e+01
 -1.0368e+01   1.9815e+01
  1.3126e+00  -1.3310e+00
  6.3677e-01   2.3523e-02
  1.1027e+00   1.6967e-01
  2.1442e+00   8.1979e-01
  1.3940e+00   3.1998e+00
  2.9183e+00   1.1149e+01
  1.2725e+01  -8.8484e+00
  2.0801e+00  -1.1532e+01
  6.1284e-01  -2.2237e+00
  2.1374e+00   1.4865e+00
  1.3040e-01  -5.1527e-01
 -4.7334e-01   5.9598e-01
 -8.8247e+00   4.2874e+00
 -3.0388e+00   6.8929e-01
  6.2962e-01   3.7004e+00
 -3.4887e-01   2.7153e+00
 -6.1212e-01   8.0388e-01
 -2.0157e+00  -3.4505e+00
 -1.1546e+00  -1.1997e+00
  2.5722e-02   2.9479e-01
  2.7393e-02   1.7564e+00
  1.3689e+00  -8.5827e-01
 -1.7030e+00   2.9587e+00
  6.2460e-01   5.2510e-01
 -3.4259e+00   2.1401e+00
 -1.5079e+00  -2.7029e+00
  1.5084e+00  -3.2744e+00
 -2.7426e+00   2.1401e+00
 -7.7721e-01  -1.7846e-01
  7.5923e-01   1.6111e-01
 -1.7638e+00   7.3788e-01
  4.6575e+00  -4.6817e+00
  2.8421e+00   5.6198e+00
 -3.1452e+00  -6.0486e-01
  1.9694e+00  -5.4303e-01
 -9.8347e-01   4.7742e-01
  3.2464e+00  -2.9151e+00
  2.5617e+00  -3.0186e+00
 -6.0715e-02   3.9752e-01
  2.0833e-01  -7.9225e-03
  1.1134e+01  -1.6282e+01
 -1.8366e+00   1.7667e-01
 -1.4338e-01  -3.3849e+00
  3.5243e-03  -5.3030e+00
 -5.1442e+00   1.6617e+00
 -1.3740e+00   4.0991e-01
 -1.1506e+01  -4.7960e+00
 -1.2777e+00   6.4083e-02
  2.0868e+00  -2.5118e-02
  3.1858e+00   3.5533e+00
  2.5799e+00  -9.1668e-01
  5.9108e+00  -1.6092e+00
  1.2834e+01  -5.5356e-01
 -3.9758e+00  -1.6652e+00
 -1.1832e+00   3.0560e-01
  7.3817e-02  -1.6333e-01
 -4.3778e+00  -1.3382e+01
  1.4656e+00   2.8815e+00
 -1.9616e+01   8.3762e+00
 -6.9536e+00   1.9175e+01
  1.5151e+00   2.9091e+00
 -1.2392e+00   7.8586e-01
  1.4117e+00  -3.3422e-01
  6.7915e-01   2.0969e+00
  3.2152e+00   7.3299e-01
  8.1027e-01  -1.5149e-01
 -3.3345e+00   8.6996e+00
  5.2226e-01   2.1556e+00
 -1.3024e+00   4.7718e-01
  2.6938e+00   2.2956e+00
  5.8620e-01  -1.4978e+00
  1.9076e+00  -3.2962e+00
  1.1677e+01  -1.3019e+01
 -1.8593e-01  -7.7305e-01
 -2.7885e+00  -4.5959e+00
 -1.1957e+00   4.1575e+00
 -1.8091e+00  -1.2873e-01
  2.3569e+00   8.0058e+00
  1.7001e+00   9.1522e-01
 -1.7306e+01  -1.2932e+01
  1.1943e-01  -2.7756e-01
  1.7781e+00   1.6135e+00
  7.7614e-01  -5.2629e-03
  8.0626e-01   1.3233e+00
 -5.4947e+00   3.1063e-01
  4.5556e+00   4.6354e-02
 -1.5231e+00   1.0085e-01
  5.1978e+00  -9.9828e-01
 -8.0279e-01   2.0383e-01
  2.4878e+00   1.0137e+01
 -1.0461e+01   7.5921e+00
  3.1126e-01  -1.0161e-02
 -7.5813e-01  -8.2358e+00
  2.0409e+00   1.8489e-01
 -6.0328e+00  -2.1043e+00
 -2.3636e-01  -1.0642e+00
  5.0204e+00   1.3683e+00
  5.0187e-01   2.0290e+00
  1.1861e+00  -4.2138e+00
  1.6201e+01  -1.5178e+01
  3.1649e+00   1.9422e+00
  1.0198e+00  -1.8728e+00
 -3.7705e-02   2.9265e-01
 -6.0480e-01  -5.0014e-01
  1.5723e+00   1.6643e+00
  1.2193e+00  -4.7314e+00
  2.8459e-01   2.0646e-02
  2.1061e-01  -1.5142e+00
  1.5252e+00   8.7142e-01
 -8.5499e+00   1.1481e+01
 -3.9100e-01  -5.0580e-01
  8.9771e-02   9.7098e-01
  2.1502e-01  -9.5674e+00
 -2.6250e+00   2.9151e+00
 -9.2105e-01   2.2900e+00
  5.0032e-01   2.9561e+00
 -5.8547e-01   3.1249e+00
 -7.8044e-01   7.9360e-02
 -1.1384e+00  -2.3415e+00
  4.3580e+00   8.6558e-01
 -5.3067e-01   2.2239e+00
  6.0280e+00  -9.5521e-01
  2.8934e+00  -1.6039e+00
 -1.2104e-01  -1.6926e+00
  1.7851e+00  -7.4743e-01
 -2.2350e-01  -4.3953e-01
  9.1581e-01  -1.3758e-01
  8.1642e-01  -1.0280e+00
 -1.2594e+00   3.2401e+00
  1.0558e+01   1.7740e+01
 -7.2633e-01   5.9638e-01
  1.0020e+00  -1.0378e+00
  8.3590e-01  -3.3835e+00
 -8.8021e-01   2.2648e+00
 -1.3527e+00  -1.2434e+00
  2.2566e+00   2.5319e-01
 -1.3996e+00   2.7442e-01
 -3.7108e+00   7.5243e+00
  1.4346e-01   2.7059e+00
  1.6855e+00   2.0917e+00
 -7.0681e+00   2.2609e+00
 -5.2457e-01   9.5689e-01
  3.3591e+00   7.0204e+00
 -2.3666e+00  -1.3657e+01
 -1.5745e+00  -1.2590e+00
  2.4951e+00   3.1493e+00
 -4.0176e-01   1.1791e+00
 -3.4043e+00   1.6357e+00
  1.9598e+00  -1.2325e-01
 -1.7527e-01   6.5813e+00
 -3.3844e+00  -1.0299e+01
 -1.2190e+00   2.1044e-01
  6.5627e+00   1.9823e+00
 -5.0808e-01   3.7163e-01
 -1.3644e+00  -1.8720e-01
  5.2960e-01  -8.3935e-02
 -5.7860e+00  -5.6902e+00
  4.4737e-01   1.3015e+00
 -5.6691e-01  -2.5882e+00
  1.9655e+00   2.5557e+00
 -9.4891e-01  -8.8434e-01
  5.5126e+00  -3.7563e+00
 -3.6288e-01   1.6148e+00
  3.4675e-01  -1.1771e+00
  3.2436e+00   1.1152e+00
  6.3037e+00   2.0204e+01
 -6.5967e+00  -1.9539e+01
  3.3326e+00  -5.1066e+00
  1.2717e+00   9.7417e-01
 -9.9511e-01  -5.0390e-01
 -1.5187e+00   2.8291e+00
 -3.0531e+00  -1.2569e+01
 -8.5376e-01   1.3990e-01
  7.5492e-01  -1.0169e+00
  2.0312e+00   6.6653e-01
 -6.3675e-01   2.4981e+00
  1.6972e-01  -1.6532e+00
