  1.2082e+00  -7.2780e+00
 -1.7746e+00  -1.0384e+00
  6.0213e+00  -1.6870e+00
  5.6995e+00  -8.8823e+00
 -5.7869e+01  -6.8944e+01
 -5.3953e+00  -1.0119e+01
 -5.2449e-02   2.3437e+00
 -4.0744e+00  -4.4606e+00
  7.0566e-01  -2.3687e+00
 -7.5405e+00  -3.9328e+00
  5.2045e+00  -5.0712e+00
 -3.9363e-01  -7.7707e+00
 -7.1406e-01   3.1265e+00
 -5.0474e+01  -2.7809e+00
  3.3582e+00   9.3607e+00
 -5.0525e+00   4.8593e+00
 -4.5075e+00  -4.0751e+00
  1.1442e+01   9.4555e+00
  1.0650e+00  -1.9395e+00
 -1.3912e+00   1.8688e+00
  2.4984e+01   4.8454e+00
 -9.2267e+00   3.7172e+00
  6.7263e+00  -4.4206e+00
  4.1232e-01   1.9369e+00
 -2.1367e+01  -1.2305e+01
  4.4027e-01  -2.7648e+00
  1.0492e+02   2.7788e+01
 -8.2847e+01   2.1484e+02
  1.6896e+02  -1.0354e+02
 -5.9056e+00   4.1374e+00
 -3.6824e+00  -2.5505e-01
  1.3215e-01   1.9878e+01
 -1.8631e-01   3.1156e+00
  6.2741e-02  -8.6886e-02
  9.7566e+00  -1.9085e+00
 -7.9491e-01   1.2920e+00
  3.6691e+01   7.6698e+01
 -1.2134e+00  -5.0477e+00
 -4.5049e+00   3.9584e+00
 -5.7821e+00   1.3099e+01
 -3.8510e+00   6.2685e+00
  1.0655e+00  -8.0422e+00
 -3.5203e+00  -1.8674e+00
  1.3707e-01   5.5255e-01
 -3.8607e+01  -1.4927e+01
 -1.8470e+01  -3.7344e+00
 -2.4113e+00  -6.9879e+00
 -9.2102e+00  -1.4183e+01
 -2.1297e+00  -1.5136e+00
  1.5421e+01  -9.4209e-01
  4.8610e+00  -1.0872e+00
 -1.6065e+00  -2.6871e-01
 -1.9178e+00   4.8423e+00
  3.3864e+00   3.4462e+00
 -7.0100e+00  -1.6909e+00
  4.9433e-01   4.5311e-01
 -1.8768e+00   3.5988e+00
 -3.6143e+00   4.5015e+00
 -3.5496e+01   1.0598e+01
  2.4031e-02   7.5655e+00
 -5.6114e-01   2.2462e+00
 -1.3562e+01   3.7256e+00
  7.5944e-01  -2.3414e+00
 -1.1626e-01  -2.8613e+00
  1.7513e+00   8.9037e+00
 -4.5979e+00   3.2671e+00
  7.3914e+00   3.7797e+00
  7.4250e+00   6.8183e-01
  3.7507e+02   8.8719e+00
  5.2789e+00   3.5078e+00
  7.4315e-01  -5.4801e+00
 -5.8904e+00  -1.5826e+00
  4.4633e+00  -6.4504e+00
  6.2637e+00  -1.8862e+00
  9.5663e+01  -3.8286e+01
 -2.0613e+00   4.7632e-01
 -7.5424e+00   3.2138e+00
  5.5071e+00  -5.5982e+00
  1.5748e+00   1.2671e+00
 -1.0227e+01   2.7864e+00
  1.3411e+00  -9.7869e+00
  8.9375e-01   1.7878e+00
 -6.5690e+00  -2.4233e+01
  1.8574e+00  -3.4229e+00
  7.6612e+00   6.8647e+00
 -3.8505e+00   2.7042e-01
  1.9971e+01   4.1451e+01
 -6.2260e+00  -1.6861e+00
  8.6184e+00   1.1636e+00
 -3.9972e+00  -2.8591e+00
  2.7959e-01  -9.3033e-01
 -2.6583e+00  -3.4663e-01
  7.3661e+00  -1.0305e+00
 -2.9036e+00  -5.6744e-01
  3.0463e+00   1.2703e+00
  7.7558e+00  -1.9302e+00
  9.7452e+00  -7.1336e+00
 -2.7673e-01  -6.2326e+00
 -1.6921e-01   2.2731e+00
 -1.9776e+01  -1.5888e+01
  7.0548e-01   3.6748e+00
 -9.7365e-01  -6.6510e+00
 -1.5429e+00  -5.9485e+00
  5.8601e+00  -2.0018e+00
 -6.8200e-01   9.6175e-01
 -5.0687e+00   3.3930e+00
 -8.2986e+00  -1.0433e+01
  7.6508e+00   1.7992e+01
 -9.3173e+00  -2.3817e-01
 -4.2144e+00  -2.1036e+00
 -4.3432e-01   4.8480e+00
 -1.0049e+00  -1.7704e+00
 -6.7640e+00   4.6998e+00
 -4.1418e-01  -2.6940e+00
 -1.9904e+01   1.0320e+01
 -4.2867e+00  -3.8767e+00
 -9.7070e+00  -3.2944e+00
 -8.2008e+00  -6.1393e-01
 -2.0449e+01   6.2263e+00
  6.0573e-03   4.8683e+00
 -1.1227e+00  -1.6063e+00
  3.1723e+00  -4.5065e+00
  6.0476e+00  -1.1975e+01
 -1.8912e+00   1.1221e-01
  8.0260e+00  -1.2459e+00
 -3.8133e+00   3.1310e+00
 -1.1303e+01   7.1334e+00
 -1.3224e+00   5.7321e+00
  4.1196e-02   7.2943e+00
 -3.9893e-01  -5.5865e-01
  4.2032e+00  -2.3445e+00
 -6.6158e-01   2.9411e+00
  5.4754e-01   3.3276e+00
 -1.1220e+00  -5.2147e+00
 -3.1373e+00   5.3879e+00
  3.7710e+00   1.8620e-01
 -3.3614e+00   8.9086e+00
 -6.3191e-01   2.2551e-01
 -6.9302e+00  -8.7967e-01
  5.7483e+00   2.8743e+00
  3.9469e+00   4.5234e+00
 -4.8263e+00  -4.0223e+00
  5.7577e+00  -1.4625e+00
  2.0769e+00  -1.1143e+00
 -7.1500e+00   1.0719e+00
 -3.2677e-01  -1.1685e+01
 -2.9539e+00  -1.4504e+00
  2.9544e+00   7.8007e+00
 -2.7985e+00   7.6925e-01
  6.3306e+00   1.2169e+00
 -3.1016e+00  -3.3912e+00
  3.2245e+00  -2.3482e+00
  1.2280e+00   1.0263e+00
 -4.0177e+00   4.4430e+00
 -4.7531e+00  -2.9183e+01
  2.7278e+00   7.0302e+00
 -5.4213e+00   4.4659e+00
  3.0935e+02   2.8846e+02
 -5.0962e+00  -2.9791e+00
  2.7258e+00   4.7380e+00
 -6.7158e+00  -1.4175e+00
  7.6652e+00   4.7240e+00
 -8.9787e+00  -3.5538e+00
  8.5930e+01   3.0944e+02
  2.1129e+01  -1.8364e+01
 -5.4163e+00   2.3481e+00
  1.2093e+00  -3.2482e+00
 -1.8996e+00   4.8117e+00
  6.1186e-01   4.2208e+00
 -2.1717e+01  -3.5534e+01
  7.8607e+00   1.4030e+00
 -1.6979e+00  -6.7045e+00
 -1.6982e+02   1.1327e+02
 -5.9396e+00   5.4398e+00
 -1.3827e+00  -2.3035e+00
  4.0766e+00  -1.6763e+00
 -1.3240e+00  -7.1444e+00
 -2.0669e+01   2.1967e+01
  1.3407e+01   1.7314e+00
 -3.6234e+00   4.4191e+00
 -4.0770e-01  -3.7866e+00
 -4.8016e+00  -8.6954e+00
  1.5880e-01  -1.5375e+00
  4.6306e+00   2.5070e+00
 -5.9127e+00   3.8464e+00
 -4.9018e-01  -1.1100e+01
 -2.9224e+00   1.4504e+00
  3.9684e+00   5.8245e+00
  2.2178e+00   4.9768e+00
  1.2889e+01   1.4255e+01
 -3.7775e+00  -3.1750e+00
  4.7141e+00  -3.9845e-01
  5.3725e+00  -1.4650e+01
 -3.9786e+00   4.2060e+00
 -3.9960e+00   4.2827e+00
 -7.8416e+00  -1.5739e+00
  2.1818e+01  -5.8166e+01
  1.1655e+00  -1.0490e+00
 -2.1801e+00  -3.3961e+00
  8.9594e+00   6.7593e+00
  1.4389e+02  -1.2870e+02
 -7.4213e+00   2.1661e+00
  1.1172e+01   2.3422e+01
  2.3523e+00  -3.1730e+00
 -4.6571e+00  -1.4508e+00
 -2.4127e+01  -4.6813e+01
 -6.7373e-01   1.6450e+01
  1.3835e+00  -4.9454e-01
  6.8191e+01   3.3004e+01
  3.0478e+00   5.4672e+00
 -9.0150e-01  -8.3245e+00
 -5.1062e+00   1.1453e+01
 -1.2951e+01  -9.1601e+00
  1.3164e+00  -4.3543e-01
 -1.1230e+00  -1.8230e+00
  6.5598e-01   5.5842e+00
 -3.9556e+00   2.6852e+00
 -4.2075e-01   7.8277e-01
 -4.4758e+00   8.1543e+00
  8.2528e+00   1.8074e+01
 -6.5911e+00  -8.7515e+00
  1.4595e+01  -5.1627e+00
 -4.0269e-02   2.1849e+00
  9.6102e+00  -1.7193e+01
  1.5899e-01   5.0723e-01
  8.1395e+01   4.6165e+00
  3.1325e+00   6.1642e+00
  1.1844e+00   6.0037e+00
  2.8842e+00   1.0876e+00
 -2.5085e+00   4.2590e+00
  8.6690e-01   2.6328e+00
  9.7006e-01  -4.7989e+00
  5.7134e+00  -3.1546e+00
 -8.8452e-02   1.4638e+00
  3.0946e+00  -9.7195e+00
  2.6483e+00  -1.1272e+00
  2.3827e-02   6.9423e+00
 -5.8204e+00  -2.6178e+00
 -1.2988e-01   1.0861e+01
 -2.3803e+00  -6.8540e+00
 -3.4954e+00   4.4748e+00
 -1.9939e+01  -4.6342e+01
  1.7238e+00   1.3881e+01
  1.0741e+01  -5.2102e+00
  4.1327e-01   1.2191e+00
 -1.2911e+01   5.8157e+00
  2.1304e+00  -4.2125e+00
 -2.6933e+00   3.9229e+00
  6.3320e+00   2.0592e-01
  5.7502e+00  -5.2951e+00
  2.3563e+00   2.2390e+00
  3.6334e+01   2.3805e+01
 -9.2603e-01  -5.2660e+00
  5.5187e-01  -1.8606e+00
 -5.1517e+00  -2.0791e+01
  5.0028e+00  -7.7096e+00
 -9.1849e-01   5.9463e+00
  4.1798e+00  -5.4039e+00
  2.3100e+00  -1.6575e+00
 -2.1016e-02   1.2952e+00
 -5.2122e+00  -1.1687e+00
  7.4201e-01   1.6595e+01
 -2.3076e+00  -4.0775e+00
  2.4211e+00   2.6773e+00
 -6.0407e+00  -4.4818e+00
  1.8979e-01   3.4865e+00
  8.9910e+00   4.9610e+00
 -4.4959e-01  -1.5564e+01
 -4.5855e+01   1.2981e+02
 -4.4728e-01  -8.5214e+00
 -2.4355e+01   4.7285e+01
 -7.7185e+00   3.8336e+00
 -8.1356e+00   9.2710e-01
 -2.7081e+00  -6.4079e-01
  1.1269e+01  -4.5361e+00
  6.3695e+00   7.3568e-01
  3.4790e-01  -2.2560e+00
 -2.9259e+00   6.3514e+00
 -8.3798e-01  -2.9936e+00
  1.4618e-01   4.6387e+00
 -1.6449e+00   2.5558e+00
  4.1732e+00  -4.0808e+00
 -1.9454e+00  -1.4333e+01
 -2.9424e+00   4.3080e+00
 -6.7336e+00  -1.8631e+02
  7.1758e+00   1.8609e+00
  1.2401e+01  -7.4072e+00
 -4.9946e+00  -4.1248e+00
 -2.8081e+00  -6.1032e-01
  5.4416e+00   5.6660e+00
  2.8395e+00   3.7012e-01
  3.8608e+00   3.8413e+00
  1.1326e+00   1.6596e+00
  7.0623e+00  -3.8100e+00
  3.3087e+00   4.0685e+00
  1.8619e+01   8.5858e-01
 -3.8000e+00  -3.2602e+00
 -7.5548e+00  -1.9967e+00
 -2.5836e-01   1.3363e+00
  4.5983e+01  -3.6371e+01
 -4.3654e+00   3.6678e+00
  6.6781e+00   1.0938e-01
 -1.6894e+01   1.5592e+01
 -5.9283e-01  -3.4486e+00
  4.4263e+00   5.3372e+00
 -7.6349e+00   1.8997e+00
 -2.6465e-01  -8.5580e+00
  1.7301e+01  -2.0191e-02
  5.4895e-01   2.9939e+00
  1.1855e+01   6.8929e+00
  1.9152e+00   2.2152e+00
  1.4419e-01   4.3332e+00
 -2.3825e+00   3.7287e+00
 -5.2998e+01  -1.8302e+01
 -1.8807e+00  -9.7090e+00
  1.2162e+01  -3.2835e+00
  2.7381e+00   7.9479e+00
 -3.4538e+00   5.8411e-01
 -7.7669e-01   1.9233e-01
  8.7574e+00  -9.8776e+00
 -5.0414e+00   1.7813e+00
  1.3395e+00  -2.5963e+00
  7.7825e+00   3.4502e+00
 -5.5158e+00   2.6719e+00
 -1.8527e+00   4.4013e-02
  1.9913e+00  -8.4335e+00
 -5.7901e+00   5.1766e+00
  2.8581e+00   3.5529e+00
 -4.6114e+00   9.2251e+00
  7.6953e-01  -2.1768e+00
 -1.2092e+01   1.6208e+00
 -3.6054e+00  -2.6714e+00
 -1.1633e+00   4.4418e-01
 -9.6373e+00  -1.6547e+00
  9.8189e+00  -6.3464e-01
  6.3313e+00  -7.0883e+00
  6.5375e+01  -2.1001e+01
 -1.8072e+00  -4.5438e+00
  4.6451e+00   4.2125e+00
 -3.3061e+00   9.9023e+00
 -3.2170e+00  -1.5847e+01
  3.5297e+00   1.3829e+00
  9.4155e+00   3.9814e+00
 -7.5910e+00   8.1237e+00
 -2.4664e+00   2.0450e+00
  3.0385e+00  -2.3132e+00
  7.6970e+00   9.4833e+00
 -1.2715e+00   5.1527e+00
 -5.0883e+01  -4.5640e+01
  1.0203e+00  -2.7345e-03
  1.6514e+00  -2.4574e+00
  3.2972e+00  -6.7954e-02
  6.3321e+00  -5.6831e+00
 -1.9153e+00   1.6560e+00
 -5.5957e+00  -2.2293e-02
 -7.3710e+00  -1.2213e+01
  5.1216e+01   3.8567e+01
 -1.4461e+00   4.7150e+01
 -1.2458e+02  -5.0052e+01
  1.1790e+00   3.3505e+00
 -1.0865e+00   2.1855e+00
  5.9204e+01  -2.1193e+00
 -3.4086e+00  -3.7526e+00
  9.6466e+01  -5.5652e+01
  1.4938e+01  -7.2605e+00
 -2.0058e-01  -1.1469e-01
 -1.0327e+00  -7.5734e+00
  4.9752e+00   7.2320e+00
 -4.4003e+00   9.8514e+00
 -6.2517e+00   3.0593e+00
 -1.2228e+00   1.6830e+01
 -7.6974e+00   2.8349e+00
 -4.1254e+00  -1.4511e+00
  2.7226e-01   5.6130e+00
  2.7979e+00  -2.8930e+00
 -2.8236e-01   3.4192e+00
 -4.2774e+00   4.3866e+00
 -1.4769e+01   1.2045e+01
 -1.0792e+01   1.3946e+01
 -5.7010e+00   2.2078e+00
 -4.9699e+00   3.5840e+00
  4.1048e+00   5.8419e+00
 -8.3795e+00   1.5013e+01
 -5.3065e+01   2.6706e+01
  6.8390e-01   1.1548e+01
  3.2550e+00  -4.4990e-01
  5.7170e-01   6.4801e-01
  1.5935e+01   3.1471e+01
  8.0836e+00   1.6682e+00
 -1.3368e+00  -5.2603e+00
  3.6678e+00  -1.6683e+01
  5.6876e+00  -3.8273e+00
 -4.6018e+00   6.7424e+00
  5.9486e+00   3.9421e+00
 -9.2473e+00  -6.4967e+00
 -9.4113e+00  -7.0737e-01
 -6.2269e+00  -1.3207e+00
  1.0798e+00  -3.6084e-01
  8.0122e+00   1.3391e+00
 -6.0329e+00   4.5166e+00
  1.2384e+00  -1.3665e+00
  5.0289e+01   1.4007e+00
 -5.2750e+00  -4.3637e-03
 -2.4342e-01  -1.8366e-01
  4.0570e+01   5.1324e+01
  4.1602e-01  -4.7761e+00
  3.6388e+00  -2.7674e+00
  6.1408e+00  -3.6899e+00
  1.4834e+00  -1.0802e+01
  4.5134e+00  -4.1832e+00
  1.2180e+01  -9.2748e-03
 -5.6416e+00   4.0438e+00
  6.6091e-04   6.0903e+00
 -2.5320e+00  -1.8465e+00
  1.4208e+00  -5.0429e+00
  2.9450e+01  -7.6129e+00
  1.1384e+02   1.3163e+02
 -7.0303e+00  -1.0468e+01
  4.5631e-01  -2.1698e+00
 -9.9382e-01   1.6882e-01
  2.8884e+00   1.6220e+00
  3.8680e-01   1.7795e+00
 -4.0858e+00  -4.2506e+00
  2.4882e+00  -6.2808e+00
  5.7575e+00   2.7157e+00
  2.7117e+00   1.9696e+00
 -1.5375e+00   1.2925e+00
 -1.3613e+00  -7.8472e+00
 -6.9801e+00   1.8697e+00
 -4.1049e+00  -2.4016e+00
  3.2587e-01  -2.5451e+00
  3.1912e+00   3.1519e+00
  8.2014e-01   2.7219e+00
  1.4925e+00  -1.3488e+00
 -4.1077e-01   2.7577e+00
 -4.5986e+00  -9.2388e+00
  4.9002e+00  -2.3034e+00
  3.7885e+00  -1.8836e+00
  1.5003e+00  -4.8326e+00
 -6.3977e+00   5.4635e+00
 -4.5964e+00   7.9374e+00
  2.4425e+01   6.6190e+00
 -9.7230e+00  -2.5893e+00
 -3.4850e+00   6.1956e-01
  1.6771e+00   3.6135e+00
  4.2948e+00  -1.0121e+00
  1.3933e+00   7.8139e-01
  3.0391e+00  -9.2621e-01
 -3.3789e+00   3.3417e+00
 -2.5054e-01  -1.6664e+00
  1.6274e+01  -1.5660e+01
  6.7742e+00  -3.5858e+00
  3.1799e-02   7.1449e+00
 -1.2318e+00   5.1200e+00
  8.9701e+00   2.0817e+01
 -8.7832e+00   6.7370e+00
 -5.6242e+00   9.8191e-01
 -8.3056e+00   2.4514e+00
 -2.0275e+01  -2.4836e+01
 -1.8782e+01  -3.6245e+01
 -2.4523e+00   9.7155e+00
  2.9351e+00   5.2481e+00
  1.8428e+00   5.3016e+00
  1.8215e+00  -4.2999e+00
  3.6855e+00  -3.4120e+00
  4.9926e+00  -2.3017e+00
  7.1160e+00  -6.5913e-01
  7.0384e+00  -5.7518e-01
  2.1556e+00  -3.0308e+00
 -9.5913e+00  -3.1710e+00
 -7.5872e+00  -8.6504e-01
 -3.3819e-01  -1.1276e+00
 -1.0556e+01   5.8697e+00
 -3.9165e+00  -7.1533e+00
 -7.4525e-01  -9.2346e-01
  8.1611e+00  -1.7407e+00
 -1.1353e+01  -1.4443e+00
 -3.6450e+00   4.8832e+00
  1.1438e+01  -1.1352e+01
 -2.2872e+00  -1.1361e+00
  6.7814e-01  -1.2976e+00
 -1.1924e+00   2.7583e+00
  2.2766e+01  -1.9398e+01
  5.3777e-01   1.6541e+00
 -8.9539e+00   1.3040e+00
 -5.1601e+00  -1.9941e+01
  5.4202e-01   4.7895e+00
  7.3069e-01   2.0956e+00
 -4.4938e+00   6.9571e-01
  4.3778e+00  -2.0621e+00
  6.7743e+00   2.6338e+01
  1.0033e+01  -2.2143e+01
 -1.8164e+01   1.0180e+01
 -1.2621e+01   9.4048e+00
 -2.9768e+00   1.2551e-01
  7.9641e+00  -1.0882e+00
  6.7119e+00  -4.1726e+00
 -3.7565e+00   2.8412e+00
 -4.9954e+00  -9.9472e-01
  1.7292e+02   1.9188e+01
 -3.6124e+02  -1.2924e+03
  1.4327e+00   1.1215e+00
  3.2612e+01   1.9225e+00
 -2.7073e-01  -3.4129e+00
 -6.2265e+00   6.5517e+00
  1.2707e+00  -1.5709e+01
 -4.2479e+00  -3.2242e+00
  1.1391e+01   7.0531e+00
  3.9740e-01   1.4232e+00
  1.5350e+01   6.0246e+00
  2.9980e-01   1.5790e-01
  5.8487e+01   6.5895e+01
  7.4526e+00  -2.5332e-01
  8.5639e+00  -7.5691e+00
 -5.2608e+00   4.3730e+00
  3.5883e+00  -1.1965e+01
 -1.7242e+01   1.6103e+01
  5.3198e+00  -2.5641e+00
  9.9395e+00  -5.9982e+00
 -2.3767e+01  -1.2763e+00
  5.0575e-02  -2.9384e+00
 -5.8871e-01   2.1133e+00
 -4.9265e+00   1.7256e+02
  1.8265e+01   1.8029e+01
 -5.8480e-02   2.9127e+00
  9.7483e+00   1.8911e+00
  3.2536e-01   2.4803e+00
  9.2600e+00   1.6045e+00
  1.2489e+00   5.8752e-01
 -4.5977e+00  -5.5936e+00
 -9.0594e+00   1.4041e+00
  1.8974e+00   2.1315e+00
 -4.1239e-01   1.6501e+00
 -4.7404e+00  -1.4922e+01
 -9.4053e+00   3.8247e+00
 -1.8816e+01  -9.1089e+00
  3.4322e+01  -1.1320e+01
 -4.9844e+00  -5.0535e+00
 -2.5838e-01   4.5472e+00
  3.5185e+00   1.0079e+00
 -3.9878e+00  -2.3047e+00
  2.3374e+00  -1.2678e+00
 -4.0554e+00  -6.9674e+00
  1.2634e+00   1.5692e+00
  6.4310e-01   3.4636e+00
 -6.4943e+00   6.3497e+00
 -6.6066e+00  -1.1854e+01
  9.8089e-01  -2.1661e+00
  1.6551e-01  -1.1569e+00
  3.5885e+00   8.2182e+00
  3.8139e+00  -1.6044e+00
  3.4047e+00   2.2290e+00
  4.5673e+00  -5.6526e+00
 -4.0567e+00   2.3538e+00
 -5.0087e+00  -3.8423e+00
  5.4554e+00   4.4272e+00
 -5.0942e+00   3.9307e+00
 -5.2726e+00  -6.4097e+00
 -2.5612e+00   8.4304e+00
  8.3969e+00   3.4196e+00
 -5.5519e-01  -6.5287e+00
 -7.0512e+02  -1.4430e+03
 -1.3691e+00   5.0614e+00
  1.5169e+00  -2.4289e+00
  1.3573e+01  -1.6138e+00
 -2.9265e+00   3.5778e-01
 -2.4284e+00  -7.6353e+00
  1.2982e+00  -1.6190e+01
 -4.6487e+00  -1.3271e+01
 -3.9004e+01   5.0763e+00
  5.0847e+00   3.3556e+00
 -3.6939e+00  -3.3640e+00
  4.4711e+02   1.0026e+01
 -3.3048e+00  -1.2940e+00
  6.0402e+00   1.1965e+01
  4.0974e-01   7.4562e-01
 -9.4888e+00  -7.0289e+00
 -4.8857e-03  -7.1534e+00
  2.1319e+00   2.7569e+00
  4.7424e-01   3.8420e+00
 -5.2105e+00   2.1338e-01
  5.4502e+00   2.9662e-01
  2.2389e+00   1.5218e+00
  4.3473e+00  -1.8180e+00
 -6.6032e-01  -6.0095e-01
  4.9142e-01   3.2448e+00
  3.7718e+00   3.6683e+00
 -7.4255e+00   7.3008e+00
 -6.3546e+00  -2.3306e-01
 -1.3967e+02  -1.2417e+02
 -3.2667e+00   7.0906e+00
 -2.5267e+00  -1.4455e+01
  1.8701e-01   5.4482e+00
 -2.7774e+00  -5.1669e+00
 -8.5431e-02   7.7342e-01
 -6.0545e+00  -3.5464e+00
  3.2972e+00   3.5944e+01
 -2.1104e+00   6.1084e+00
  2.4702e+00  -9.0887e+00
  2.3136e+00  -7.4386e+01
  8.0821e+00   3.9086e+00
  1.6462e+00   4.2916e+00
  1.6257e+00  -3.5834e+00
 -6.3488e+00  -2.2634e+00
 -2.7294e+00   1.0051e+00
 -2.6839e-01   1.1449e-01
  1.3303e+00  -7.6673e-01
  7.0647e+00   7.3562e+00
  4.6813e+01   8.7127e+00
  2.9619e+00  -8.8853e+00
 -2.3856e-01  -8.0242e-01
  5.7602e+00  -5.5572e+00
 -7.2284e-01   2.6144e+00
 -1.4179e+00  -1.3494e+00
  1.0610e+01   6.2520e+00
 -1.2140e+01   8.2377e+01
  5.1934e+00   1.9565e+01
  7.4636e+00   1.5535e+01
 -4.4511e+00  -3.2441e+00
  1.9006e+00   4.5350e+00
 -1.0884e+01  -4.4557e+01
 -6.6070e+00  -3.1762e+00
 -4.7580e+00  -8.1168e-01
 -2.0326e+00   2.8873e+00
  2.6455e+00  -4.0884e+00
 -1.0036e+00   2.2521e+00
 -3.2197e+00   1.3343e-01
  5.0536e+00   1.1407e+01
 -3.2562e+00   3.8966e+00
  6.2872e+00  -6.4825e+01
 -1.0669e+01  -1.4866e+01
  1.8586e+01  -2.0458e+00
 -5.0281e+00  -2.5055e+00
  2.4283e+01   2.3097e+00
 -3.8315e+00  -5.1461e+00
  6.6631e+00   2.9438e+00
  1.3202e-02  -7.3736e-01
 -6.2499e+00   5.3486e+00
 -6.7444e-01   9.2124e+00
 -7.0853e+00  -2.3314e+00
  8.0316e+00  -1.7679e+00
  2.2910e+00  -1.2319e+00
 -3.1560e+00   7.2052e-01
  2.4019e+01  -4.2563e+00
 -1.3685e+01   5.1020e+00
 -5.7800e+01   4.3852e+01
 -2.9849e+00  -2.9269e+00
 -2.6518e+00  -1.5114e+00
 -5.0423e+00  -1.5692e+00
  3.9658e+00  -2.2350e+00
 -7.3250e+00   2.1284e+00
  2.2158e+01   6.7534e+00
 -1.4877e+00  -5.3278e+00
  1.2229e+00   1.4365e+00
 -3.8100e-02   1.8497e+00
 -1.0542e+02   3.5937e+01
 -2.9186e+02  -2.9281e+02
  1.0677e+00  -2.7794e+00
  7.6041e+00  -1.7829e+00
  8.2006e-01  -2.2420e-01
 -1.6629e+00  -5.0440e+00
 -3.8089e-01   4.8135e+00
  4.8120e+00   1.3430e+00
 -3.4783e+00   1.0815e-01
 -1.6791e+01  -1.7956e+01
  1.4468e+02   1.3343e+02
 -4.2587e+00   5.2801e+01
  1.2291e+01   2.9745e+00
 -2.6684e-01   2.6070e+00
 -2.6698e+00  -1.5698e+00
 -4.8764e+01  -7.6780e+01
  8.1597e+00  -5.3017e+00
  2.8117e+00  -2.8295e-01
 -2.0010e+00   1.3059e+00
 -9.8282e-01   2.7666e+00
  4.4052e-01   2.1303e-01
 -1.6328e+00  -2.3640e+00
  5.1631e+00  -6.4235e+00
 -2.7838e+00   2.8411e+00
 -6.6156e+01  -6.1710e+01
  1.2126e+00  -6.5723e+00
  3.1137e+00  -7.7865e+00
 -1.2493e+00   2.2214e+00
 -1.0278e+00  -3.7278e+00
 -1.1661e+01  -2.1893e+00
  4.0888e-01   4.2132e+00
  7.0711e-01  -7.8269e+00
 -1.4808e+00  -4.5124e-01
  7.0500e+02   1.4448e+03
  2.3036e+00   2.1053e+00
  3.1239e+00  -2.7203e+00
 -5.3533e+00   8.8748e+00
  8.3265e-01   2.8950e+00
 -8.6389e+00  -3.1463e-01
 -7.3458e+00   7.2134e+00
 -2.4377e+00   1.5644e+00
  6.5786e-01  -3.4584e+00
 -3.3703e+00   4.1867e-01
 -1.7978e-01  -1.0724e+00
  7.0974e+00   1.4814e+00
 -5.1663e+00   4.0217e-01
 -9.5928e+00   6.7148e+00
 -5.5994e+00  -6.4423e+00
 -4.5544e+02  -1.3232e+01
 -1.4379e+00  -1.0284e+00
  2.6256e+00   9.7215e+00
  4.0954e+00  -6.8747e+00
 -7.1531e+00  -2.4760e+00
 -9.1793e+00  -4.2516e+00
  9.9521e-01   2.3183e+00
 -8.8630e+00   6.7954e-01
 -2.2063e+01  -1.6492e+00
 -8.6169e+00  -9.6793e+00
 -9.7149e+00  -5.1175e+00
  2.1260e+01   1.1850e+01
  9.4524e+00  -3.4356e-01
  2.7075e+00   2.3438e+00
 -3.0472e-01  -5.3166e-01
 -7.4815e+00  -1.5675e-01
  1.3277e+00  -1.1830e+00
  1.7540e+00  -1.7435e+00
  4.4069e+00  -1.4476e+00
 -4.6661e+00   7.1696e+00
 -4.2168e+00   1.2357e+01
  5.2901e+00   4.8515e+00
  6.8698e+00   9.5836e-02
  4.8333e+00   6.9134e+00
  4.9350e+00  -1.6044e+00
 -5.9004e+00   1.2121e+00
  3.4963e+00  -3.1957e+00
 -6.0609e+00  -7.7380e-01
 -5.4035e+00   2.1273e+00
 -5.2621e-01  -5.1552e+00
 -5.7340e+00   4.8503e+00
 -4.7860e-01   1.2133e-02
 -7.4156e+00  -1.9364e+00
 -2.1514e+00  -4.5837e+00
 -5.4378e+00   2.6258e+00
 -3.7011e+00  -5.3848e+00
  1.1818e+01   6.0532e+00
  3.7930e+00   2.2309e+00
  1.1069e+00  -6.6659e+00
 -5.9946e+00   1.4883e+00
  1.6635e+00   1.7069e+00
 -1.8384e+01   5.0253e+00
  3.6140e+00  -2.5464e+00
  3.6235e+00   6.7150e+00
 -1.0805e+02   1.8943e+02
 -1.0767e+00   3.9920e+00
  4.8014e+00  -1.9769e+00
  4.4399e+00  -1.1116e+00
  1.9099e-01  -3.6702e+00
 -3.3294e+00   3.1293e+00
  7.8821e+00   5.4456e-01
 -5.3770e+00  -3.1810e+00
 -6.0591e+00  -5.4881e-01
 -5.1930e+00  -6.7467e+00
  2.5395e+00  -5.3018e+00
  9.5096e+00   5.3455e+00
 -2.4017e+00  -3.0098e+01
  3.4970e+00   3.2306e-01
 -3.3358e-01   1.9705e+00
  2.3120e+00  -1.3269e+00
  1.6087e+01   6.7450e+00
  4.5980e-01   1.3971e+00
 -3.5392e+00   2.1936e+00
  1.5903e+00   2.2493e+00
  1.0055e+00  -2.4701e+00
 -5.2861e+00   4.6902e+00
  5.6968e+00  -1.5050e-01
  8.6011e-01   6.1355e-01
 -1.1436e+00  -3.3965e+00
  7.7264e+00   1.5356e+00
  5.7004e-01   6.3023e+00
  2.2278e+00   9.2294e+00
  1.2710e+01   1.4303e+01
 -8.8081e+00  -4.4601e-01
  7.0906e-01   1.2414e+01
 -5.2696e+00   1.4972e+00
 -1.4655e+01   9.2358e+00
 -6.2610e+00  -2.5521e+00
 -5.2827e+01   9.6596e+00
  1.0262e+01   2.1889e+00
  5.1655e+00  -3.6552e+00
  6.3039e+00   4.2847e+00
  1.2696e+00   3.9119e+00
 -1.4365e+00  -4.8028e+00
  3.9333e+00  -1.0026e+00
  1.2894e+01  -1.1702e+01
  2.8524e+00  -3.3165e+00
  2.4118e-01   7.8486e-01
 -3.6025e+00  -2.2208e+00
 -3.7008e+00   6.6074e-01
 -1.5913e+00   4.9395e+00
 -3.2689e+00   1.2657e+00
 -3.8100e+00  -1.6596e+00
  4.9200e+00  -8.5235e+00
 -2.1132e+01  -1.1438e+01
  1.0489e+00  -5.1864e+00
 -1.5194e+02   1.4112e+02
 -6.8973e+00  -4.9767e+00
 -6.6934e+00   8.2451e-01
  2.8445e+00   8.2812e+00
  5.6160e+00   2.8102e+00
  8.6370e-01   2.8928e+00
  4.8028e-02  -1.5331e+00
  5.4691e+00   3.0095e+00
 -3.7037e+00   6.6575e+00
 -3.6906e-01  -1.9068e+00
 -1.7457e+00  -6.2524e+00
  2.6495e+00   1.3482e+00
 -1.0364e+00   7.0331e+00
  7.8103e+00   6.2970e-01
 -8.3364e+00  -3.3095e+00
 -1.6173e+00  -3.7602e-01
  4.6899e-01  -7.2903e+00
 -1.1519e+02  -1.3027e+02
  2.8869e+00   2.8880e+00
  4.5536e+00   5.3194e+00
 -1.4700e+00   4.6678e+00
 -1.6497e-01  -1.1090e+01
 -5.3946e+00   9.2442e-01
  2.4324e+00  -2.0057e+00
 -1.8839e+01  -2.6294e+01
  6.7009e+00  -1.7481e+00
  8.2971e+00  -7.7400e+00
  5.1761e+00  -2.4005e+00
 -1.0455e+02  -2.3722e+01
  3.4499e+00  -1.8419e+00
 -5.3339e+00  -2.7922e+00
  4.8464e+00   5.3033e+00
 -1.6837e+00  -3.7669e-01
  3.7693e+00  -6.8417e+00
 -4.4158e+00   1.9110e+01
  3.9483e+00  -1.4577e-01
 -1.3313e+00   1.5045e-02
 -1.1640e+01   6.4225e+01
  4.1580e-01   1.1323e+00
  1.9655e+01  -1.2367e+01
 -2.6132e+00   1.0383e+01
 -1.8155e+00   1.1536e+00
  8.5831e+00   1.2755e+00
  1.9072e-02   2.1528e-01
 -4.1512e+00  -6.0931e+00
  1.4589e-01  -5.1237e+00
  1.5698e+00   1.7523e+01
  2.1971e+00   4.5515e-01
 -6.3571e+00   3.7957e+00
 -5.4350e+00  -2.6485e+00
 -2.5489e-01  -1.0490e-01
 -5.8668e+00   3.7014e+00
 -2.3791e+00   6.2467e+00
  4.1942e-01   1.6427e+00
 -1.4049e+01   3.4853e-01
 -8.6657e+00   5.6420e+00
  3.9240e+00   1.6801e+00
 -3.5147e+00  -9.9644e+00
  3.0729e+00  -1.9917e+00
  1.4971e-01  -1.7647e+00
  9.8551e+00  -1.9594e+01
  7.4611e+00   3.4183e+00
  4.3130e+00   1.4597e+01
 -2.2186e+00   5.2461e+00
 -9.4504e+00   4.8587e-01
  1.9351e+00   4.3792e+00
  2.7939e+00  -2.3540e+00
  5.7247e+00   1.9929e+00
  6.1086e-01   1.7670e+00
  2.7720e+00  -7.1409e+00
  2.5257e+00   1.0682e+00
 -4.2304e+00  -9.0346e-01
  3.1948e+00  -4.2577e+00
  1.1544e+00  -3.2946e+00
 -2.1439e+00  -3.4286e+00
  7.5511e-01   9.5188e+00
  6.0033e-01   6.3466e+00
  3.9503e+00  -4.9890e-01
  1.4148e+01  -4.1017e-01
  1.9785e+00  -7.9555e+00
  3.0004e+01  -4.9144e+01
 -5.2994e+00   3.3406e+00
 -8.5265e-01  -2.9473e+00
 -3.8541e+00  -2.1549e+00
  7.7984e+00  -2.1239e+00
 -7.1639e+00  -2.2524e+00
 -1.1329e+00  -5.1078e+00
 -1.1224e+01   1.1228e+01
 -3.8723e+02  -1.5188e+01
 -7.9910e+01  -1.5944e+00
  7.3331e-01  -3.2622e+00
 -4.7439e+00  -3.8928e+00
  4.1606e+00  -2.9085e+00
  1.4100e+02  -1.7234e+02
  5.2985e+00  -7.7891e+00
  1.1266e+02   5.7821e+01
 -1.7520e+02  -7.0935e+00
 -6.1553e+00   9.7885e-01
 -5.3464e-01   7.6773e+00
 -4.5357e+01   1.0822e+02
  1.9151e+00   3.9200e+00
 -1.1179e+01  -4.8525e+00
  1.7525e+00  -2.2003e+00
 -1.2125e+00   1.6062e+00
  7.8296e+01  -2.1111e+02
  3.1054e-02  -3.2016e+00
 -3.1193e+00   6.2889e+00
 -2.2208e+00  -4.3525e+00
 -1.4648e+01  -1.7899e+01
 -2.0548e+00  -1.1961e+00
 -1.0759e+00   4.4982e+00
  5.6880e+00   2.3638e+00
 -9.7083e-02   2.6260e+00
  1.3544e+00  -5.3139e+00
  1.3011e+00  -4.5242e+01
  2.3430e+01   2.4489e+01
  3.5074e+00   2.6729e+00
  3.0297e+00   2.3957e+00
  2.8761e+00   7.4617e+00
  2.7956e+00   7.1188e+00
  7.4755e+00   3.4989e+00
  3.7806e+00   1.1081e+01
  9.3319e+00  -3.3699e+00
 -2.7923e+00  -1.7231e+00
 -1.9318e+00   3.5358e+00
  7.7760e+00   2.6998e+00
 -2.8698e-01  -2.6851e+00
  1.0088e+00   3.3793e+00
  7.9851e+00   8.9991e-01
 -4.1560e+00   1.0484e-01
  1.2796e+01   3.5714e+01
  8.8778e+00   3.2580e+00
 -1.5300e+01  -7.8688e+00
  9.8388e-01  -1.4115e-01
 -2.2517e+00   1.2828e+00
 -3.5378e+00  -1.8655e+00
 -2.9697e+01  -1.1333e+01
  3.3210e+01  -1.4769e+02
  4.4328e+00   7.9070e-01
 -9.4358e+00   1.6147e+00
  3.1694e+00  -3.2650e+00
 -1.2557e+01  -4.0991e+00
  9.8295e-01   2.3519e+00
  3.5210e+00  -8.7721e+00
  1.6214e+00  -1.1356e+00
 -9.8622e+01  -3.1265e+02
 -5.4041e+00  -6.6233e-02
 -6.1675e+00   6.9634e+00
 -1.2185e+01   5.7722e+00
 -7.6407e+00  -2.7065e+00
 -4.8244e+00   1.0424e+00
 -2.5968e+00  -7.3650e+00
 -4.6131e+01   3.3767e+01
  2.6835e+00   5.0469e+00
  3.0565e+00  -2.5656e+00
  3.5851e+00   4.4174e+00
  8.4880e+00  -4.3149e+00
 -3.4997e+00   1.0561e+01
  3.8756e-01   6.7490e+00
  9.6838e+00  -5.4773e+00
  2.9726e+01  -1.0940e+02
 -1.0597e+02   4.8405e+01
  2.2965e-01   5.3515e+00
  4.1834e+00  -1.7614e+00
 -7.8555e+00  -1.2300e+00
  2.7487e+00   1.4408e+00
  3.9717e-01  -3.9222e+00
  7.8402e+00  -3.4156e+00
 -1.9303e+00   2.7308e+00
  6.1548e+01   7.1830e+01
  5.5258e+00   6.3386e+00
 -3.0049e+00   2.3114e+01
  3.9968e+00   8.8230e+00
 -3.5206e+00  -1.1696e+01
  5.2665e+00  -1.1800e+01
  5.3452e+00  -4.4490e+00
 -3.5861e+00  -4.0932e+00
  3.6689e+02   1.2808e+03
  9.8215e-01  -3.6507e+00
 -1.7518e+00  -4.3155e+00
 -3.5683e+00  -1.2711e+00
  1.1391e+00  -5.0852e+00
 -6.2648e-01   1.9282e+00
 -3.0858e+00   8.3053e-01
  1.1880e+01   2.8742e+00
  8.8136e+00   3.0165e+01
 -2.2824e+00  -6.6006e-01
 -4.4817e+00   1.8342e+00
 -1.3807e+01  -1.2268e+01
 -4.6671e-02  -5.4301e-01
 -2.2708e+01   1.3680e+00
  4.7645e+00  -1.9204e+01
  7.4394e-01  -4.1131e+00
 -7.1335e+00  -6.7927e-01
  2.3060e+00   6.1924e+00
  3.2433e+00  -5.7522e+00
 -8.2224e+00   1.0964e+00
  1.7679e+00   3.9126e-02
 -2.3842e+00  -5.5857e-01
 -5.9904e+00   1.2347e+00
 -2.1069e+00   2.7044e+00
