 -1.4598e+00   2.7479e-02
 -1.1346e+00  -1.6409e-01
 -2.8728e+00   3.2570e+00
 -6.8988e-01   2.6372e+00
  2.6771e+00  -5.7854e+00
 -7.4191e+00  -9.0653e+00
 -8.8741e-01   2.7631e+00
 -9.4041e+00   9.9506e+00
 -3.0376e+00   1.3023e+00
 -2.3050e+00  -1.0277e+00
  2.4917e+01  -7.5620e+00
  4.4654e+00   4.1351e+00
 -2.1228e+00  -1.8870e+00
 -5.5188e+00  -3.6898e+00
 -4.7570e+00  -1.1050e+00
  1.9600e+01  -1.3974e+01
 -4.0324e+00   5.0414e+00
  2.5755e+01   1.2274e+01
 -1.0300e+00  -6.3426e-01
  3.0813e+00  -4.0127e+00
 -5.3451e+00   1.4318e+01
 -1.0319e+00   4.4536e+00
 -1.8860e+01  -4.4207e+01
  6.1596e+00   6.5874e+00
 -4.6627e+00  -2.6558e+00
 -1.0872e+01   1.2657e+01
  3.2557e+00  -9.3710e+00
 -4.5642e+00  -2.5042e+00
  2.9572e+00   1.1511e+00
 -1.0619e+00   3.6336e-02
  2.9058e+00  -1.0958e+00
  1.9175e+00  -2.3670e+00
  3.0565e+00  -1.7004e+00
  2.6528e+00  -4.5772e+00
 -2.7657e+00   2.6404e-01
 -5.5571e+00   7.0168e+00
 -2.7927e+00   3.0193e-01
  1.1279e+01   3.4898e-01
  5.0486e+00  -3.4320e+00
 -6.5176e-01  -3.0732e-01
  3.2718e-01  -7.1008e-01
  1.1094e+00  -1.7765e+00
  8.1693e-01   1.6664e+00
  8.5309e-01  -8.7657e+00
 -8.9732e-02  -1.7086e+00
 -5.2174e-01  -5.3096e+00
  8.1373e+00  -5.0214e-01
 -4.5193e-01   1.6851e-01
  8.7371e-01  -3.2578e+00
  4.3867e+00  -5.3374e-01
 -3.5388e+01   1.6883e+00
 -1.0634e+00   1.7069e-01
 -2.1407e+00  -4.5182e+00
 -2.7816e+00  -5.3264e-01
  4.1967e+00   4.5770e+00
  3.8689e+00  -1.1479e+01
  1.2095e+00   9.9683e+00
  4.5493e+00   1.7214e+00
 -1.6986e+00   2.2205e+00
  4.0067e+00  -6.6245e+00
  2.5342e+00  -2.2895e+00
  5.8146e+00   1.6346e+00
  7.6663e-02  -1.8368e-03
 -1.0549e+00  -5.1057e+00
 -3.6329e+00   4.8434e+00
 -5.2272e+00   2.3881e+00
  1.3722e+01   1.1116e+00
  1.6329e+00  -2.5416e+00
  1.2820e+00   6.0628e+00
  1.9347e+01  -4.2737e+01
 -1.4427e+00   4.5772e+00
 -1.5904e+00   1.4574e+00
  1.1812e+01   3.0256e+01
 -9.5868e+00  -5.2494e+00
 -1.1164e+00  -1.7312e+00
  1.6937e+00  -4.5830e-01
 -9.2823e+00   9.0747e-01
  2.3668e+00  -2.2366e-01
  1.3288e+01  -1.1848e+01
 -1.8979e+01  -1.9226e+00
  1.0336e+01  -8.2001e+00
 -4.7232e-01  -8.3293e+00
 -2.1985e+00  -4.5287e+00
 -2.0947e+00  -6.5027e+00
  1.6259e+00  -2.7277e+00
 -1.1841e+01  -2.6274e+01
 -6.9523e-01   8.1578e-02
 -3.2126e+00  -8.5466e+00
  1.1499e+01   5.7213e+00
 -1.1914e+01  -4.0304e+00
 -2.8069e+00  -3.3199e+00
  1.4399e+01  -3.6726e+00
  7.0998e-01   4.2276e-01
  9.6075e+00  -1.7262e+01
  8.1223e+00   9.1576e+00
  3.7104e+00   3.6840e+00
  1.8659e+00  -3.6766e-01
 -1.3667e+00  -1.0568e-01
  1.7000e+01  -7.1815e+00
 -4.5476e+00   2.4022e+00
 -4.5797e+00  -5.6068e+00
 -3.3640e-01   3.5103e+01
  7.2565e+00   1.6167e+01
  8.0945e+00  -1.4601e+00
 -9.8467e+00   1.0074e+00
  1.6362e+00  -5.5256e-03
  1.1333e+00   1.3292e+00
  3.1933e+00   4.3410e+00
  5.7830e+00  -2.0707e+01
 -2.8498e+00   8.1247e+00
  3.8128e-02   3.7624e+00
  5.4111e+00   1.1305e+00
  6.2207e+00   3.8138e-01
  1.5895e+01  -2.8978e+01
 -6.6340e+00   4.2712e-01
  7.4407e+00  -4.8542e+00
  1.1983e+01   1.5906e+01
  7.7547e+00   1.7203e-01
  3.6357e-02   1.1065e-01
  1.1754e+00  -2.7203e+00
  1.1531e+00   1.2585e+00
 -3.0430e-01   2.2168e-02
  3.9198e+00  -2.9361e+00
  2.0820e+00   8.5434e-01
 -6.0746e+00   4.2211e+01
 -6.0498e+00  -2.1708e+00
 -9.8504e+00  -1.3135e+01
  2.4157e+00  -2.2920e-01
 -3.1022e+00  -2.3298e-01
  8.3261e-01   3.3698e+00
  6.0324e+00  -9.4152e+00
 -8.3967e+00  -3.8468e-01
 -1.3519e+01   8.6631e+00
 -4.5205e+00  -1.5839e+00
 -1.6149e+00  -1.5913e+00
 -7.3627e+00  -4.7722e-01
 -7.9805e+00   2.7390e-01
  1.7469e+00  -7.3407e-01
 -7.9368e-01   8.7408e-01
 -1.5727e+00   2.9267e+00
  2.6407e+00  -1.2208e+00
  5.8247e+00   1.6531e+00
 -1.2005e+00   7.9000e-02
 -3.5176e+00   2.6870e+00
 -5.8736e-01   4.7958e+00
  9.0475e+00  -1.7057e+00
 -5.9896e+00  -1.0203e+01
 -4.9450e+00   3.8306e+00
  2.6097e+00   1.0412e+00
 -8.4962e-01   2.4136e+00
 -1.0194e+01  -1.1622e+01
 -5.5436e-01   5.4293e+00
 -2.4956e+00  -6.3048e-01
 -6.7051e+00  -1.0755e+00
 -5.3198e+00   5.2560e-01
 -2.5392e+00   3.0934e-01
  2.2380e-01  -1.7270e-01
  1.5717e+01   1.7835e+01
  5.0330e+00   1.7814e+00
 -7.7528e+00  -1.0169e+00
  3.6230e+00  -5.5963e-01
 -2.3800e+00   6.1312e+00
  7.7878e-01  -1.9146e+00
 -1.6101e+01  -1.6723e+00
  3.9272e+00  -5.6821e+00
  6.9923e+00   4.6610e+00
 -5.0816e+00   2.3233e+00
  2.4566e+00   1.3611e+01
 -2.5940e+01   3.2083e+01
  4.0675e+00  -6.7605e+00
  4.1164e-01  -3.6382e-02
 -1.0701e+00   2.6691e+00
  6.7189e+00  -6.5643e-01
 -4.8207e+00   8.7199e+00
  2.0402e+01  -1.7040e+01
  4.4716e+00   4.8232e+00
  4.0624e+00  -2.3314e-01
 -5.4932e+00  -5.6997e+00
 -2.8719e+01   2.4770e+01
 -1.5853e+00   1.1870e+00
 -1.2402e+01   6.3394e+00
  1.8864e+01   3.0525e-01
  2.5284e+00  -5.1834e+00
 -2.9515e+00  -5.6538e-01
  2.4255e-01  -1.7313e+00
  2.4967e+01   1.1810e+01
 -3.1554e+00   8.9114e+00
  3.7714e-01  -8.7010e+00
  1.6421e+00   1.6889e+01
 -7.1895e+00   6.1564e+00
  1.3057e+00   4.9148e-02
  6.3118e-01  -1.1728e+00
  3.3938e+00   1.4563e-01
 -2.7129e+00  -2.4256e+00
  5.0315e+00  -4.0180e+00
 -4.3662e+00  -2.6770e+00
 -2.0150e+00   2.5705e+00
 -1.8619e-01   1.8915e+00
  3.2034e-01  -1.9189e+00
 -2.3506e+00  -2.0040e-01
 -3.7321e+00   6.3206e+00
  5.1848e-01  -7.8262e+00
 -2.2044e-01  -4.1853e+00
 -2.0166e+01  -4.2250e+00
  1.5060e+00   5.3546e+00
 -1.1452e+00  -2.9436e+00
 -6.1766e+00  -3.9791e+00
  2.3654e+00   1.8438e+00
  3.2713e+00  -2.6914e+01
 -2.2687e+00   1.3491e+01
 -2.8372e-01  -6.2387e+00
 -1.5552e+01   4.0183e+00
  3.5785e+00  -1.0523e+00
  1.3345e+01   6.6226e+00
 -7.6908e-01   6.0095e+00
  1.2362e+00   6.7101e+00
  4.0046e+00  -4.5953e+00
 -2.5996e+00  -9.2252e-01
 -3.5646e+00  -1.0196e+01
 -1.3161e-01  -2.2907e+00
  9.1708e+00  -7.5345e+00
 -1.9860e+00   2.1467e+00
  2.2668e+01  -6.1057e+00
 -3.2674e+01   3.6573e+00
  3.9256e+00   3.1682e+00
 -5.2619e+00  -9.5311e-01
  6.1620e+00  -3.8534e+00
 -9.2780e-01  -2.3747e+00
  1.4092e+00  -2.2840e+00
  2.6186e+01  -1.5438e+01
 -5.8608e+00   3.0624e+00
 -6.9027e-02  -1.4154e+00
  1.9175e+00   5.5329e+00
 -4.4340e+00   4.6214e+00
 -2.8034e+00  -1.2681e+00
 -4.3137e+00  -2.9122e+00
 -1.3361e+00   6.2643e-01
 -7.0030e+00  -1.6037e+01
 -2.2032e+01   2.3258e+01
 -2.3061e+00  -3.0310e+00
 -4.8958e+00  -1.6844e+00
 -1.5809e+01   4.9246e+00
  5.0486e+00  -1.9329e+00
 -1.0797e+01  -1.0801e+01
  5.3011e+00  -7.1495e+00
 -2.7421e+00   1.0699e+01
 -5.6002e+00  -1.9358e+01
  2.4207e+00   1.6474e+00
 -1.1332e+00  -3.9744e+00
  1.1755e+01   5.8623e+00
  1.9985e+00  -1.6013e+00
 -5.3487e+00   2.7047e+00
  4.5152e+00  -6.0632e+00
  4.9765e+00   3.4431e+00
 -3.0275e+01  -1.4458e+01
 -8.3463e+00   3.7171e+00
 -1.0218e+01  -4.6620e+00
 -7.9611e-03   3.1309e+00
  6.1746e+00  -3.0596e+00
  7.8321e-01   3.5483e-01
  7.0460e+00  -5.9824e+00
 -1.4115e+01  -1.7914e+01
  1.8116e+00  -1.5266e+00
 -9.4058e+00   5.2925e+00
 -7.0061e+00   3.3681e+00
  4.2344e+00  -6.4797e+00
 -3.3939e+00  -6.8928e+00
  6.1183e+00   9.5160e+00
  2.5672e+00  -3.0900e+00
  9.2579e+00  -4.1688e+00
 -3.1361e+00   2.0067e+01
 -4.4161e+00  -4.7872e-02
  7.7319e-01  -3.2531e+00
  2.4333e+00   5.5187e+00
 -1.3430e+01   1.9159e+00
  2.3688e+00  -9.5049e-01
  3.3770e+01  -4.9318e-01
 -1.4309e+00   8.2044e+00
 -1.9248e+01   2.1941e+01
 -2.7607e+00  -2.6243e+00
 -5.7027e+00  -6.1581e+00
 -1.5642e+00  -3.4245e+00
  1.1520e+01   3.4692e+01
 -1.8842e+00   5.8265e-01
 -7.4562e+00  -2.2409e-01
 -1.9107e+00   4.4743e+00
 -7.0784e+00   6.5168e+00
 -1.2275e+00   2.8945e+00
 -3.5748e+00   7.4778e+00
 -6.6918e+00   6.8109e-01
  1.3705e+01   1.3526e+01
  6.1871e+00  -2.1894e+00
 -3.4022e-01   1.3625e+00
  6.0358e+00  -2.2135e-01
 -2.6552e+00  -2.7391e+01
  1.8299e+01   8.1395e+00
  3.9640e+00  -7.1572e-01
  4.6210e+01  -2.3754e+01
 -1.8656e+00   2.4887e+00
 -7.4908e+00   1.4655e+01
 -1.3558e+00   5.0715e+00
  7.8127e+00   1.4140e+01
 -8.1726e+00  -5.5787e+00
 -1.2111e+01   1.3380e+00
 -1.0750e+01  -7.0761e-01
  7.7516e+00  -1.0275e+01
  3.9161e+00  -5.1887e+00
 -2.0876e+00  -1.6618e+00
  2.8855e-01   1.2816e+00
  4.9027e+00  -5.1066e-01
  3.9921e-01   1.0424e+01
 -1.2449e+01   7.9202e+00
 -1.0612e+01   1.9307e+00
 -8.0020e+00   3.5796e-01
 -3.3705e+00   6.7521e+00
 -1.2166e+00   2.4754e+00
  1.2620e-01  -1.9089e+00
 -4.0422e+00   1.0697e+00
 -6.0143e+00  -7.4193e-01
  7.5366e+00   1.1705e+01
  1.0542e+01  -2.8171e-01
  4.8675e+00  -3.5401e-01
  2.8843e+00   2.5693e+00
  7.5672e+00   1.3676e+01
  2.0526e+00  -1.2984e+00
  5.5758e+00  -3.7110e+00
  3.4609e+00   2.2509e-01
 -1.1404e+00  -7.3610e+00
 -1.8847e+00   6.6412e+00
  3.7275e-02   4.4313e-01
 -1.2713e+01  -3.3216e+00
  9.7605e-01  -2.3825e+00
  1.2486e+00   3.7740e+00
  1.0925e+01  -3.2713e+01
  4.5140e-01   2.2795e+00
 -3.1389e+00  -1.0380e+01
 -1.2852e+00   3.5821e+00
  3.7090e+00   1.0520e-01
  4.0145e+00   9.6562e-01
  8.0934e+00  -1.6363e-01
 -6.3506e+00  -1.1796e+00
  1.3753e+01   2.2533e+01
  1.3127e+00   2.1874e+00
  5.1888e+00   6.0987e+00
 -9.2274e-01   4.8882e+00
 -1.3349e-01  -8.2745e-01
 -2.3768e+00   1.1254e+01
 -2.9214e+01   1.5113e+01
  3.5045e+01  -1.0631e+01
 -2.4094e+00   3.6323e+00
  9.6526e+00   9.4517e+00
  2.4656e+01  -1.0333e+01
 -6.1687e+00  -8.8057e+00
  3.5669e+00  -2.4620e-01
 -6.2799e+00  -2.0152e-02
 -1.3607e+01   1.3269e+00
  1.0611e+01   1.7968e+01
  3.5348e-01   1.7821e+00
  2.1301e+00  -1.2245e+00
 -1.2157e+00  -4.4262e-01
  3.3971e+00   4.0361e+00
 -5.9996e+00  -7.7689e+00
 -1.6167e+00   3.1786e-01
 -2.0985e+00   1.4676e+00
 -1.6755e+01   4.3732e+00
 -7.1537e+00  -6.7701e+00
 -2.7551e+00  -1.6901e+01
  7.6901e-01   3.0031e+00
 -4.3652e+00  -9.6190e+00
  1.7630e+00   4.5074e+00
 -1.3009e+01   3.0845e+01
 -3.9330e+00  -8.4253e+00
  8.5492e-01  -8.9559e-01
 -9.9977e+00  -8.8563e+00
  1.6523e+01   6.3649e+00
  4.5574e+00  -3.0764e+00
  1.2202e+01  -2.4133e-01
  1.6958e+00  -4.2985e+00
 -5.7825e+00   2.8699e+00
 -8.0532e+00  -1.1615e+01
 -4.1068e+00   7.4189e+00
  1.9063e+00   2.5375e-01
  4.9602e+00   1.6150e+00
 -1.2221e+00   1.6321e+00
 -7.8976e+00   9.7883e-02
  1.5817e+01   3.5323e+00
 -3.8333e+00  -1.5528e+01
  8.1611e+00   1.3028e+01
  1.3691e+01  -2.1349e+01
 -6.7229e+00   3.3442e-01
 -1.2101e+01  -1.4497e+01
  4.0746e+00  -1.7429e+00
 -3.6521e+00  -2.8556e+00
  5.8371e+00  -4.0935e+00
 -5.6404e+00  -5.9128e+00
  1.8679e+00   5.1568e-01
  9.3399e+00  -8.1421e+00
 -2.3567e+01   2.5534e+01
 -9.0086e+00   1.7702e+00
 -3.0100e+00  -5.5966e+00
  3.3930e-01   1.7613e+01
  4.6663e+00   6.6320e+00
 -6.4164e+00  -1.3080e+01
 -2.4379e-01  -4.9024e+00
  4.4073e-01  -1.4792e+00
  7.6607e+00  -1.6532e+00
  1.2330e+00  -1.2981e+00
 -2.0549e+00  -5.8513e+00
  7.4972e+00  -2.2553e-01
 -1.9832e+01   4.1317e+01
 -3.0671e+00  -4.1105e+00
  4.4423e+00   4.8836e+00
 -4.8908e-01  -5.0233e+00
 -2.3867e+00  -5.8272e+00
  2.0726e+01  -4.9003e+00
  1.2870e+00   7.1958e-01
  1.7171e+00  -1.1225e+00
 -4.2922e+00   1.9114e-02
  4.1362e-01   3.9129e+00
 -1.1316e+01  -5.5974e+00
 -5.7565e+00   1.0974e+00
 -3.3340e+00   2.4009e+00
 -1.3302e+01  -1.5134e+01
  6.2446e+00   5.2127e+00
  8.5870e-01   1.1380e-01
  5.6806e+00   2.7830e+00
  2.7963e+01   3.5571e+01
  1.1432e+00  -2.6260e+00
  1.6604e+00   9.5347e+00
  1.9711e+00   9.2430e+00
 -2.3003e+00  -1.1139e+00
  3.4297e+00   9.1560e+00
  1.9494e-01  -1.4223e+00
  3.5139e+00   6.5759e+00
 -4.1671e+00   3.6658e+00
  1.0377e+00   1.9182e+00
  4.8203e+00  -1.7582e+01
 -8.0927e-01   3.8912e+00
  4.0041e-02   1.5704e+00
 -6.7724e-01   3.2889e-02
  2.9219e-01  -1.3610e+00
 -9.2843e+00   3.2499e-01
 -9.2602e-01  -3.9834e+00
  5.3299e+00   6.5419e+00
  1.6801e-01  -1.1670e+00
  1.3217e+00  -1.3247e+00
  6.9688e-01   9.3109e-01
  3.0893e+00  -1.1211e+01
 -3.1157e+00  -1.4701e+01
 -3.5659e+00  -6.8977e-01
  8.0378e+00   1.3861e+00
  9.5307e+00   7.1523e+00
 -7.3520e-01  -3.6809e+00
  8.7334e+00   5.2042e+00
 -6.9886e+00  -4.6879e+00
 -2.9007e+00   4.6020e-01
  3.6859e+00   6.6890e-01
 -5.7667e+00  -2.0094e-01
 -3.6788e+00   1.0614e+00
  3.2295e+00  -4.4251e+00
  8.7100e-01   2.9585e+00
  3.1409e+00   1.5881e+00
 -6.3253e+00  -6.7749e+00
  3.8986e-01   1.7946e+00
 -4.4408e+00  -6.8182e-01
 -1.7325e+01  -3.1742e+00
 -1.3716e+00   7.3597e-01
 -9.5633e-01   2.5823e+00
  3.4622e+00  -5.5027e+00
  4.1392e+00  -1.7208e+00
 -3.8458e+00   2.2165e+00
  9.0825e-01   3.1209e+00
 -1.4102e+00  -7.4620e+00
  2.1007e+00   5.5746e-01
 -4.5978e-01  -2.2980e+00
 -3.1249e+00   3.9782e+00
  1.2588e+01   5.4944e+00
  1.6980e+00  -1.8144e+00
 -1.9329e+00   1.9316e+00
 -1.9938e+01   2.2972e+00
 -2.0691e+00  -3.4261e+00
 -2.3949e+00   3.4743e+00
 -9.3806e+00   6.3622e+00
  3.0980e+01  -7.2153e+00
 -7.3730e-01   2.1882e+00
 -1.3242e+01   2.0025e+01
  7.1493e+00  -2.5074e+00
 -1.2365e+00  -1.1522e+00
  2.4114e+00   8.0147e-01
  9.4551e-01  -1.4511e+00
 -9.7223e-01  -4.5609e+00
 -4.6033e+00   9.6895e+00
 -4.5948e-01   1.2149e+00
 -7.1043e-01  -7.3032e-02
  2.3613e+00  -6.1453e+00
 -1.1707e+01  -2.6489e+00
  8.5772e+00  -1.5416e+01
  4.0947e+00  -1.1361e+01
  3.2823e+00  -3.0133e+00
 -2.1278e+01  -3.3597e+01
  4.1801e+00   6.1061e-01
 -1.1898e+01  -6.5472e-01
 -3.4481e+00   2.7598e+00
 -6.8433e+00  -1.7031e+00
 -1.5853e+00   6.0038e+00
  4.7944e+00   4.0799e+00
  1.0791e+01   2.4163e+00
  2.9806e+00   1.4362e+00
  2.7100e+00  -1.6742e+00
  1.0807e+01   3.3898e-01
 -4.2541e-01   6.7908e+00
 -4.6353e+00  -5.6733e+00
  1.2736e+01  -6.5546e-01
 -1.4433e+01  -1.1621e+01
 -6.8868e+00   3.4998e+00
 -8.8281e+00   6.4265e+00
 -2.4194e-01  -1.1103e+00
 -1.1052e+01  -1.0026e+01
 -5.1733e+00  -4.7644e+00
  1.5355e+00  -7.3278e+00
  6.5057e+00  -3.4058e+00
  9.8258e+00  -1.0854e+00
 -6.2589e+00   2.8723e+00
  5.9277e-01  -3.6588e+00
  6.4064e+00   2.1326e+00
 -8.4341e-02   2.2287e+00
 -1.4015e+01  -1.5204e+00
 -1.8761e+00  -8.8093e+00
 -2.6097e+01  -7.2480e+00
  6.8023e+00   6.6651e+00
 -4.6598e+00   5.3978e+00
 -7.3938e-01  -6.6325e+00
  1.1556e+01   1.2395e+01
  4.4785e-01   1.3636e+00
 -6.4928e-01  -7.1284e+00
  4.1910e+00  -3.0455e+01
  8.2684e-01  -1.8999e+00
  1.1889e+01   4.9915e+00
 -1.3956e+00  -2.3596e+00
  1.4038e+01   8.8243e+00
  2.5486e+00  -3.3885e+00
  6.2338e+00  -4.1539e+01
 -6.6461e+00   5.9861e+00
 -2.8915e+00  -2.8143e+00
 -8.2155e+00  -7.5481e-01
 -1.3436e+00   1.0141e+00
 -2.6086e+00  -6.6637e+00
  5.5927e+00   3.9336e+01
  1.6988e+00   1.0118e+00
 -1.4504e+01  -1.3726e+01
 -1.2982e+01  -7.0982e+00
  1.5656e+00  -2.1814e+00
  3.7879e+00   2.8585e-01
 -4.0333e+00   1.1129e-01
  2.1347e-02   2.4668e+00
 -1.4755e+00   2.9020e+00
  1.1883e+01   1.2241e+01
 -6.3085e+00  -9.6666e-01
  1.5389e+00   7.9927e-01
  3.8620e+00   3.2939e+00
 -5.0462e+00  -1.3307e+01
 -4.6450e-01  -1.8748e+00
 -3.1799e+00  -1.1247e+00
  3.4545e+00  -1.6183e+00
 -1.1579e+00  -7.6475e-01
 -1.0377e+01   4.7424e+00
 -2.4865e+00  -8.1564e+00
  1.8499e+01  -2.4167e+00
 -1.5484e+00  -5.2300e+00
 -1.5621e+01   3.8843e+00
 -1.2995e+00   3.5470e+00
 -1.0112e-01   1.3244e-01
  1.5378e+00  -3.1236e+00
  5.0813e+00  -6.6012e+00
  3.1779e-02   4.9679e+00
 -3.5212e+00   1.1939e+00
 -1.9514e+00   2.5603e+00
  7.0782e+00   1.0354e+01
  6.6847e-01   1.1615e+00
 -1.2240e+00  -4.8030e+00
 -7.9925e+00   8.3355e+00
 -6.0421e+00   2.5511e+01
  8.8031e+00   1.4941e+01
  1.1364e+01  -6.3308e+00
 -3.7920e+00   2.2371e+00
  1.9905e+00  -2.9534e+00
  4.5787e+00   2.5745e+00
 -1.4981e+01  -2.0917e+01
  3.9313e+00   6.0452e+00
  4.3598e+00   3.9422e+00
 -4.5866e+00  -2.9062e+00
 -5.5043e-03  -9.4488e-01
 -2.3561e+00  -4.0779e+00
 -1.0058e+01  -1.5294e+01
 -3.5999e+01  -8.1272e+00
  2.5376e+01  -2.4944e+01
 -4.5564e+00  -5.5274e+00
  6.9909e+00  -7.3148e-01
  2.7816e+00   1.1517e+01
 -6.3992e+00   5.4823e+00
  8.4426e+00  -1.8330e+00
  1.2551e+00  -2.6008e+00
  3.1235e+00  -7.9609e+00
  4.0573e+00   6.6147e+00
 -2.5054e+00  -3.3794e-01
  1.2844e+00   3.2697e+00
  5.6696e+00  -3.3194e+00
 -2.6876e+00   1.4283e+00
 -6.7429e+00   6.4985e+00
 -4.1713e+00  -1.2753e+00
 -1.4842e+01  -4.9317e+00
 -6.6372e+00   2.8889e+00
  2.0214e+00  -5.5574e+00
  1.5047e+01   4.8222e+00
 -2.1702e+00  -6.5966e+00
  1.8903e+00  -2.7076e+00
  3.5310e+00  -1.5146e+01
 -1.6579e+00  -3.1738e+00
  3.5037e-01   1.1079e+00
  5.6934e+00   9.4040e+00
 -4.4148e+00  -5.4774e+00
 -1.2464e+00   4.3943e+00
 -3.4246e+00   6.1589e+00
 -1.0861e+01   1.3052e+01
  5.2631e+00   2.7516e-01
 -1.4347e+00   2.2639e+00
  3.0987e+00   1.0402e+01
 -1.1679e+01  -1.0198e+01
  1.2428e+01  -6.6192e+00
  6.1720e+00   3.6706e+00
  7.7658e-01  -6.6447e+00
 -1.0554e+01  -8.6326e+00
  5.4292e+00   1.3792e+00
  1.0827e+00   1.9356e+00
  9.9996e+00  -9.7737e-01
 -2.9477e+00   3.5611e+00
 -3.7590e+00  -3.0856e-02
  6.4851e-01   4.8617e+00
 -1.0765e+01   2.9748e-02
  5.2172e+00   1.7351e+00
 -1.4106e+01   1.7222e+01
  2.2764e+00  -2.3546e+01
  3.1186e+00   4.0515e+00
 -4.6339e+00   5.5613e+01
 -3.5656e+00   3.1680e+00
  5.6207e-01  -3.8056e+00
  4.1102e+00   3.8006e+00
 -2.6600e-02   2.7095e+00
 -2.8814e+01   2.5904e+01
  2.6479e+00   1.5434e+00
 -4.0899e+00  -5.1559e-02
 -4.3758e+00   3.8702e+00
 -1.4527e+00   2.6971e+00
  1.0985e+00  -4.1068e+00
  1.6640e+01  -8.3580e-01
  4.0405e+00   1.6113e+00
 -5.6805e+00   1.1720e+00
 -5.9648e+00  -6.5460e+00
 -1.2306e+00  -5.0570e+00
  1.5758e+00  -4.9243e-01
 -5.7411e+00  -7.7547e+00
 -3.0627e+01  -5.2392e+00
 -1.8341e+01  -4.7087e+00
  1.9890e+00  -4.2251e+00
 -4.1149e+00  -3.3810e+00
  4.2967e+00  -3.8617e+00
  5.1860e+00   3.7477e+00
  5.2606e+00  -1.5294e+01
  1.0231e+01  -1.1561e-01
 -1.0260e+00   7.0254e+00
 -8.0605e-01   2.5114e+00
 -2.7381e-01   8.2743e+00
  6.3532e-01   7.2220e-01
 -5.8775e+00  -1.5213e+01
  1.5161e+01  -3.7736e+01
 -2.0504e+00  -2.0460e+00
 -9.6082e-01   5.9635e+00
  3.8121e+00  -8.9941e+00
 -1.4972e+00   3.0364e+00
  1.9755e+00   6.6464e-01
 -4.5451e-01  -7.3217e-01
  2.1622e+00  -2.2272e+00
  1.0400e+01   5.0552e+00
  4.2957e+00   4.3154e-01
  1.2134e+00  -1.7443e+01
  2.1710e+01  -1.5813e+00
 -4.6624e+00  -8.2545e+00
 -4.2681e+00  -3.3795e+00
 -1.4355e+01   2.6806e+01
  3.6309e+00  -3.7358e+00
 -5.7484e+00  -7.2489e+00
 -1.7109e+00   5.6556e+00
  9.2530e-01   2.0306e+00
  4.0309e+00   3.3577e+00
  1.7377e+01  -2.4288e+01
  3.0337e+00   1.8413e+00
  4.3546e+00   9.6913e+00
  1.0464e+01  -3.3145e+00
  7.2547e-01   2.5645e+01
  4.6641e-01  -1.9777e+00
 -4.3539e-01   4.4462e-02
  3.9155e+00  -8.4040e+00
 -2.3284e+00   3.4112e+00
  4.4746e+00  -2.0937e+00
  5.7645e+00   2.1400e+01
 -9.9457e-01  -1.2704e+00
  2.3985e-01  -2.5800e+00
 -3.4582e+01   1.5165e+00
  3.8491e+00  -1.5623e+00
  1.0336e+00  -6.7376e+00
  2.2752e+00  -6.0962e-02
 -8.0995e-01   5.2871e+00
  8.9424e-01  -1.4804e+00
  3.6943e-01   3.0538e+00
 -1.5329e+01  -3.0744e+01
 -7.8571e+00  -7.1642e+00
  5.5239e+00  -5.1698e-01
  1.0990e+01   2.4778e+00
  3.2412e+00   4.5113e+00
 -6.4012e+00  -5.3115e+00
  8.3962e-01  -3.3980e+00
  3.2064e+00   1.6460e+01
 -1.0003e+00   5.5587e-02
 -1.6440e+00  -4.9011e+00
  1.9801e+01  -1.8558e+01
 -6.6134e+00  -2.8000e+01
  4.2972e+00   1.4746e+00
  8.2919e-01  -4.7663e+00
  1.3083e+01   1.0046e+00
 -9.8340e-02   2.4176e+00
  6.7330e+00   6.8541e+00
 -5.2054e+00  -9.0496e-01
  2.6493e+01  -1.7441e+01
  9.1079e-02   2.2047e+00
 -9.5412e-01   4.8237e+00
  4.5922e+00  -5.0296e-02
 -3.8417e+00  -4.9394e+00
 -7.0400e+00  -5.6329e+00
  4.1863e+00   2.5793e+00
  2.3902e+00  -1.2922e-01
  8.4034e+00  -2.3162e+00
 -8.2342e+00   1.0838e+00
  4.8280e+00   5.2518e+00
 -2.4526e+00   3.4675e+00
  2.6551e+00   1.0125e+01
 -2.6942e-01  -3.2143e+00
  1.5048e+01   3.6114e+01
 -1.4465e+00   5.3006e+00
 -4.1281e+01  -2.7285e+01
  1.9300e+00   2.4329e-01
 -4.2667e+00  -8.0190e-01
 -1.8805e-02  -3.7870e+00
  1.2417e+00   3.1853e+00
  1.3541e+00  -1.7065e+01
 -8.5161e+00  -1.0568e+00
  2.1583e+00   6.1716e-01
  1.1705e+01   2.6150e+01
 -4.0214e+00  -9.2668e+00
  1.3689e+00  -1.1264e-01
  1.0420e+01  -4.3774e+00
 -9.6283e+00  -3.0101e-01
 -2.2280e+00  -2.0232e-01
  7.5844e+00   8.1164e+00
 -1.9644e+00   7.3085e+00
  3.2946e+00   1.9229e+00
  7.2882e-01   1.7441e-01
 -7.1747e+00  -8.8016e-01
 -9.3330e+00   4.4393e+00
  2.5295e+00  -9.6675e-02
  1.0627e+00  -1.7143e+00
  3.8080e+00   1.7938e+00
 -1.8622e+00   3.4703e+00
  3.1541e+00  -6.0046e+00
  5.0912e+00   4.1588e+00
  1.8754e+00   1.2641e+01
  9.1654e+00   2.4922e+00
 -1.7498e+00  -9.8963e-01
 -3.7368e+00   8.4805e-01
 -2.1203e+00  -3.4345e+00
  6.0400e+00   1.4648e+01
  1.7160e+00  -9.7998e-01
  2.9166e+01   1.4277e+01
 -6.0420e+00  -1.3166e+01
 -2.5151e-01   1.3583e+00
 -5.1729e+00   2.6838e+00
  9.7911e-01  -1.7955e-01
 -2.8886e+00   3.2108e+00
 -3.8086e+00   6.7833e+00
 -4.6321e-01   3.9806e-01
 -8.5219e-01   9.1628e-03
  6.4840e+00   3.8890e+00
 -3.3410e+00  -1.5606e+01
  2.0037e-01   4.3525e+00
  5.3724e+00   9.1444e+00
 -2.5633e+00   2.8677e+00
  5.8140e+00  -9.4259e-01
  3.2258e+00  -3.6484e+00
  4.5568e+00   2.0320e+01
 -1.6499e+00   3.0483e+00
 -1.0593e+01   1.0640e+01
  3.0955e+01   1.0809e+00
  1.0667e+01   7.8609e+00
 -1.4301e+00  -5.3377e+00
  3.8309e+00  -4.8621e-02
  4.1979e+00  -2.6160e+00
  5.1645e+00  -4.7715e+00
 -7.6205e-01  -2.7885e+00
  6.1861e+00   1.4804e+01
 -1.7694e+00   1.9183e+00
  1.1736e-01  -9.1225e-01
  2.2579e+00  -2.0340e+00
  1.3322e-01  -4.2297e+00
  5.3979e-01   1.9511e+00
  6.3994e+00   1.9100e+00
 -4.7325e-01  -8.4340e+00
  7.0786e-01   4.6079e+00
  2.3913e+00   7.3843e-01
 -7.1143e+00   5.1496e+00
  7.1626e+00  -9.7968e+00
 -1.6084e+01  -1.2430e+01
 -3.7875e+00   3.3354e+00
 -5.4686e+00   2.0652e+01
 -1.9673e+01   3.7638e+01
  2.5923e+00  -3.1554e+00
 -3.6561e+00   3.9782e-01
  2.7043e+00   1.6871e-01
  3.5487e+00   1.9643e+00
  3.4263e+00   7.6601e+00
  6.4152e+00   2.6710e+01
  2.4034e+01  -1.6737e+01
  3.8735e+00  -2.2686e+01
  1.2283e+00  -4.7924e+00
  3.6802e+00   2.0995e+00
  7.3643e-02  -7.4102e-01
 -8.7743e-01   1.9012e+00
 -1.6358e+01   8.7350e+00
 -7.0794e+00   1.6446e+00
  1.2749e+00   7.6980e+00
 -2.5282e-01   4.9999e+00
 -1.7022e+00   1.8204e+00
 -3.8733e+00  -7.5121e+00
 -2.2302e+00  -2.5549e+00
  6.4412e-01  -5.3903e-01
  1.2709e-01   4.4384e+00
  2.8003e+00  -1.4183e+00
 -3.2372e+00   6.0436e+00
  8.4294e-01   1.2545e-01
 -7.0456e+00   4.3101e+00
 -1.5714e+00  -1.2678e+00
  3.5070e+00  -6.6753e+00
 -5.3683e+00   4.3647e+00
 -1.6624e+00   3.7208e-01
  1.4406e+00   1.0110e+00
 -4.8358e+00   1.3960e+00
  8.7923e+00  -8.8719e+00
  5.2628e+00   1.0475e+01
 -6.1827e+00  -1.6724e+00
  5.4876e+00  -1.6571e+00
 -1.3246e+00   9.0452e-01
  5.7887e+00  -5.0791e+00
  1.3635e+01  -1.5988e+01
 -6.9905e-02   1.1175e+00
 -4.6048e-01  -2.6579e-01
  2.0903e+01  -3.0667e+01
 -1.9673e+00  -3.7726e-01
  3.7213e-01  -1.0053e+01
  3.6515e-01  -1.0449e+01
 -2.7314e+01   7.1031e+00
 -3.6045e+00   1.2323e+00
 -2.2581e+01  -9.6384e+00
 -2.2373e+00  -1.0619e+00
  4.8073e+00   4.8614e-01
  6.2560e+00   6.3588e+00
  5.4472e+00  -1.6124e+00
  1.0999e+01  -2.7857e+00
  2.7067e+01  -1.2332e+00
 -8.1164e+00  -3.1772e+00
 -2.1866e+00  -6.2842e-01
  2.8100e-01  -6.4951e-03
 -8.9099e+00  -2.7195e+01
  3.5231e+00   5.0247e+00
 -3.8520e+01   1.6379e+01
 -1.2998e+01   3.7202e+01
  2.6570e+00   5.7756e+00
 -1.9320e+00  -2.6559e-01
  3.5196e+00  -1.0610e+00
  5.5712e-01   5.5444e+00
  5.8766e+00   7.7695e-01
  2.5656e+00   1.2674e-01
 -8.2035e+00   2.0504e+01
  2.4630e+00   5.9116e+00
 -3.2657e+00   2.3228e+00
  7.3720e+00   5.3573e+00
  7.0252e-01  -2.3897e+00
  3.5260e+00  -5.9760e+00
  2.2328e+01  -2.4918e+01
 -1.8838e+00  -2.7908e-01
 -5.3374e+00  -8.5665e+00
 -2.4477e+00   9.5499e+00
 -2.6821e+00  -8.8640e-01
  4.9387e+00   1.6606e+01
  5.1614e+00   5.8037e-01
 -3.3855e+01  -2.5502e+01
  7.6461e-01   5.2501e-02
  2.9395e+00   2.8903e+00
  1.5389e+00  -9.6093e-01
  2.1598e+00   3.7464e+00
 -1.1428e+01   6.1136e-01
  8.9701e+00   4.3330e-01
  9.9133e-01   1.4621e+00
  1.0312e+01  -2.1716e+00
 -5.2137e+00   6.2474e-01
  4.7458e+00   1.9117e+01
 -2.0654e+01   1.5062e+01
 -8.0698e-01   3.9922e-02
 -1.7112e+00  -1.6114e+01
  3.4444e+00   2.2276e-01
 -1.3079e+01  -4.8112e+00
 -8.3433e-01  -3.0817e+00
  9.0897e+00   2.1650e+00
  8.1553e-01   5.7639e+00
  2.8008e+00  -9.9540e+00
  3.1299e+01  -2.8943e+01
  7.6188e+00   4.4675e+00
  2.1100e+00  -3.3736e+00
 -4.3974e-01   1.1699e-02
  1.2193e-01  -8.3926e-01
  2.7383e+00   2.5667e+00
  2.7441e+00  -1.1623e+01
 -7.6780e-01  -8.7673e-03
  2.1848e-01  -2.5096e+00
  2.6934e+00   1.8046e+00
 -1.6855e+01   2.2762e+01
 -1.0260e+00  -1.7770e+00
  5.7780e-01   2.8535e+00
  7.8481e-01  -3.6867e+01
 -6.2862e+00   5.6248e+00
 -1.7716e+00   4.4653e+00
 -1.3345e+01   1.2495e+01
 -1.7776e+00   5.8130e+00
 -2.7294e-01   2.6190e-01
 -5.4714e+00  -8.1843e+00
  1.0148e+01   2.1207e+00
 -1.4320e+00   4.9950e+00
  1.1466e+01  -1.0258e+00
  5.0707e+00  -3.2718e+00
 -8.7585e-02  -4.4180e+00
  4.5096e+00  -2.8444e+00
 -1.0924e+00  -1.5198e+00
  1.9346e+00  -5.8928e-01
  1.3247e+00  -1.8081e+00
 -3.4680e+00   7.6213e+00
  2.0100e+01   3.4877e+01
 -1.3666e+00  -8.2060e-02
  1.3245e+00  -1.1532e+00
  2.0201e+00  -6.4528e+00
 -2.3287e+00   4.8525e+00
 -1.9122e+00  -2.9299e+00
  4.3375e+00   5.7784e-02
 -2.7216e+00   1.4948e+00
 -1.3150e+01   2.6023e+01
 -2.3690e-01   3.9703e+00
  2.4607e+00   4.3353e+00
 -1.3246e+01   4.3769e+00
 -2.1964e+00   3.8553e+00
  6.4575e+00   1.2982e+01
 -4.8931e+00  -2.8810e+01
 -4.1834e+00  -3.7634e+00
  5.3189e+00   6.4118e+00
 -1.2490e+00   2.0745e+00
 -7.0321e+00   3.7011e+00
  4.5670e+00  -2.3790e-01
 -4.0992e-01   1.3183e+01
 -7.7196e+00  -2.0726e+01
 -3.8095e+00   1.5330e+00
  1.2474e+01   3.8063e+00
 -9.5216e-01  -7.1120e-01
 -2.7666e+00  -1.7587e-01
 -9.5025e-01   6.4640e+00
 -1.2135e+01  -1.2312e+01
  5.0534e-01   3.6920e+00
 -1.0120e+00  -6.3540e+00
  5.1947e+00   3.0057e+00
 -2.0521e+00  -1.4337e+00
  1.1442e+01  -8.1644e+00
 -1.2304e+00   3.4389e+00
  1.0939e+00  -2.8708e+00
  6.4695e+00   2.0001e+00
  1.1732e+01   3.8429e+01
 -1.2953e+01  -3.7598e+01
  6.5914e+00  -1.0198e+01
  3.7932e+00   3.1203e+00
 -2.9868e+00  -2.2317e+00
 -4.3959e+00   6.6360e+00
 -5.8902e+00  -2.3468e+01
 -1.8822e+00   1.3786e+00
  2.1824e+00  -2.6165e+00
 -5.3905e+00   3.8645e+00
 -1.5183e+00   4.1507e+00
  1.1264e+00  -8.3563e+00
