  1.2015e+00  -8.0680e+00
 -2.9475e+00  -9.7907e-01
  5.2879e+00  -5.1150e+00
  7.2922e+00  -5.8489e+00
 -3.5310e+01  -4.1349e+01
 -4.7483e+00  -5.7816e+00
  1.7709e-01   8.7943e-01
 -4.4706e+00  -5.3659e+00
  4.1734e-01  -1.1094e+00
 -8.2645e+00  -4.2660e+00
  5.6701e+00  -6.3327e+00
  2.6331e+00  -5.6806e+00
 -7.6177e-01   4.3163e+00
 -2.9331e+01  -1.5959e+00
 -1.0718e-01   4.3805e+00
 -5.4984e+00   5.8861e+00
 -4.6322e+00  -2.5499e+00
  6.0678e+00   6.0467e+00
  2.7868e+00  -1.1039e+00
 -1.6193e+00   3.8602e+00
  1.5490e+01   2.4707e+00
 -5.0137e+00   1.8297e+00
  3.2681e+00  -3.3843e+00
 -3.2966e-01   1.6026e+00
 -1.1744e+01  -8.8977e+00
 -7.4604e-01  -6.8841e-01
  6.6708e+01   1.7452e+01
 -1.9496e+01   4.9989e+01
  8.0036e+01  -4.5987e+01
 -7.0301e+00   3.3804e+00
 -5.2387e+00  -7.3629e-01
 -2.0578e-01   1.5153e+01
 -1.0319e+00   1.7698e+00
 -1.1360e+00   3.0321e-01
  9.3155e+00   1.2885e+00
 -1.4106e-02   2.2000e+00
  2.0125e+01   4.3127e+01
 -2.3595e+00  -5.3005e+00
 -3.5115e+00   4.2036e+00
 -4.8401e+00   6.7932e+00
  4.1167e-01   3.3078e+00
  8.0514e-01  -5.3642e+00
 -2.9620e+00  -1.2042e+00
 -2.1814e+00  -5.1606e-01
 -1.2647e+01  -4.8394e+00
 -1.2525e+01  -8.0960e-01
 -1.9479e+00  -1.0618e+00
 -3.4099e+00  -1.0116e+01
 -2.7007e+00  -1.9562e-01
  1.0017e+01   1.9520e+00
  5.3641e+00  -2.3352e+00
 -3.1502e+00  -6.4685e-01
 -4.4026e+00   1.6580e+00
  2.7441e+00   3.0098e+00
 -7.3013e+00  -1.5686e+00
  2.6108e-01   1.6517e+00
 -1.7291e+00   4.7672e+00
 -2.5773e+00   4.8783e+00
 -2.1945e+01   7.5703e+00
 -3.1586e+00   1.4614e+00
  2.3591e+00  -1.2823e-02
 -1.0756e-01   3.1473e+00
  1.4110e+00  -3.3565e+00
 -1.4480e+00  -3.6767e+00
  2.3240e+00   3.6733e+00
 -5.6025e+00   5.4012e+00
  8.0971e+00   3.4939e+00
  8.4363e+00   2.1757e+00
  2.0907e+02   3.6044e+00
  3.3569e+00  -4.7342e-02
 -8.2115e-01  -6.7751e+00
 -7.9237e+00  -2.7543e+00
  3.5397e+00  -7.6541e+00
  3.9520e-01   3.3181e+00
  5.4893e+01  -2.0630e+01
 -4.1608e-01  -9.0151e-01
 -7.3341e+00   2.7790e-01
  3.0128e+00  -1.8434e+00
  2.9342e+00  -1.6222e-01
 -6.4444e+00   2.1749e+00
 -1.9771e+00  -4.3827e+00
  2.0801e+00   2.7913e+00
 -1.1705e-01  -1.2858e+01
  1.8261e+00  -4.7995e+00
  4.4182e+00   4.5840e+00
 -5.5905e+00   9.0420e-01
  1.0272e+01   2.3018e+01
 -5.4035e+00   2.2722e-01
  8.8149e+00   1.3312e+00
 -1.5268e+00  -6.2727e+00
 -2.8030e+00   7.7849e-01
 -4.8624e+00  -1.7130e+00
  8.1249e+00  -1.5836e+00
 -2.6717e+00  -3.5476e+00
  1.7408e+00  -3.4048e-02
  8.1602e+00  -2.4077e+00
  5.4619e-01  -2.2194e+00
  1.7311e+00  -4.6151e+00
  2.3695e+00   1.0234e+00
 -9.3313e+00  -1.2199e+01
  1.8077e+00   3.2110e+00
 -1.0063e+00  -7.6635e+00
 -2.2034e+00  -6.5471e+00
  7.5354e+00  -5.7493e-01
 -1.6220e+00   9.3318e-01
 -3.4174e+00   4.4495e+00
 -5.7227e+00  -6.7376e+00
  5.1167e+00   1.1793e+01
 -4.0296e+00  -6.6607e-01
 -4.9103e+00   4.6981e-01
 -1.2258e+00   6.4598e+00
 -7.6937e-01  -9.6935e-01
 -7.3828e+00   5.1694e+00
  1.6018e-01  -1.4153e+00
 -1.1296e+01   4.8568e+00
 -3.6143e+00  -2.0745e+00
 -1.9507e+00  -2.9682e+00
 -6.3460e+00  -5.1304e+00
 -1.2157e+01   3.7819e+00
 -2.2362e+00   4.7974e+00
  5.5103e-01  -3.3371e+00
  3.0013e+00  -5.9861e+00
  4.5986e+00  -8.2491e+00
 -2.8624e+00   4.0716e-01
  8.9302e+00  -1.5852e+00
 -2.1032e+00   3.4567e+00
 -7.0192e+00   3.1523e+00
 -2.6074e+00   6.7468e+00
  1.5296e+00   9.0625e+00
 -1.6430e+00  -1.2920e+00
  4.5130e+00  -2.3853e+00
 -2.1353e+00   2.5730e+00
  1.0193e-01   2.5447e+00
 -1.6118e+00  -3.8542e+00
 -3.5940e+00   6.5211e+00
  4.8884e+00  -4.3223e-01
 -3.3463e+00   8.5969e+00
  1.8040e+00  -4.6812e+00
 -7.9930e+00  -3.7748e-01
  3.8645e+00   1.6728e+00
  4.9340e+00   5.2426e+00
 -5.9043e+00  -4.2482e+00
  3.7913e+00  -1.2001e+00
  1.1762e+00  -1.1390e+00
 -7.7549e+00   4.2694e+00
 -2.4019e+00  -9.6361e+00
 -3.6957e+00   7.1149e-02
  3.6067e+00   8.3638e+00
 -2.8908e+00   1.8440e+00
  8.0293e+00   2.0254e-01
 -3.1073e+00  -1.8708e+00
  3.2693e+00  -3.0933e+00
 -5.0086e-01  -9.2357e-01
 -3.5597e+00   5.0622e+00
 -3.1277e+00  -1.1563e+01
  3.4506e+00   6.9367e+00
 -5.4362e+00   5.3103e+00
  1.7886e+02   1.6184e+02
 -5.7793e+00  -2.5975e+00
  4.1694e+00   4.8049e+00
 -6.5144e+00  -2.0021e+00
  8.6530e+00   3.1332e+00
 -8.4251e+00  -2.5608e+00
  4.8704e+01   1.8524e+02
  1.1358e+01  -9.7169e+00
 -4.5832e+00   1.8169e+00
 -6.8988e-01  -3.2912e+00
 -3.2883e+00   5.8740e+00
  1.3781e+00   4.4753e+00
 -9.5596e+00  -1.6828e+01
  2.4681e+00  -5.3805e+00
  4.8166e-02  -2.6325e+00
 -8.0433e+01   5.6707e+01
 -6.8285e+00   5.4753e+00
 -2.6224e+00  -3.1684e+00
  1.4576e+00  -4.6914e+00
 -1.9070e+00  -7.6170e+00
 -1.1680e+01   1.2301e+01
  2.1114e+00  -9.3797e-01
  8.7864e-01   3.3095e+00
  2.1070e+00   6.4810e-01
 -6.6117e+00  -3.2709e+00
 -5.7413e-01  -1.6709e+00
  4.1920e+00   1.3002e+00
 -6.7861e+00   4.5071e+00
 -2.4985e+00  -4.6904e+00
  5.2423e-01   1.4883e+00
  3.9203e+00   5.6312e+00
  2.1585e+00   5.1405e+00
  8.6967e-01   1.6484e-01
 -2.9825e+00  -4.1235e+00
  5.2245e+00  -2.5998e+00
  4.7686e+00  -1.0797e+01
 -5.1475e+00   4.0914e+00
 -4.5985e+00   3.8979e+00
 -8.9728e+00  -1.2558e+00
  1.3439e+01  -3.4986e+01
  6.5798e-04  -1.6344e+00
 -2.1212e+00  -4.1632e+00
  8.2195e+00   6.3396e+00
  9.1526e+01  -8.1724e+01
 -7.4961e+00   1.8509e+00
  8.3393e+00   9.9102e+00
  1.9004e+00  -1.2156e+00
 -2.0480e-02   4.6439e-01
 -8.9885e+00  -2.4494e+01
  3.5338e-01   1.0568e+01
  2.7125e+00  -3.2952e+00
  3.8607e+01   1.6037e+01
  3.0826e+00   6.8618e+00
 -1.0154e+00  -9.1775e+00
 -3.7703e+00   7.4301e+00
 -6.8862e+00  -4.6295e+00
  1.1272e+00   1.5227e+00
 -2.5111e-01   2.2235e-01
  2.8394e-01   5.5785e+00
 -4.5813e+00   3.5050e+00
 -4.7019e-01  -4.1772e-01
 -3.5203e-01   6.0139e+00
  1.9030e+00   1.2055e+01
 -4.3719e+00  -7.5323e+00
  7.1639e+00  -3.3070e+00
  1.4942e+00   2.3883e+00
  5.6348e+00  -1.0492e+01
  8.7214e-01  -7.5484e-01
  5.1912e+01   2.7466e+00
  2.4472e+00   1.9452e-02
  2.6178e+00   4.5422e+00
  1.6878e+00  -6.0830e-01
  9.1147e-01   5.6643e+00
  1.1276e+00   2.5010e+00
  7.0757e-01  -3.6616e+00
  7.3432e+00  -4.1181e+00
 -5.7758e-01   7.6131e-01
  3.4114e+00  -5.1617e+00
  3.3764e+00  -1.5134e+00
  7.9882e-02   7.5342e+00
 -7.2420e+00  -2.4789e+00
 -1.4717e+00   8.3666e+00
 -3.0167e+00  -7.4485e+00
 -5.4688e+00   3.9112e+00
 -5.4562e+00  -2.3670e+01
 -1.0779e+00   9.4092e+00
  6.2174e+00  -4.9787e+00
  2.9828e+00   1.1446e+00
 -2.2119e+00   1.8589e+00
  1.8589e+00  -5.2484e+00
 -2.5255e+00   5.0631e+00
  7.0733e+00  -1.3938e+00
  6.2225e+00  -5.8000e+00
  2.2943e+00   1.7382e+00
  1.2381e+01   8.0683e+00
 -3.2219e+00  -3.8238e+00
 -3.1699e+00  -9.1386e-01
 -1.3275e+00  -1.0416e+01
 -2.5384e+00  -8.2836e+00
 -1.1784e+00   5.4396e+00
  3.5142e+00  -5.0541e+00
  2.4254e+00  -1.6722e+00
  2.2797e+00   2.9539e+00
 -8.2955e-01  -3.8513e+00
  1.0321e-01   8.0300e+00
 -2.3591e+00  -4.6126e+00
  2.6696e+00   1.9817e+00
 -6.8471e+00  -4.9580e+00
  1.1261e+00   4.4206e+00
  4.3431e+00   5.8984e+00
 -4.0443e-01  -7.6314e+00
 -2.8178e+01   7.3075e+01
 -1.0997e+00  -7.3799e+00
 -1.3911e+01   2.8861e+01
 -2.0005e+00   6.2117e+00
 -7.3980e+00   2.1539e+00
 -2.1567e-01  -2.3183e+00
  8.3830e+00  -3.4610e+00
  4.3503e+00  -1.3403e+00
  1.4189e+00  -4.5536e+00
 -3.0344e+00   8.6636e+00
 -8.9552e-01  -2.2143e+00
  7.9470e-01   6.5998e+00
 -1.4082e+00   3.4301e+00
  5.3352e+00  -2.4783e+00
 -1.0736e+00  -9.1278e+00
 -1.5737e-02   3.3048e+00
 -6.6719e+00  -1.0100e+02
  8.1317e+00   1.8588e+00
  2.5752e+00  -1.9918e+00
 -5.8486e+00  -4.5965e+00
 -3.4174e+00   6.4448e-01
  6.2321e+00   6.1328e+00
  1.8343e+00  -4.6779e-01
  4.7391e+00   1.1967e+00
  1.7900e+00   2.4882e-01
  7.4275e+00  -4.3069e+00
  2.8101e+00   2.0317e+00
  1.2830e+01   2.6975e+00
 -2.5964e+00  -3.4799e+00
 -4.1251e+00   4.4773e-01
 -1.1611e+00   1.1982e+00
  2.5096e+01  -2.0437e+01
 -4.2525e+00   4.4705e+00
  6.9962e+00   4.5092e-01
 -5.1933e+00   3.8927e+00
 -1.7703e+00  -2.2417e-01
  4.3099e+00   1.0255e+00
 -3.6999e+00   2.6989e+00
 -2.9443e-01  -9.3369e+00
  1.2748e+01   1.6120e+00
  3.0845e+00   2.6793e+00
  1.1318e+01   3.9087e+00
  9.6302e-01   1.5600e+00
  4.9343e-01   2.1497e+00
 -1.2779e-01   1.7296e+00
 -3.1966e+01  -1.0592e+01
 -6.3204e-01  -3.9217e+00
  6.4592e+00  -1.0189e+00
 -2.0391e+00   6.2875e+00
 -2.1746e+00   1.9101e+00
  3.7487e-01  -1.1806e-01
  5.9656e+00  -6.3940e+00
 -3.6191e+00   2.2790e-01
  5.7027e-01  -3.6322e+00
  8.6413e+00   3.3907e+00
 -6.0059e+00   3.1812e+00
 -2.4077e+00  -1.6191e+00
  2.0349e+00  -9.1680e+00
 -5.5471e+00   5.5253e+00
  4.0149e+00   2.7222e-01
 -3.6649e+00   6.4594e+00
  5.9086e-01  -2.7344e+00
 -7.9444e+00   1.2601e+00
 -2.3152e+00  -6.8216e-01
 -3.3659e+00   1.4380e+00
 -7.1849e+00  -1.0656e+00
  2.9538e+00  -1.9813e+00
  5.3764e+00  -5.1069e+00
  3.7623e+01  -9.6751e+00
 -2.4061e+00  -5.6696e+00
  5.7663e+00   4.6014e+00
 -1.7771e+00   7.0963e+00
 -1.6996e+00  -1.0005e+01
  1.4407e+00   4.8859e-01
  8.0868e+00   6.2029e-01
 -5.4735e+00   5.8060e+00
 -4.3262e-01   6.9226e-01
  3.3263e+00  -3.4862e+00
  4.2619e+00   5.2372e+00
 -8.1259e-01   3.1817e+00
 -3.1467e+01  -2.9517e+01
  3.1630e+00   2.6014e-02
  8.7642e-02  -1.3328e+00
  2.2827e+00  -7.5870e-01
  2.6081e+00  -2.5293e+00
 -2.8737e-01   9.6445e-01
 -5.3671e+00   8.3904e-01
 -4.8539e+00  -7.1032e+00
  3.1379e+01   2.2423e+01
  4.9971e-01   2.0134e+00
 -4.1974e+00   3.7515e+00
  7.1912e-01   3.9663e+00
  7.7638e-01   7.8352e-02
  2.6896e+01  -4.4258e-01
 -2.1069e-01  -3.3172e+00
  4.5956e+01  -2.9727e+01
  9.8477e+00  -5.7403e+00
 -1.6688e-01  -1.0612e+00
 -1.9506e+00  -8.0347e+00
  3.9771e+00   7.0506e+00
 -2.7715e+00   7.7211e+00
 -2.1399e+00  -2.2125e+00
  1.5991e+00   1.2913e+01
 -7.8395e+00   2.2673e-01
 -1.8328e+00   9.8198e-01
  7.7679e-01   6.3022e+00
  4.0419e+00  -2.2892e+00
 -1.5132e+00   6.0285e+00
 -4.3923e+00   4.6032e+00
 -1.0014e+01   6.9810e+00
 -1.5722e+00   8.6337e-01
 -7.2211e+00   5.1321e-01
 -4.8503e+00   4.2990e+00
  4.6327e+00   6.6193e+00
 -4.5470e+00   7.7876e+00
 -2.4439e+01   1.5346e+01
  1.9880e+00   3.7056e-01
  4.1132e+00  -1.3354e+00
  8.9048e-01   1.5746e+00
  8.4134e+00   1.5026e+01
  8.8453e+00   1.6771e+00
 -1.8437e+00  -6.1225e+00
  2.5695e+00  -1.0303e+01
  6.4053e+00  -4.2348e+00
 -5.1618e+00   7.5888e+00
  5.7351e+00   3.5124e+00
 -1.8557e-01   3.0526e+00
 -6.0180e+00  -1.9893e+00
 -2.5156e+00   7.7531e-01
  2.9757e+00  -1.3539e+00
  8.4432e+00   1.8343e+00
 -7.0007e+00   2.9617e+00
 -2.8942e-01  -2.6713e+00
  2.7659e+01   7.3886e-01
  7.2274e-01   8.2873e-01
  1.1253e+00  -3.9323e-01
  2.6298e+01   2.9097e+01
  4.3171e+00  -4.6632e+00
  2.9434e+00  -4.0867e+00
  6.2630e+00  -4.4255e+00
 -8.0720e-01   1.7975e+00
  4.2197e+00  -3.9981e+00
  3.4085e+00   8.8815e-01
 -6.0854e+00   4.6385e+00
  3.0411e+00   1.5741e-01
 -2.2697e+00  -3.0451e+00
  8.1842e-01  -6.2794e+00
  1.9127e+01  -5.1316e+00
  7.0292e+01   8.1546e+01
 -3.3072e+00  -5.0649e+00
 -8.7801e-01  -2.7820e+00
 -4.6400e-01   1.7520e+00
  4.0425e+00   3.0442e+00
 -9.1635e-01   3.1246e+00
 -2.6129e+00  -2.8090e+00
  2.2257e+00  -7.3989e+00
 -2.6190e-01   1.8559e-01
  1.9758e+00   4.2741e-01
  3.8096e-01   3.7349e-01
 -7.7612e-01  -4.6793e+00
 -6.9718e+00   2.0320e+00
 -1.3938e+00  -2.6451e+00
 -1.7141e+00  -2.5342e+00
  2.6144e+00   5.8205e-01
  1.8986e+00   4.3841e+00
  6.6067e-01  -2.6863e+00
 -1.7151e+00   3.8864e+00
 -5.6062e+00  -6.5137e+00
 -2.5127e+00  -3.6801e+00
  2.5270e+00   2.6238e+00
 -1.3927e-01  -2.4939e+00
 -6.3936e+00   6.1288e+00
 -3.4417e+00   7.9958e+00
  1.5351e+01   4.4034e+00
  1.8650e+00  -7.6871e-01
 -4.5640e+00   7.9966e-01
  2.0673e+00   4.2875e+00
  5.2245e+00  -7.8970e-01
  2.3310e+00   7.3022e-01
  3.5942e+00   1.2735e+00
 -2.7067e+00   4.1648e+00
 -8.1243e-01  -6.6509e-01
  1.1932e+01  -1.0300e+01
  7.3785e+00  -4.3877e+00
  4.0523e-01   8.0452e+00
 -8.8353e-01   6.8107e+00
  6.2044e+00   1.0154e+01
 -7.1858e+00   4.9848e+00
 -5.7313e+00   7.9860e-01
 -7.3770e+00   2.0246e+00
 -1.5011e+01  -1.4776e+01
 -1.0931e+01  -2.0985e+01
  1.1708e+00   2.5294e+00
  3.4901e+00   3.5729e+00
 -7.4107e-01   6.4326e+00
 -1.7615e-01  -2.6698e+00
  1.0253e+00  -1.2603e+00
  2.6406e+00  -5.5021e+00
  7.6434e+00  -9.5455e-01
  8.0193e+00  -1.1473e+00
  2.2986e+00  -4.1214e+00
 -5.1822e+00  -3.0184e+00
 -4.8105e+00  -7.8525e-02
  4.0587e-01   2.1788e-01
 -4.2534e+00   6.2273e+00
 -4.6880e+00  -7.5400e+00
 -1.6276e+00  -1.1657e+00
  4.8169e+00  -4.7042e+00
 -8.1614e+00   1.7495e+00
 -4.2319e+00   5.8838e+00
  8.5602e+00  -9.4368e+00
 -2.6555e+00   3.2133e-01
 -1.1200e+00  -9.6984e-01
  1.7030e+00   4.0311e+00
  9.8036e+00  -9.2812e+00
 -4.5212e-01   3.1426e+00
 -2.8655e+00  -1.7934e+00
  1.1660e+00   2.1400e-01
 -3.5312e+00   3.0366e+00
 -2.4145e-01   3.0843e+00
 -2.6602e-01   2.6929e+00
  5.9065e+00   7.2295e-01
  4.9506e+00   1.4603e+01
  5.2162e+00  -1.3357e+01
 -1.1358e+01   7.2773e+00
 -9.6869e+00   6.7142e+00
 -2.9362e+00   6.0475e-01
  8.5240e+00  -5.6719e-01
  7.2152e+00  -5.0104e+00
 -4.4903e+00   4.3595e+00
 -5.9041e+00  -8.0070e-01
  9.8075e+01   1.1093e+01
 -2.1561e+02  -7.7798e+02
 -1.3134e+00   2.3810e-01
  2.2719e+01   1.0572e+00
 -1.8501e+00  -2.6061e+00
 -2.0014e+00   6.6614e+00
  2.3189e+00  -1.0480e+01
 -6.7023e+00  -3.0149e+00
  7.5695e+00   4.8361e+00
  2.2292e+00   1.1894e+00
  8.6929e+00   3.2979e+00
 -1.5511e+00   1.0176e-02
  3.4543e+01   3.9578e+01
  7.8982e+00   4.3010e-03
  3.8861e+00  -5.9251e+00
 -5.4771e+00   6.9516e-01
  9.8535e-01  -8.7889e+00
 -1.3659e+01   7.8753e+00
  2.2179e+00  -1.6860e+00
  2.4354e+00   3.2443e+00
 -1.5116e+01  -6.8710e-01
 -1.6270e+00  -4.3239e-01
 -9.3134e-01   2.0985e+00
 -5.6788e+00   8.7002e+01
  8.8844e+00   1.1938e+01
  2.9956e-01   1.3434e+00
  8.3100e+00   1.0716e+00
  1.6478e+00   3.4538e+00
  8.7816e+00   1.2270e+00
  2.7438e+00   5.8150e-01
 -4.5392e+00  -6.5684e+00
 -7.1449e+00   1.9921e+00
  3.8114e+00   2.8036e+00
 -1.1312e+00  -1.8089e-01
 -2.3967e+00  -8.9571e+00
 -6.0069e+00   1.8326e+00
 -6.0213e+00  -1.9711e+00
  2.1186e+01  -8.1330e+00
 -2.6839e+00  -2.6521e+00
  7.5678e-01   1.2693e+00
  4.1990e+00   4.7782e-01
 -4.3238e+00  -2.2667e+00
  2.0870e+00  -2.6763e+00
 -4.2651e+00  -7.7109e+00
  3.4257e-01  -1.3132e+00
  1.8312e-01   1.6404e+00
 -4.2698e+00   6.9277e+00
 -5.5867e+00  -9.7303e+00
  2.0393e+00  -2.9801e+00
 -9.0462e-01  -1.8072e+00
 -2.8716e+00   5.3241e+00
  4.2900e+00  -1.9002e+00
  2.3774e+00   3.7620e+00
  5.2516e+00  -6.2051e+00
 -4.8092e+00   4.8208e+00
 -5.3606e+00  -4.2075e+00
  6.1153e+00   1.8686e+00
  8.7634e-01   4.4995e+00
 -5.8252e+00  -7.2673e+00
  8.4393e-01   3.9773e+00
  5.3260e+00   2.6620e+00
  1.0737e+00  -3.9306e+00
 -4.2334e+02  -8.6559e+02
 -1.0878e+00   3.2642e+00
 -7.9197e-01  -1.4263e+00
  9.2814e+00  -2.7958e+00
 -4.2487e+00  -1.5796e+00
 -4.0847e+00  -4.9463e+00
  9.7330e-01  -8.8664e+00
 -1.8856e+00  -7.5204e+00
 -2.4345e+01   2.1113e+00
  5.8007e+00   3.5772e+00
 -4.8511e+00  -3.2308e+00
  2.7980e+02   5.8784e+00
 -1.3050e+00   1.0886e-01
  1.2268e+00   5.6375e+00
  2.9081e+00   3.4656e+00
 -2.5270e+00  -8.2833e+00
  1.4209e-01  -5.4162e+00
  3.9000e+00   2.9273e+00
  1.7560e+00   3.6784e+00
 -3.6956e+00   1.0163e+00
  6.8896e+00   6.7095e-01
 -1.5641e+00  -2.0079e+00
  4.6359e+00  -2.5635e+00
 -4.7932e-01  -8.2351e-02
  1.4807e+00   3.7773e+00
  3.7047e+00   1.6627e+00
 -6.3148e+00   3.0874e+00
 -6.7221e+00   6.3195e-01
 -8.4343e+01  -7.4953e+01
 -3.6322e+00   8.1563e+00
 -1.4927e+00  -8.5824e+00
 -1.8176e+00   4.7233e+00
 -2.7069e+00  -3.2602e+00
  3.6099e-01   2.2728e+00
 -7.4350e+00  -1.1579e+00
  8.7847e-01   1.9425e+01
 -2.6949e+00   7.5989e+00
 -2.6926e+00   8.5590e-01
 -6.0729e-02  -4.5515e+01
  5.7722e+00   4.9729e+00
  3.3035e+00   5.1406e+00
  1.5001e+00  -4.9070e+00
 -7.6056e+00  -1.3167e+00
 -3.4951e+00   2.1258e+00
  1.2467e+00  -2.6028e-01
  1.2701e+00  -1.1310e+00
  5.7162e+00   6.7079e+00
  2.8068e+01   5.4358e+00
 -1.7520e+00  -8.5458e+00
 -6.9896e-01   1.7234e+00
  5.7693e+00  -6.1071e+00
 -5.5364e-01   2.7113e+00
  1.0557e-01   1.3816e-01
  6.3343e+00   3.2024e+00
 -9.2399e+00   5.3324e+01
 -2.2480e-01   1.0544e+01
  6.2667e+00   8.3209e+00
 -5.4863e+00  -4.8876e+00
  3.1907e+00   5.1463e+00
 -6.7612e+00  -2.5825e+01
 -6.4342e+00  -2.5506e+00
 -5.7019e+00  -9.5162e-01
 -2.0249e+00   3.1818e+00
  3.2407e+00  -3.7748e+00
 -2.2963e-01  -1.3113e+00
 -3.9081e+00   1.8729e+00
 -8.4452e-02   8.2578e+00
 -5.2744e+00   7.2854e-01
  2.2348e+00  -3.7816e+01
 -7.4432e+00  -1.0675e+01
  7.1014e+00  -4.1241e+00
 -3.4067e+00  -3.4700e+00
  1.3889e+01  -2.6598e+00
 -4.4929e+00  -5.3022e+00
  5.8801e+00   6.4788e-01
  1.2222e-01  -3.6034e+00
 -2.9102e+00   2.6258e+00
 -2.1456e+00   9.2755e+00
 -3.3883e+00  -1.2631e+00
  6.0644e+00  -4.6852e-01
  1.7400e+00  -4.2120e+00
 -3.2275e+00  -1.7712e+00
  8.4666e+00   1.1964e+00
 -1.0443e+01   1.6874e+00
 -3.7207e+01   2.7801e+01
 -3.9096e+00  -3.8710e+00
 -4.4122e+00  -7.9822e-02
 -1.0305e+00  -4.4365e-01
 -2.7753e-01  -9.3618e-01
 -8.3041e+00   2.7706e+00
  1.3268e+01   3.9166e+00
 -3.5512e-01  -6.9820e-01
  2.6319e+00   2.0625e+00
  4.9935e-01   2.7266e+00
 -5.9792e+01   1.8264e+01
 -1.6095e+02  -1.6669e+02
  1.3278e-01  -1.5672e+00
  7.6658e+00  -1.8889e+00
 -9.9498e-01  -3.0178e+00
 -7.8485e-01  -2.8219e+00
  1.4712e+00   4.1303e-01
  1.2131e+00  -1.3398e+00
 -1.4998e+00   6.0038e-01
 -9.6088e+00  -9.6797e+00
  9.0601e+01   8.3593e+01
 -2.6077e+00   3.3417e+01
  1.0200e+01   2.4166e+00
  8.9737e-01   2.9766e+00
 -1.7853e+00  -3.4951e-01
 -2.8187e+01  -4.3657e+01
  1.3254e+00  -3.5054e-01
  4.3648e+00  -4.0498e-01
 -3.1919e+00   2.5070e+00
 -2.8385e+00   5.9083e+00
  1.2267e-01   1.4794e+00
 -3.1684e+00  -2.9534e+00
  5.4348e+00  -7.2809e+00
 -9.9572e-01   1.9483e+00
 -3.8085e+01  -3.2243e+01
  2.4561e+00  -7.6588e+00
 -2.8838e+00  -5.0078e+00
 -1.1094e+00   3.8943e+00
  1.9814e-01  -2.6264e+00
 -7.5839e+00  -2.5370e+00
  1.6916e+00   4.9098e+00
  5.9524e-01  -8.7103e+00
 -2.4318e+00  -1.1649e+00
  4.2265e+02   8.6712e+02
  1.2452e+00   2.6929e+00
  5.5551e+00   5.2701e+00
 -5.6833e+00   5.8540e+00
  1.4304e+00   4.1662e+00
 -4.8447e+00   2.1873e+00
 -4.7336e+00   7.5344e+00
 -1.4772e+00   1.1622e+00
 -8.4488e-02  -4.9093e-01
 -4.5841e+00   9.1923e-01
  9.6275e-02  -9.3783e-01
  6.8307e+00   3.0251e+00
 -5.0917e-01   8.5640e-01
 -2.4230e+00   2.9172e+00
 -5.5561e+00  -3.0970e+00
 -2.8849e+02  -8.7653e+00
 -2.8457e+00  -2.0852e+00
  1.7298e+00   9.2448e+00
  2.8890e+00  -6.4040e+00
 -2.5147e+00  -2.4911e+00
 -3.8882e+00  -4.4819e+00
 -1.0825e+00  -1.9250e-01
 -3.8991e+00   2.1191e+00
 -1.1889e+01  -1.4508e+00
 -8.0905e+00  -6.6964e+00
 -9.3740e+00  -4.2170e+00
  7.6655e+00   4.1089e+00
  4.7542e+00   2.0437e+00
  6.4220e+00   6.3808e-01
 -1.4350e+00  -2.2541e+00
 -8.5453e+00   1.5151e-01
  1.4718e+00  -2.1639e+00
  2.9249e+00  -3.1694e+00
  3.9608e+00  -2.6930e+00
 -6.1323e+00   5.8753e+00
 -1.4081e+00   6.5419e+00
  6.4309e+00   4.8356e+00
  7.0098e+00   1.3863e-01
  4.8347e+00   5.6312e+00
  3.1351e+00  -1.5923e+00
 -4.0058e+00  -5.4753e-01
  4.2818e+00  -3.7872e+00
 -1.2210e+00   1.1929e+00
 -7.4222e+00   1.8844e+00
 -1.1891e+00  -5.7157e-01
 -5.9019e+00   3.9478e+00
  6.9000e-01  -1.2063e+00
 -6.5181e+00  -3.2191e+00
 -3.1506e+00  -4.7053e+00
 -6.7602e+00   2.2308e+00
 -4.6335e+00  -6.3445e+00
  7.3472e+00   5.5269e+00
  4.0520e+00   2.3779e+00
  1.4156e+00  -6.9175e+00
 -3.7714e+00   4.7090e-01
  1.2310e-01   9.6546e-01
 -8.7341e+00   1.8186e+00
  1.4730e+00  -3.2706e+00
  8.2111e-01   1.2641e+00
 -5.5242e+01   1.0003e+02
  9.0674e-01   4.6865e+00
  3.8820e+00  -1.4275e-01
  5.4974e+00  -1.4109e+00
 -1.5635e-01   8.2420e-02
 -1.8093e+00   2.3316e+00
  7.2153e+00   3.6675e-01
 -4.5436e+00  -3.2036e+00
 -7.5708e+00  -8.9398e-01
 -6.1006e+00  -6.7412e+00
  1.7242e+00  -4.1872e-01
  3.4595e+00   3.5828e+00
 -2.6137e+00  -1.8642e+01
  9.1219e-01   3.4400e+00
  9.2859e-02   3.0207e+00
  4.5207e+00  -5.7289e-01
  1.0509e+01   4.3194e+00
  2.1907e+00   5.4360e-01
 -3.4219e+00   1.2901e+00
  4.0484e-01   1.8288e+00
  9.6347e-01  -3.9458e+00
 -5.6062e+00   6.0980e+00
  5.0666e+00  -7.0529e-01
  4.6596e+00   1.5428e+00
 -2.4601e+00  -3.3041e+00
  5.7607e+00   1.0627e+00
 -3.7782e-01   4.7862e+00
  3.1455e+00   7.9847e+00
  3.6346e+00   6.5610e+00
 -7.8921e+00   1.8727e+00
  3.2948e-01   3.6200e+00
 -4.2365e+00   5.3328e-01
 -9.4600e+00   6.0955e+00
 -6.9518e+00  -2.5278e+00
 -2.2953e+01   4.8005e+00
  9.0800e+00   1.2666e+00
  2.2735e+00  -1.0373e+00
  4.0179e+00   2.9563e+00
  1.3380e+00   5.0952e+00
 -3.0726e+00  -4.9384e+00
  4.6894e+00  -1.8424e+00
  6.8105e+00  -8.8450e+00
  2.5342e+00  -4.2297e+00
  6.3016e-01  -1.1903e+00
 -4.9697e+00  -2.2224e+00
 -3.1482e+00   3.5258e+00
 -1.9094e+00   6.1522e+00
 -3.2745e+00  -1.6956e+00
 -2.3822e+00   7.9477e-01
  4.9551e+00  -6.7144e+00
 -1.2650e+01  -4.3416e+00
 -2.6101e+00  -1.2474e+00
 -9.6164e+01   8.9412e+01
 -7.7244e+00  -5.3414e+00
 -7.5319e+00   2.3401e+00
  2.6241e+00   5.3609e+00
 -3.6472e-01  -3.1004e-02
 -1.2824e+00   2.3712e+00
  6.1552e-01  -2.5688e+00
  5.0905e+00   3.5702e+00
 -4.1521e+00   7.5936e+00
 -1.7936e-01  -1.2192e+00
 -2.2776e+00  -7.0289e+00
  1.8114e+00  -7.7348e-03
 -1.2396e+00   8.5130e+00
  3.6189e+00   1.2924e+00
 -8.2120e+00  -2.8107e+00
  6.8749e-01  -1.2753e+00
  3.1284e-01  -7.9977e+00
 -7.0647e+01  -7.9605e+01
  4.1665e+00   3.4468e+00
  5.5576e+00   5.1005e+00
 -1.3528e-01   5.1149e+00
  1.4560e+00  -8.4011e+00
 -5.9244e+00   2.6600e+00
  3.5615e+00  -2.4484e+00
 -1.1258e+01  -1.7765e+01
  6.8307e+00  -9.0127e-01
  5.6878e+00  -5.4672e+00
  6.1631e+00  -2.6084e+00
 -6.6097e+01  -1.5201e+01
  9.3629e-01   5.3332e-02
 -4.2189e+00  -1.3899e+00
  7.1163e+00   5.4865e+00
 -2.4999e+00  -2.9599e-01
  5.6104e+00  -5.1541e+00
 -3.6950e+00   1.2629e+01
  4.6273e+00   1.0938e-01
 -2.1114e+00   2.4469e-01
 -8.2639e+00   3.7598e+01
 -1.8939e+00   2.1807e+00
  1.1800e+01  -8.0374e+00
  2.7660e+00   3.4330e+00
 -2.4461e+00   9.5708e-01
  8.3970e+00   8.0276e-01
 -1.5625e-01  -1.2531e+00
 -5.0029e+00  -6.1682e+00
 -8.7766e-01  -5.8406e+00
  1.9486e+00   1.2312e+01
  2.1616e+00   1.0024e+00
 -6.5028e+00   4.1903e+00
 -5.9657e+00  -3.1933e+00
 -1.7664e+00   6.9085e-01
 -6.5674e+00   5.4463e+00
 -5.5894e-01   8.3797e+00
  2.5270e+00   1.9260e+00
 -9.1144e+00   3.7677e-01
 -6.5768e+00   1.9634e+00
  5.0664e+00   1.5566e+00
 -1.6221e+00  -7.1611e+00
  2.5561e+00  -3.3384e+00
  1.6787e+00   2.8635e+00
  6.8518e+00  -1.2043e+01
  7.5322e+00   3.0248e+00
  3.3636e+00   9.8528e+00
 -2.3491e+00   7.7023e+00
 -4.1528e+00   4.6559e+00
  3.1648e+00   5.3069e+00
 -1.4816e-01  -4.5983e-01
  5.2073e+00   4.3887e+00
  8.9709e-01  -1.0828e+00
  3.1111e+00  -7.7455e+00
  3.9283e+00   2.3033e+00
 -5.8333e+00  -4.3668e-01
  1.7303e+00  -3.6707e+00
  9.0225e-01  -2.1866e+00
 -2.4207e+00  -3.2559e+00
 -5.8889e-01   5.7217e+00
 -8.4457e-01   5.2272e+00
  4.7580e+00  -7.5691e-01
  7.9411e+00   3.6761e+00
  3.1341e+00  -5.5918e+00
  1.9595e+01  -3.0575e+01
 -3.5068e+00   5.4509e-01
  1.3755e+00  -2.8387e+00
 -1.9174e+00  -9.5703e-01
  8.5358e+00  -2.6223e+00
 -6.7149e+00  -2.6068e+00
 -8.3748e-01  -5.5882e+00
 -2.9491e+00   2.4302e+00
 -2.2179e+02  -9.9886e+00
 -5.0399e+01  -1.1700e+00
 -1.3278e+00  -1.2853e+00
 -5.7971e+00  -4.1398e+00
  4.7767e+00  -4.3045e+00
  7.5221e+01  -8.9422e+01
  2.8164e+00  -4.3658e+00
 -4.1996e+00   3.7506e+00
 -9.8794e+01  -3.8305e+00
 -7.0063e+00   9.5022e-01
  6.8572e-01   4.9937e+00
 -3.0555e+01   6.4873e+01
  3.0065e+00   5.2239e+00
 -7.4022e+00  -3.4930e+00
  6.0932e-01  -3.2057e+00
 -1.5968e-01   9.4260e-01
  1.7686e+01  -4.8318e+01
 -5.2100e-01  -9.9991e-01
 -2.2916e+00   4.3628e+00
 -3.1263e+00  -5.2030e+00
 -1.0481e+01  -1.1592e+01
 -1.7757e+00  -1.0147e+00
 -1.4821e+00   5.3794e+00
  5.4887e+00   2.8638e+00
  9.1927e-02   3.8557e+00
  1.1753e+00  -6.0332e+00
  7.9897e-01   3.2645e-01
  1.5709e+01   1.4466e+01
  4.8355e+00   2.8661e+00
  3.8547e+00   2.0919e+00
  3.2398e+00   8.1623e+00
  2.7397e+00   6.6857e+00
  2.7221e+00   2.1024e+00
  5.7533e+00   9.3290e+00
  5.8223e+00  -2.6827e+00
 -1.5845e+00  -2.4648e+00
 -3.3412e-02   1.6597e+00
  8.6024e+00   2.3137e+00
 -1.2212e+00  -4.2956e+00
 -5.1715e-01  -6.1777e-01
  8.9844e+00   5.3743e-01
 -2.9899e+00   4.3418e-01
  7.5407e+00   2.1211e+01
  6.2542e+00   2.6054e+00
 -9.4525e+00  -1.7490e-01
  1.0678e+00   7.9413e-02
 -4.3389e+00   4.4446e-01
 -3.8985e+00  -3.2288e+00
 -1.8217e+01  -6.7449e+00
  1.6516e+01  -8.3786e+01
  5.7143e+00   5.8839e-01
 -8.4108e+00  -1.0972e+00
 -7.2779e-02  -3.7247e+00
 -1.0561e+01  -1.5977e+00
 -3.9917e+00   2.1227e+00
  2.5943e+00  -6.7203e+00
  1.6313e+00  -1.7394e+00
 -6.2038e+01  -1.8801e+02
 -4.6779e+00   1.1051e+00
 -4.1065e+00   6.1375e+00
 -5.7219e+00   5.3048e+00
 -8.6017e+00  -2.4398e+00
 -2.4609e+00   1.0419e+00
 -1.7683e+00  -7.4896e+00
 -2.9696e+01   2.1736e+01
  3.5995e+00   6.0480e+00
  4.5636e+00  -3.6267e+00
  3.1999e+00   3.9653e+00
  7.4432e+00   5.3929e-01
 -2.1165e+00   5.6627e+00
  2.4568e+00   5.8629e+00
  3.9337e+00  -2.6718e+00
  1.4506e+01  -6.5710e+01
 -6.2743e+01   2.9933e+01
  5.2626e-01   6.1253e+00
  2.6447e+00  -1.2134e+00
 -8.0182e+00   1.3718e+00
  2.6159e+00   9.2171e-01
  1.1903e+00  -1.5967e+00
  8.5422e+00  -3.9141e+00
 -1.8520e+00   3.1575e+00
  3.4125e+01   4.3241e+01
  4.9391e+00   6.2730e+00
 -1.5133e+00   1.5283e+01
  2.4791e+00   6.4432e+00
 -2.9344e+00  -7.2618e+00
  3.3298e+00  -6.3341e+00
  5.2099e+00  -3.4142e+00
 -3.1604e+00  -4.2345e+00
  2.2127e+02   7.6590e+02
  5.0664e-02  -1.0217e+00
 -2.3622e+00  -3.9926e+00
 -4.7306e+00  -2.7822e+00
  8.9041e-01  -6.2703e+00
  1.7008e+00   2.1510e+00
 -5.0621e+00   1.5997e+00
  8.4520e+00   8.5697e-01
  3.6077e+00   2.0275e+01
 -2.9766e+00   9.3648e-01
 -5.7258e+00   2.2204e+00
 -8.6897e+00  -3.5172e+00
  1.6153e+00  -1.3125e+00
 -1.3606e+01   4.3255e-01
  3.2877e+00  -1.2640e+01
 -7.6895e-01  -1.9477e+00
 -3.4925e+00   1.0448e+00
 -7.8748e-01   7.0086e-01
  4.2267e+00  -5.7233e+00
 -1.1530e-01  -3.3776e-01
  4.9424e+00  -1.9621e+00
 -3.8461e+00  -7.5345e-01
 -3.3568e+00   3.7459e-01
 -3.2482e+00   2.6697e+00
