  3.7974e+00  -1.0936e+01
  3.7977e+00  -5.3408e-01
  7.6012e+00   1.4741e+01
 -7.6537e-01  -1.8553e+01
 -1.3907e+02  -1.6827e+02
 -8.2642e+00  -2.4771e+01
 -1.0808e+00   3.0561e+00
 -4.8502e+00   6.1891e+00
  2.4247e-01  -2.8939e+00
 -1.6119e+00  -1.6081e+00
 -4.4925e+00  -4.9942e+00
 -1.3399e+01  -1.7292e+01
  1.9201e+01  -1.2411e-01
 -1.2653e+02  -7.0434e+00
  1.5249e+01   2.6001e+01
 -2.2773e+01  -3.3041e+00
 -4.6854e+00  -7.5088e+00
  3.0314e+01   2.1240e+01
 -5.0754e+00  -5.6281e+00
  2.8193e+00  -7.7105e+00
  5.9122e+01   1.3264e+01
 -2.2805e+01   1.0835e+01
  1.3524e+01  -7.9945e+00
  1.8727e+00   2.6588e+00
 -5.5767e+01  -2.4372e+01
  3.7834e+00  -1.1483e+01
  2.4248e+02   6.4993e+01
 -3.1091e+02   8.0831e+02
  4.8907e+02  -3.1071e+02
 -1.6382e+00   1.7435e+01
  7.6563e+00  -4.6317e+00
  1.4129e+00   3.6440e+01
  2.2009e+00   1.4437e+00
  6.6593e+01   3.2388e+00
  1.2453e+01  -1.3092e+01
  4.7704e+00  -2.1005e+00
  9.6319e+01   1.9754e+02
  3.9311e+00  -2.8760e+00
 -5.5053e+00   4.5394e+00
 -8.8939e+00   3.5057e+01
 -1.8482e+01   1.5586e+01
  1.5123e+00  -1.5470e+01
 -1.3976e+01  -2.2345e-01
  1.0087e+01   3.0514e+00
 -1.3197e+02  -5.1190e+01
 -3.9508e+01  -1.4164e+01
 -2.8609e+00  -2.6438e+01
 -2.9818e+01  -2.8476e+01
 -2.8130e+00  -6.3603e+00
  3.4196e+01  -1.1335e+01
 -3.3445e+01   3.4838e+01
  5.7595e+00  -7.6906e-01
  8.6286e+00   1.0720e+01
  6.1655e+00   3.8794e+00
 -1.5242e+01  -5.4495e+00
 -8.1814e+00   1.0178e+01
 -9.7193e-02   2.6007e-01
 -8.8976e+00  -3.0812e+00
 -8.4183e+01   2.1465e+01
  1.8706e+01   4.4383e+01
 -1.1082e+01   3.8891e+00
 -6.1975e+01   5.1628e+00
 -7.5769e+00   2.1056e+00
  7.1542e+01   3.2214e+02
  1.5902e+00   2.6085e+01
 -3.8032e+00  -7.1501e+00
  2.1549e+00   2.5168e+00
  1.7986e+00  -6.6196e+00
  9.7266e+02   2.7835e+01
  1.0809e+01   1.5136e+01
  7.2656e+00   1.3849e+00
  3.5795e+00  -8.2151e-01
  6.8337e+00  -4.4685e-01
  2.4761e+01  -2.0440e+01
  2.4242e+02  -1.0185e+02
  3.1870e+01  -1.6467e+01
 -6.5063e+00   1.0975e+01
  1.3004e+01  -2.2029e+01
 -3.4393e+00   8.3250e+00
 -2.2446e+01   4.5276e+00
  1.6251e+01  -2.9893e+01
 -8.5954e+00  -4.7488e+00
 -2.9733e+01  -6.4967e+01
 -2.4496e+00  -1.5030e+00
  1.8676e+01   1.4714e+01
  8.1750e+00  -1.1251e+00
  5.4858e+01   1.0775e+02
 -1.1544e+00  -7.4314e+00
  6.2745e+00   8.0065e-01
 -1.6753e+01   1.3604e+01
  9.6134e+00  -1.5839e+00
  5.3410e+00   3.4677e+00
 -1.1179e+01  -2.3553e+00
  1.5600e+01   1.3204e+01
  2.7692e+00   4.9157e+00
  3.8854e+00  -5.7569e+00
  4.1617e+01  -2.3649e+01
  2.3767e+00  -2.8633e+01
 -3.7673e+00   5.7440e+00
 -5.7134e+01  -2.8968e+01
 -5.5697e+00   7.8396e+00
 -1.7438e+01   1.4471e+02
  1.2349e+00   4.7252e-01
 -3.6913e+00  -1.5533e+00
  2.4265e+00  -8.8130e-01
 -8.6614e+00   1.2512e+00
 -1.6965e+01  -2.3108e+01
  1.6674e+01   4.0121e+01
 -2.7216e+01   1.5251e+00
  4.3650e+00  -8.9662e+00
  3.6779e+00  -4.6165e+00
  1.5082e+00  -5.6563e+00
 -7.8793e+00   1.1073e-01
  4.4268e-01  -5.5775e+00
 -5.0600e+01   2.9851e+01
 -7.8269e+00  -9.5297e+00
 -7.5600e+01  -4.9599e+00
 -1.3230e+01   1.5483e+01
 -4.8686e+01   1.3617e+01
  4.3328e+00   2.5495e+00
 -5.1205e+00   5.3250e+00
  3.5048e+00   3.3906e+00
  1.0745e+01  -2.4723e+01
  7.8950e-02  -7.9791e+00
 -5.2012e+00   1.4890e+00
 -7.4176e+00   2.4566e+00
 -2.5984e+01   2.1255e+01
 -1.7235e+01  -1.3505e+00
 -3.9101e+00  -2.0739e+00
  3.6713e+01  -2.0127e+01
  2.3962e+01  -4.8146e-01
  3.4036e+00  -1.1214e+00
  2.7111e-01   1.2482e+00
  1.9811e-01  -7.9650e+00
  1.6920e-01   1.9737e+00
 -1.7421e+00   5.1642e+00
 -3.9417e+00   1.2680e+01
 -1.3601e+01   1.5314e+01
 -2.7738e+00  -3.0544e+00
  1.0557e+01   6.6131e+00
  1.6364e+00   5.3597e-01
  1.6336e+00  -6.8762e+00
  1.2334e+01  -6.1333e-01
  2.5732e+00  -6.0172e+00
 -3.6568e+00  -1.1359e+01
  6.6769e+00  -1.7921e+01
  5.5015e+00  -1.7810e+00
 -1.8731e+00   3.2377e+00
  1.5369e+00  -8.9097e-01
 -9.9764e-01   2.9676e+00
 -1.0454e+01  -3.3813e+01
 -5.3971e+00   3.7609e-01
  8.6480e+00   8.6294e+00
 -2.8832e+00   2.9413e+00
 -1.0570e+01  -9.2448e+01
 -1.7494e-02   3.4193e+00
 -2.0972e+00  -7.1453e+00
  7.7911e+02   7.4427e+02
 -2.4989e+01   6.6884e+00
 -2.7878e+00   3.4933e+00
 -9.0437e+00   3.1132e+00
  1.4648e+00   1.1445e+01
 -8.9885e+00  -6.0013e+00
  2.1994e+02   7.5652e+02
  5.6167e+01  -4.9480e+01
 -2.2117e+01  -6.7692e+00
  4.3219e+00   5.7402e-01
  8.7754e-01   1.9741e+00
  4.2657e+00  -5.9973e+00
 -6.5433e+01  -1.0281e+02
  1.8784e+01   4.1142e+01
 -7.4685e+00  -1.9987e+01
 -4.9163e+02   3.1687e+02
 -1.9577e+00   2.8848e+00
  4.2750e-01   8.0338e+00
  1.3873e+01   1.0649e+01
  3.5598e+00  -4.3937e+00
 -5.2924e+01   5.6642e+01
  7.1764e+01   1.4325e+01
 -1.6017e+01   5.3800e+00
 -2.8874e+01  -4.5302e+01
  7.3798e+00  -2.7402e+01
  5.7541e+00   5.5805e-01
  3.3749e+00   6.5743e+00
 -1.6066e+00  -5.2324e+00
  7.1064e+00  -3.3914e+01
 -1.1802e+01   2.3728e+00
  2.3907e+00   3.4612e+00
  1.5989e+00  -5.9676e-01
  8.7870e+01   1.0281e+02
 -8.5316e+00  -3.9833e-01
 -1.4645e+01   2.0238e+01
  7.3797e+00  -2.7937e+01
  1.3449e-01   4.3993e+00
 -5.4002e-02   4.0121e+00
 -2.0963e+00  -2.4619e+00
  5.1970e+01  -1.4158e+02
  1.7394e+00  -9.8734e-01
  9.3697e-01   8.2567e-01
  1.0981e+01   7.3999e+00
  3.3240e+02  -2.9782e+02
 -4.9188e+00   3.6486e+00
  2.1269e+01   7.1885e+01
  1.4213e+00  -5.3972e+00
 -1.8340e+01  -5.1213e+00
 -7.8593e+01  -1.2712e+02
 -4.3443e+00   3.7178e+01
 -7.6849e+00   9.8897e+00
  1.7467e+02   9.4075e+01
 -9.6849e-02  -1.5541e+00
  2.6527e+01  -9.8702e+00
 -9.4639e+00   2.5109e+01
 -3.4345e+01  -2.5163e+01
 -1.2235e+00  -1.2493e+01
 -4.9152e+00  -7.7618e+00
 -1.7726e+00   1.7875e+00
 -1.3634e+01   9.2397e+00
 -1.3679e+00   7.1294e+00
 -1.9198e+01   1.4688e+01
  3.0860e+01   3.9285e+01
 -1.3629e+01  -1.2165e+01
  4.0670e+01  -1.1613e+01
 -3.8327e+00   1.9478e+00
  2.3739e+01  -4.1029e+01
 -2.6274e+00  -9.5487e-01
  1.8751e+02   1.1347e+01
  5.4442e+00   2.3845e+01
 -4.8007e+00   9.3894e+00
  5.4699e+00   9.9092e+00
 -1.4278e+01  -9.3611e-01
 -1.0315e+00   2.0776e+00
  3.4438e+00  -4.4633e+00
 -5.0619e+00   1.5283e+00
  1.3844e+00  -9.3638e-01
  1.1925e+00  -2.4763e+01
 -6.5566e+00   2.4117e+00
  8.3687e-01   3.7648e+00
  1.0376e+00  -2.3954e+00
  4.8239e+00   1.8529e+01
  5.8812e-01  -1.6742e+00
  1.9225e+00   1.3631e+01
 -7.2065e+01  -1.2791e+02
  1.1758e+01   2.9362e+01
  2.5925e+01  -5.4327e+00
 -4.5054e+01   2.5186e+01
 -5.1099e+01   1.9021e+01
  2.3200e+00   2.8009e+00
 -1.7778e+00  -3.6751e+00
  1.3903e+00   7.7113e+00
  3.2027e+00  -1.5448e+00
  7.9877e+00  -2.3995e+00
  1.2250e+02   8.0414e+01
  6.6345e+00  -4.3334e+00
  8.5010e+00  -1.1963e+01
 -1.8854e+01  -5.7832e+01
  3.1325e+01  -4.1335e+00
 -9.9091e-01   3.9440e+00
  1.0539e+01  -1.0459e+01
  7.1009e-01  -5.2400e-01
 -6.6070e+00  -5.0294e+00
 -1.6760e+01   9.4352e+00
  2.9963e+00   4.6886e+01
 -1.1638e+01   8.5997e+00
 -9.4796e+00   3.6520e+00
 -1.3913e+00  -6.1402e-01
 -9.3378e+00  -8.5156e+00
  3.0954e+01   7.9255e-01
 -5.4367e-01  -4.3500e+01
 -1.0949e+02   3.3404e+02
  1.3744e+00  -9.8203e+00
 -6.1928e+01   1.1357e+02
 -2.9035e+01  -6.8460e+00
 -8.7829e+00  -3.1803e+00
 -9.8944e+00   6.1750e+00
  2.1030e+01  -8.3184e+00
  1.1730e+01   8.5310e+00
  2.1941e+00   5.8853e+00
  3.6735e-02  -6.0048e+00
 -2.9601e-01  -4.5959e+00
  1.0360e-01  -1.3429e+01
 -2.8670e+02  -9.0670e+01
 -1.9658e+00  -7.8009e+00
 -5.2976e+00  -3.2502e+01
 -1.5027e+01   5.8396e+00
 -6.9554e+00  -4.9345e+02
  2.0160e+00   1.1824e+00
  4.7153e+01  -2.6402e+01
  1.7810e+00  -5.4674e+00
  3.8548e+00  -2.3864e+00
 -3.8968e-01   2.7917e+00
  5.5271e+00   5.9399e+00
 -6.5487e-01   1.1458e+01
  2.8416e+00   3.6183e+00
  4.7432e+00   5.5221e+00
  5.2421e+00   9.3959e+00
  3.8987e+01  -5.7783e+00
 -4.9661e+00   3.4572e+00
 -1.6701e+01  -1.0272e+01
 -3.3804e+00  -7.3038e+00
  1.2114e+02  -9.3709e+01
  7.2803e+01  -1.4398e+02
  3.5920e+00  -1.2031e+00
 -5.8759e+01   5.7540e+01
 -6.0677e+00  -9.0315e+00
  4.4133e+00   1.9002e+01
 -2.1257e+01  -1.1986e+01
  2.6420e-03  -2.7245e+00
  3.3197e+01  -5.8468e+00
 -7.9672e+00   1.0303e+00
  1.2760e+01   1.7260e+01
  4.0876e+00   1.1313e+00
  4.5324e-01   1.0559e+01
 -1.2722e+01   1.1737e+01
 -1.2867e+02  -4.6044e+01
 -5.8163e+00  -2.9372e+01
  3.1781e+01  -1.1264e+01
  2.0972e+01   1.3820e+01
 -7.8663e+00  -4.0487e+00
 -1.7771e-01   2.3724e+00
  1.8282e+01  -2.1739e+01
 -6.8962e+00   6.5132e+00
  8.1983e+00   1.9099e+01
 -3.3172e+01  -2.6240e+00
 -2.5963e+00  -2.5222e+00
  3.0806e+00   7.5704e+00
 -3.4848e+00   1.8554e+00
 -3.0711e+00  -6.9462e-01
 -1.6766e+00   1.2978e+01
 -7.2237e+00   1.7677e+01
  7.5057e-01   4.0437e+00
 -2.5956e+01   2.7687e+00
 -8.5117e+00  -7.4145e+00
  6.3360e+00  -4.8850e+00
 -1.5905e+01  -4.1552e+00
  3.6751e+01   6.9452e+00
  9.1887e+00  -1.3373e+01
  1.6525e+02  -6.1765e+01
 -4.3743e+00   5.0157e+00
 -2.3351e+02   2.8486e+02
 -2.2562e+00   1.6866e+01
 -8.5666e+00  -3.6233e+01
  1.5286e+01   2.9962e+00
  1.6212e+01   1.8523e+01
 -1.4164e+01   1.5025e+01
 -1.2317e+01   1.1311e+01
 -1.0625e-01   4.0983e+00
  1.9588e+01   2.4161e+01
 -1.3204e-02   7.5437e+00
 -1.2076e+02  -1.0366e+02
 -1.4267e+01  -5.1327e+00
 -4.5866e+00  -3.6630e+00
  2.8350e+00   2.7136e+00
  1.8398e+01  -1.5700e+01
 -1.0726e+01   4.8514e+00
 -2.6280e+00  -9.8058e+00
 -1.6057e+01  -3.0015e+01
  1.2260e+02   9.6666e+01
 -2.3385e+01   6.0288e+02
 -5.5792e+02  -2.4373e+02
  2.5862e+00  -5.8821e-01
 -3.7584e+01   2.2282e+01
  1.7547e+02  -8.1516e+00
 -1.3696e+01  -5.7313e+00
  2.7829e+02  -1.4898e+02
  3.2793e+01  -1.2471e+01
  2.3943e+00   7.8845e+00
  9.7518e-01  -3.1736e+00
  6.9217e+00   5.7411e+00
 -2.3155e+01   1.6174e+01
 -1.9612e+01   2.1297e+01
 -1.1337e+01   3.0418e+01
 -4.2744e+00   1.1542e+01
 -9.9259e+00  -8.1256e+00
 -1.0129e+00  -4.3411e-02
 -4.8441e+00  -4.2132e+00
  1.0688e+00  -8.4912e+00
 -3.7772e+00   4.3701e+00
 -3.1571e+01   3.0002e+01
 -5.1730e+01   7.8263e+01
  1.6234e+01   1.6187e+01
 -2.1135e+00   1.9735e+00
 -5.5593e-02   1.4201e+00
 -2.1933e+01   4.0566e+01
 -1.5608e+02   6.7583e+01
 -3.1308e+00   1.4295e+02
  1.5796e+00   4.5194e+00
  1.7881e+00  -4.6209e+00
  4.2955e+01   9.0574e+01
 -1.9915e+02  -1.1996e+02
  4.0168e+00   3.2585e+00
  7.4743e+00  -3.9187e+01
  2.9296e+00   5.0374e-03
 -2.9806e+00   3.5261e-01
  4.6436e+00   4.9195e+00
 -4.0754e+01  -4.0283e+01
 -2.0152e+01   3.8701e+00
 -6.3822e+00  -4.0283e+00
  8.8235e+00  -1.1570e+01
  2.6429e+00  -1.8906e+00
 -5.9979e-01   6.8663e+00
  7.1265e+00   5.8048e-01
  1.3170e+02   3.7822e+00
 -3.7279e+01  -5.1950e+00
 -1.1691e+01   9.9356e-01
  9.1929e+01   1.3132e+02
 -1.3909e+02  -5.2266e+01
 -8.4800e+00  -2.1770e+01
  5.0740e+00   2.3661e-01
  7.0897e+00  -1.4700e+02
  6.2961e+00  -8.6655e+00
  4.2900e+01  -3.3945e+00
 -6.2650e+00  -7.2691e-02
 -2.1406e+01   3.1962e+01
  5.0272e-01   4.0923e+00
 -1.7634e+00  -8.0927e-02
  6.6545e+01  -1.6456e+01
  2.7063e+02   3.1193e+02
 -1.9917e+01  -2.9457e+01
  5.1437e+00   2.1236e+00
  6.5926e+00  -2.7228e+00
  2.5385e+00  -1.0538e+01
  3.6705e+00  -1.4647e+00
 -1.1016e+01  -4.3712e+00
  4.9747e+00   9.7846e-01
  3.8070e+01   1.3288e+01
 -8.0767e-01  -7.5266e+00
 -4.7802e+00   3.7444e+00
 -2.9115e+00  -1.6492e+01
  3.4166e+01   1.3996e+01
 -1.1274e+01  -2.5533e+00
  7.5924e+00  -8.6485e-01
  7.4502e+00   3.4383e+01
  1.5527e+01   1.3641e+01
  7.0685e+00   1.0735e+01
  3.8666e+00  -7.5257e+00
 -6.1073e+00  -1.7487e+01
  6.5342e+01   3.2913e+00
  7.5117e+00  -1.7461e+01
  5.7283e+00  -1.0595e+01
 -2.6750e+00   2.8061e+00
 -7.8703e+00   6.1029e+00
  5.6889e+01   1.4478e+01
 -6.8801e+01  -1.2358e+01
  3.8905e+00  -2.6470e+00
 -5.0055e-01   1.5318e+01
 -1.0578e+00   2.7782e+00
 -6.5895e+00   1.3467e+00
 -4.7790e-01  -8.2156e+00
 -1.9671e+00  -1.4228e+00
  4.5498e+00   3.3072e+00
  3.1735e+01  -3.4728e+01
  2.4781e+00  -1.7030e+00
  2.2695e+00  -2.3431e+01
  3.7362e+00  -4.6169e+00
  1.8789e+01   5.8939e+01
 -1.3627e+01   1.1740e+01
 -1.0365e+00   7.0639e+00
 -7.4322e+00   3.5272e+00
 -3.9201e+01  -6.1049e+01
 -4.7013e+01  -9.1103e+01
 -1.5450e+01   3.4115e+01
 -3.1595e+00   8.3012e+00
  1.0571e+01  -1.4126e-01
  7.7398e+00  -6.2854e+00
  1.6340e+01  -1.4356e+01
  1.3878e+01   1.1363e+01
  4.8871e+00   8.1283e+00
 -1.4051e-01  -4.2453e-01
 -8.5935e-01   4.5834e+00
 -2.4499e+01  -3.8187e+00
 -1.3670e+01  -2.4550e+00
  7.6009e-01  -1.6526e+00
 -3.2477e+01   4.1819e+00
 -2.1421e+00  -3.2571e+00
  5.0033e+00   4.1498e+00
  1.4654e+02   5.9933e+01
 -2.1669e+01  -1.2626e+01
 -5.8131e-01  -1.7399e+00
  2.1493e+01  -1.7678e+01
 -7.7791e-01  -3.3249e+00
  6.2686e+00  -2.7176e+00
  3.0664e+01  -1.1497e+01
  6.9303e+01  -5.5613e+01
  1.0050e+00  -2.5304e-01
 -2.9610e+01   1.1690e+01
 -3.8468e+01  -1.3601e+02
  1.4548e+01   9.8620e+00
 -1.4845e+01  -4.7420e+00
 -2.6501e+01  -2.2355e+01
 -8.0953e+00  -1.3051e+01
  1.3305e+01   6.8395e+01
  2.7263e+01  -5.3535e+01
 -4.2382e+01   2.0447e+01
 -2.2805e+01   1.8594e+01
 -9.7462e-01  -2.1558e+00
  5.4275e+00  -8.4844e+00
  2.1460e+00   3.4043e+00
  2.3481e+00  -4.0244e+00
 -1.0468e-01  -1.6225e+00
  4.4234e+02   4.8331e+01
 -8.8552e+02  -3.1441e+03
  1.1085e+01   5.5305e+00
  6.8085e+01   5.0319e+00
  5.9648e+00   6.6790e+00
 -2.0446e+01   5.2956e+00
 -2.7225e+00  -3.4150e+01
  5.8085e+00  -3.7195e+00
  2.4851e+01   1.4341e+01
 -5.4314e+00   3.8781e+00
  3.8742e+01   1.5889e+01
 -1.3632e+01   1.0033e+01
  1.4467e+02   1.6062e+02
  4.3964e+00   1.1583e+00
  2.4556e+01  -1.3287e+01
 -1.5314e+00   1.4630e+01
  1.2684e+01  -2.2632e+01
 -2.9994e+01   4.5498e+01
  1.3716e+01  -4.4228e+00
  3.8640e+01  -4.3536e+01
 -5.4883e+01  -1.6841e+00
 -2.4959e+00  -2.0777e+01
 -3.2135e-02   1.2748e+00
 -2.2183e+00   4.8057e+02
  5.1878e+01   3.9813e+01
  2.6432e+00   4.3318e+00
  1.2174e+01   4.3571e+00
 -3.0387e+00  -2.5999e+00
  9.7298e+00   3.2019e+00
  2.9484e+00  -7.6430e+00
 -4.2398e+00  -3.6666e-01
 -1.3469e+01  -1.4111e+00
  2.9070e+02   9.1715e+01
  3.5194e+00   8.0049e+00
 -1.2928e+01  -3.5793e+01
 -2.0747e+01   9.1543e+00
 -6.4447e+01  -3.4725e+01
  8.1503e+01  -2.2754e+01
 -1.1822e+01  -1.1887e+01
 -5.2268e+00   1.2214e+01
  1.0873e+01   7.2013e+00
 -6.7010e+00   3.3394e+00
  7.7612e+00   6.3373e+00
 -1.2946e+00  -2.5353e+00
  7.0380e+00   1.1409e+01
  1.4065e+00   4.7557e+00
 -1.4426e+01   5.1486e+00
 -9.9820e+00  -1.8781e+01
 -6.6711e+00   3.7484e+00
  2.4955e-01   5.3756e+00
  2.3923e+01   1.6781e+01
  3.5114e-01   4.8080e-01
  4.2070e+00  -4.8321e+00
  3.0711e+00  -8.8089e+00
 -1.9787e-01  -8.9183e+00
  5.2769e-01   4.1321e+00
  1.7288e+00   1.9658e+01
 -1.9419e+01  -3.3305e+00
  6.6805e-01   1.7109e+00
 -1.4713e+01   2.2532e+01
  1.7629e+01   6.0451e+00
 -6.2730e+00  -1.7837e+01
 -1.7195e+03  -3.5217e+03
 -1.6249e-01   9.5590e+00
  1.1762e+01  -1.9997e+00
  2.8352e+01   2.7482e+00
 -1.1018e+00   6.5296e+00
  5.0564e+00  -1.5733e+01
  2.5268e+00  -4.1843e+01
 -1.4339e+01  -3.3328e+01
 -9.1686e+01   1.5741e+01
  2.9927e+00  -1.3631e+00
 -7.8311e-01  -3.0013e+00
  1.0494e+03   2.4955e+01
 -9.1091e+00  -8.2420e+00
  2.2998e+01   3.4045e+01
 -9.1883e+00  -9.7372e+00
 -3.3642e+01  -1.8247e+00
 -6.1047e-01  -1.2545e+01
  2.7087e+01   4.3266e+01
 -2.1455e+01  -1.3510e+00
 -1.1303e+01  -2.8778e+00
 -3.2110e+00  -2.6117e+00
  3.5299e+01   1.1652e+02
  3.1480e+01  -3.4706e+01
 -3.4870e+00   1.3291e+00
 -2.8151e+00  -1.5473e+00
  2.3171e+00   2.0199e+01
 -1.0126e+01   2.1090e+01
 -1.8084e+00   6.0144e+00
 -3.3883e+02  -3.0133e+02
  2.3057e+02  -2.8495e+02
 -5.8712e+00  -3.4752e+01
 -1.4322e+00   1.4261e+01
 -1.7412e+00  -9.8966e+00
  9.3445e+00  -8.9160e+00
  7.6449e+01   3.8830e+01
  1.1999e+01   9.5301e+01
  1.6380e+00  -4.2334e+00
  2.9757e+01  -6.2803e+01
  1.0861e+01  -1.7829e+02
  1.4762e+01  -1.7917e+00
 -3.5542e+00  -1.6552e-01
  5.0723e+00   7.4022e+00
  1.2453e+00  -1.6315e+00
  9.1619e-01  -4.5684e+00
 -7.3719e+00  -3.4301e+00
  6.0916e+00  -4.3320e+00
  1.0846e+01   8.3031e+00
  1.1423e+02   2.0497e+01
  1.9707e+01  -8.9800e+00
 -1.9398e+00  -1.8552e+01
  2.9551e+00  -3.5658e+00
 -8.0613e+01   1.4273e+02
 -6.4247e+00  -4.3152e+00
  2.5470e+01   1.6670e+01
 -2.2576e+01   1.8695e+02
  2.4596e+01   5.1749e+01
  1.1517e+01   4.1111e+01
  7.5119e+00  -2.6393e+00
 -4.1660e+00  -1.0562e+00
 -2.5718e+01  -1.1193e+02
 -4.6090e+00  -3.1553e+00
  3.0314e+00   7.1914e-01
  1.0619e+00  -1.6170e+00
 -7.9970e-01  -2.0627e+00
 -8.9541e+00   1.6256e+01
  2.2748e+00  -3.6977e+00
  2.3300e+01   2.1681e+01
  1.0185e+01   4.6866e+00
  2.0872e+01  -1.6203e+02
 -2.2019e+01  -2.9524e+01
  5.9514e+01   5.5259e+00
 -2.5065e+01   1.6819e+01
  6.1230e+01   2.0321e+01
  7.7196e-03  -6.9691e-01
  8.6514e+00   9.6169e+00
  2.2643e+00   7.9320e+00
 -1.4985e+01   1.2535e+01
  1.1462e+01   9.2929e+00
 -2.0361e+01  -5.1756e+00
  2.2547e+01  -2.0166e+01
  2.6709e+00   7.8594e+00
 -1.1602e-01   7.2782e+00
  7.9682e+01  -2.3883e+01
 -2.4690e+01   1.7157e+01
 -1.3192e+02   1.0162e+02
  5.0899e+00   8.1656e+00
  2.6086e+00  -9.9008e+00
 -1.8572e+01  -5.8493e+00
  5.8689e+01  -1.8727e+01
 -4.3224e+01  -1.3314e+01
  5.3959e+01   1.6863e+01
 -3.9270e+00  -2.0663e+01
 -1.2850e+01  -1.1456e+01
 -3.2397e+00   3.7174e+01
 -2.6969e+02   9.9557e+01
 -7.6314e+02  -7.4685e+02
  1.0266e+01  -7.6948e+00
  4.3389e+00   3.4494e+00
  9.3031e+00   2.3296e+01
 -4.1135e+00  -1.0908e+01
 -7.3735e+00   2.0787e+01
  1.5537e+01   1.0611e+01
 -7.1848e+00  -3.2933e-01
 -4.2478e+01  -4.7594e+01
  3.3937e+02   3.1285e+02
 -1.0197e+01   1.2253e+02
  1.8593e+01   5.0543e+00
  7.3080e+00   1.2840e+01
 -8.5316e+00  -4.6058e-01
 -1.2283e+02  -1.9601e+02
  3.1714e+01  -2.3089e+01
 -7.8855e+00   1.2460e-01
 -3.0439e+00  -1.2612e+01
  6.5524e+01   1.0452e+01
 -6.3698e+01  -3.1283e+00
  6.6588e+00   2.7867e+00
  2.3228e+00  -8.7983e-01
 -8.1152e+00   3.6987e+00
 -1.6720e+02  -1.6778e+02
 -4.6200e+00   1.0600e+00
  2.4242e+01  -1.6219e+01
  7.0087e-01  -3.1000e+00
 -5.4418e+00  -5.4784e+00
 -2.5134e+01  -8.2155e-01
 -3.8700e+00  -1.0101e+00
  8.7849e-01   5.3079e-01
  8.7704e+00   1.5545e+01
  1.7214e+03   3.5244e+03
  2.5266e-01  -6.2108e-01
 -6.8894e+00  -2.9468e+01
 -3.6712e+00   1.8830e+01
  9.7035e+00   2.1738e+00
 -2.1115e+01  -8.8384e+00
 -1.5760e+01   5.2351e+00
 -8.0337e-01   3.5390e+00
  7.1333e+00  -1.7415e+01
 -8.8109e+00  -5.8173e+00
  4.7390e+00   1.1394e+00
  5.4232e+00  -4.0710e+00
 -2.0405e+01  -1.5128e+00
 -3.4639e+01   1.9874e+01
 -4.4883e+00  -1.7137e+01
 -1.0565e+03  -2.9311e+01
  3.2817e+00  -1.8459e-02
  5.2937e+00   9.4683e+00
  7.4155e+00  -1.2928e+01
 -2.1493e+01  -2.0247e+00
 -2.7054e+01  -2.4658e+00
  8.5226e+00   2.0621e+01
 -2.9494e+01  -5.0344e+00
 -5.8123e+01  -3.9989e+00
 -9.8121e+00  -1.9859e+01
 -9.5126e+00  -7.5329e+00
  6.9980e+01   3.9580e+01
  2.5088e+01  -9.0829e+00
 -8.3066e+00   1.4004e+01
 -5.3553e+00   7.7834e+00
 -4.0344e+00   4.4876e+00
  2.6492e-01   1.1735e+00
 -8.2173e+00   8.6738e-01
 -1.0961e+00  -2.5005e+00
  1.3062e+00   9.8051e+00
 -1.3829e+01   3.2556e+01
 -1.8681e-01   3.0185e+00
  1.8877e+01   2.6127e+00
  3.4398e+00   1.0282e+01
  9.7955e+00   5.0313e+00
 -1.3002e+01   6.6935e+00
  1.9431e+00  -2.8548e+00
 -6.9979e+01  -1.2371e+00
  3.7774e+00   2.4218e+00
  1.4877e+00  -2.0476e+01
 -2.2022e+00   5.1195e+00
  2.2908e+01  -2.1319e+01
 -1.0758e+01   3.8000e+00
 -3.2009e-01  -1.2680e+00
  1.4144e+01   2.2074e+00
  1.5782e+01  -5.5899e+00
  2.6827e+01   7.6917e+00
  9.9514e+00   5.9689e+00
  1.7942e+00  -6.7589e+00
 -1.1130e+01   3.1920e+00
  1.3709e+01   3.7894e+00
 -5.3962e+01   1.7770e+01
  4.2288e+00   5.1311e+00
  1.4627e+01   2.4224e+01
 -2.9814e+02   5.1130e+02
 -8.7322e+00  -2.8982e-01
  8.1430e+00  -1.1479e+01
  1.6675e+01  -1.4565e+02
 -3.1056e+00  -2.0983e+01
 -1.2847e+01   5.2104e+00
  7.1477e+00   1.1848e+00
 -8.8280e+00   4.7238e+00
  7.0619e+00   5.8591e+00
 -9.7038e+00   6.5736e+00
  3.4181e+00  -2.4880e+01
  3.0381e+01   1.0936e+01
 -1.6363e+00  -7.1192e+01
  1.3517e+01  -1.1717e+01
  1.7586e+00  -4.7329e+01
 -7.5911e+00   1.8816e+00
  3.5773e+01   1.5034e+01
 -2.8107e+00   3.8438e+00
 -4.1554e+00   3.3674e+00
 -5.6303e+00   5.8725e+00
 -5.4314e+00   2.2623e+00
  1.2175e+01   5.3915e+00
  6.1968e+00   5.1520e-01
 -4.3775e+00   4.6891e-01
  5.2717e+00  -4.2902e+00
  2.4257e+00   4.8977e+00
  6.9219e+00   7.8932e+00
 -1.1401e+00   1.1995e+01
  4.5295e+01   4.1832e+01
 -1.0086e+01  -9.5937e+00
  1.9290e+00   4.3171e+01
 -7.4223e+00   4.6423e+00
 -3.2909e+01   2.0275e+01
 -4.2607e-01  -2.9231e+00
 -1.6032e+02   2.7142e+01
  1.2689e+01   5.0085e+00
  1.2308e+01  -1.3120e+01
  1.2818e+01   7.4952e+00
 -6.4838e+00   8.6169e+00
  6.2524e+00  -5.6700e+00
 -5.6104e+00  -3.6287e+00
  3.4398e+01  -2.1778e+01
 -3.5518e+00   7.1732e+00
 -5.2935e+00   6.3596e+00
  8.3025e+00  -3.4323e+00
 -3.1071e+00  -1.0472e+01
 -8.8469e+00   1.4828e+00
 -1.5233e+00   4.8947e+00
 -7.3571e+00  -8.1149e+00
  4.1294e+00  -1.3745e+01
 -5.1557e+01  -3.6895e+01
 -8.8142e+00  -1.3060e+02
 -3.5272e+02   3.2726e+02
 -1.6870e+00  -1.2866e+00
 -2.8882e+00  -5.7643e+00
  2.9106e+00   1.7776e+01
  4.9578e+01   3.9473e+01
 -9.0003e+00   3.9423e+00
 -6.6186e+00  -2.3331e+00
  4.7106e+00   1.9602e-01
 -1.4113e+00   2.2159e+00
 -9.7433e+00  -1.4683e+01
  3.8034e+00  -4.4834e+00
  1.7376e+01  -7.3802e+00
  4.8375e-01  -2.7609e+00
  3.2532e+01  -5.7074e+00
 -6.6089e+00  -3.1463e+00
 -1.0523e+01   3.1471e+00
 -2.2499e+00   6.0240e+00
 -2.7554e+02  -3.1264e+02
 -3.6054e+00  -4.0841e+00
 -1.4566e+00   6.7039e-01
 -2.2788e+00   1.8414e+00
 -6.1709e+00  -1.9852e+01
 -6.1334e+00  -8.4091e+00
  2.2875e+00  -7.2241e-01
 -4.5987e+01  -5.6780e+01
 -5.5886e+01  -2.1869e+01
  1.7161e+01  -1.4329e+01
  5.0012e-01   2.5455e-01
 -2.4297e+02  -5.4398e+01
  2.2457e+01   1.3048e+00
 -2.2881e+00  -1.0174e+01
 -9.6372e+00   7.3169e+00
  3.2975e+00  -2.1463e-02
  2.4294e+00  -6.8182e+00
 -6.9081e+00   4.2067e+01
 -1.9537e+00   2.9401e-01
  6.5916e-01   1.5694e+00
 -2.3786e+01   1.6005e+02
  7.9282e+00  -4.8246e+00
  4.7705e+01  -2.7815e+01
 -2.4304e+01   3.7650e+01
  6.5503e+00   5.4842e+00
  1.8833e+01   1.5574e+00
 -2.1683e+00   1.2437e+01
 -2.0670e+00  -6.3162e+00
 -3.4276e+01   8.1996e+01
  1.7151e-01   3.5844e+01
  3.3998e+00  -3.0100e+00
 -1.7496e+00   3.4958e+00
 -1.1054e+00  -1.0961e+00
 -7.3090e+00   1.9736e+01
 -1.8375e+00  -5.4681e+00
 -3.0221e+01  -2.2295e+01
 -1.0138e+01  -1.2628e+01
 -3.1007e+01   2.2969e-01
 -1.4099e+01   1.8167e+01
 -1.6465e+00   1.2685e+00
 -9.3050e+00  -1.8356e+01
  2.0085e+00   2.3913e-01
 -1.2600e+01  -4.6739e+01
  2.0519e+01  -4.6518e+01
  7.3043e+00   4.2535e+00
  7.5530e+00   3.1035e+01
  6.1761e+00  -7.3458e+00
 -2.4650e+01  -1.4147e+01
 -7.7690e+00  -1.3860e+01
  1.5904e+01  -1.0280e+01
  6.2592e+00  -7.5944e+00
 -4.5821e+00   4.8403e+00
 -3.9505e-01  -3.2351e+00
 -3.1307e+00  -6.6421e+00
  1.8253e+00  -2.5224e+00
  5.5265e+00  -3.8104e+00
  1.0475e+00  -8.8705e+00
 -1.2585e+00  -1.2514e+00
  2.8043e+01   4.0816e+01
  3.2899e+00   6.6758e+00
 -1.3549e+00  -2.8620e+00
  3.5855e+01  -1.5588e+01
 -2.7025e+00  -1.5516e+01
  6.7456e+01  -1.1596e+02
 -1.1394e+01   1.3941e+01
 -1.1907e+01  -4.4878e+00
 -1.2477e+01  -6.5969e+00
  5.1779e+00   1.6518e+00
 -3.6964e+00   2.8601e-01
 -3.0720e+00  -2.1857e+00
 -4.0489e+01   4.2197e+01
 -9.8283e+02  -3.3908e+01
 -1.8613e+02  -3.1220e+00
  4.9688e+00  -5.4962e+00
 -1.3832e+00  -1.8674e+00
  1.3410e+01   3.0202e+01
  3.7781e+02  -4.7083e+02
  1.3832e+01  -1.6726e+01
  5.3334e+02   2.5245e+02
 -4.5028e+02  -1.8840e+01
  7.9457e-01   1.8521e+00
 -5.9952e+00   1.3937e+01
 -9.8641e+01   2.6426e+02
 -3.6274e+01  -4.6009e+01
 -2.5175e+01  -9.8428e+00
  4.5402e+00   3.3126e-01
 -2.0585e+01  -1.0973e-01
  2.9649e+02  -7.9717e+02
  1.9451e+00  -7.3046e+00
 -5.2745e+00   1.1094e+01
  1.3507e+01   3.8678e+00
 -2.9570e+01  -4.0390e+01
 -1.1253e+00  -1.7693e+00
  3.4700e+00  -3.6524e-01
  4.3498e+00  -7.4889e+00
  3.3926e-02   2.5971e+00
  4.4504e+01  -7.5185e+01
  1.2311e+01  -5.9796e+02
  5.1133e+01   6.0486e+01
 -4.1854e+00   8.8754e-02
  1.0973e+00   1.0544e+01
  2.4758e-01   1.0102e+00
  3.7981e+00   9.9525e+00
  2.3550e+01   6.4275e+00
 -3.7425e+00   1.6461e+01
  2.0613e+01  -5.4032e+00
 -3.7540e+01   4.5637e+01
  2.5584e+01  -4.7532e-01
  3.9961e+01   9.1001e+00
  2.1960e+00   4.1779e+00
  5.8920e+00   1.2985e+01
  2.0545e+02   1.2229e+02
 -4.8022e+00   4.4432e-01
  3.1684e+01   8.7827e+01
  1.5178e+01   4.3688e+00
 -3.5896e+01  -3.5266e+01
  2.0493e+00  -2.0176e+00
  2.1784e+00  -6.7989e-01
  6.5108e+00   5.8574e+00
 -7.0895e+01  -2.7818e+01
  9.3310e+01  -3.7776e+02
 -4.2539e+00  -2.5163e+00
 -1.1596e+01   1.1954e+01
  1.9715e+01   4.2794e+00
 -1.8701e+01  -1.2472e+01
  2.3789e+01   1.3817e+00
  6.3536e+00  -1.4394e+01
  1.0952e+00  -1.7462e+00
 -2.3032e+02  -7.6137e+02
 -6.7265e+01  -7.5485e+01
 -1.2193e+01   7.2050e+00
 -3.4769e+01   6.9406e+00
 -2.8454e+00  -1.8926e+00
 -1.2212e+01   1.6545e+00
 -4.1307e+00  -3.9592e+00
 -1.0526e+02   7.7054e+01
 -3.6485e+00  -2.5475e+00
 -6.3658e+00   4.3625e+00
  5.5356e+00  -9.5927e-01
  1.0698e+01  -2.2280e+01
 -1.0011e+01   3.4335e+01
 -7.1365e+00   3.6502e+01
  2.9469e+01  -1.4922e+01
  8.4513e+01  -2.6666e+02
 -2.6157e+02   1.1490e+02
 -2.5371e+00   8.5389e-01
  5.1081e+00  -1.7962e+00
 -4.1530e+00  -1.0028e+01
 -8.2134e+00  -2.9560e+01
  5.8053e+00  -1.1596e+01
 -5.9085e+01  -3.0997e+02
 -3.6582e+00   3.2420e+00
  1.6026e+02   1.7474e+02
  6.0693e+00   5.1186e+00
 -8.3282e+00   5.1030e+01
  8.5539e+00   1.5979e+01
 -5.2311e+00  -2.6824e+01
  1.1788e+01  -3.0813e+01
  2.8131e+00  -5.0219e+00
 -4.6038e+00  -1.4521e+00
  8.9109e+02   3.1345e+03
 -4.6111e+00  -2.0167e+01
  7.3923e-01  -4.8740e+00
  2.8394e+00   6.9072e+00
  7.7303e+00  -3.3747e+00
 -4.2246e+01   7.7427e+00
  3.8442e+00  -8.5538e-01
  2.3262e+01   9.8653e+00
  2.7497e+01   6.5620e+01
 -5.6309e+00  -5.0911e+00
 -3.8402e-01   2.0063e+00
 -3.1915e+01  -4.3489e+01
 -3.0559e+00   4.8456e+00
 -5.5194e+01   4.7066e+00
  9.9807e+00  -4.2457e+01
  1.0147e+00  -5.4876e+00
 -1.8695e+01  -6.4023e+00
  1.8065e+01   5.3974e+01
 -6.8270e+00  -4.0101e+00
 -5.8666e+01   1.1469e+01
 -1.1737e+01   8.0684e+00
  6.1794e+00   6.1104e+00
 -1.3698e+01   6.5234e+00
  4.6133e+00   1.3661e+00
