  7.1954e-01  -5.3432e+00
  6.9831e-01  -1.0330e+00
  7.0326e+00   5.7392e+00
  2.8999e+00  -1.3319e+01
 -9.3959e+01  -1.1309e+02
 -6.4074e+00  -1.6581e+01
 -4.5575e-01   2.4422e+00
 -4.3666e+00  -6.1265e-01
  1.5446e+00  -2.8853e+00
 -5.6895e+00  -3.0300e+00
  8.0934e-01  -5.9164e+00
 -6.2805e+00  -1.2128e+01
  1.2016e-01   2.2410e-01
 -8.4283e+01  -4.6756e+00
  8.6875e+00   1.6854e+01
 -4.9437e+00   2.1501e+00
 -4.6726e+00  -6.1464e+00
  1.9875e+01   1.4736e+01
 -1.9722e+00  -4.1191e+00
  4.7386e-01  -2.5758e+00
  4.0140e+01   8.6014e+00
 -1.5455e+01   6.9264e+00
  1.0621e+01  -6.0767e+00
  1.2922e+00   2.4350e+00
 -3.6669e+01  -1.7682e+01
  2.3149e+00  -6.8392e+00
  1.6606e+02   4.4324e+01
 -1.8421e+02   4.7860e+02
  3.1123e+02  -1.9561e+02
 -3.8557e+00   1.0282e+01
  1.0153e+00  -2.0436e-02
  6.8446e-01   2.7303e+01
  9.1758e-01   3.0691e+00
  2.4161e+01   1.0210e+00
  1.0390e+01  -6.9374e+00
 -3.9002e-01  -6.2979e-01
  6.3193e+01   1.3041e+02
  1.1540e+00  -4.5352e+00
 -5.6644e+00   3.7610e+00
 -7.1899e+00   2.2950e+01
 -1.0407e+01   1.0511e+01
  1.4690e+00  -1.1520e+01
 -8.3619e+00  -1.0767e+00
  4.7784e+00   1.2350e+00
 -8.0108e+01  -3.1048e+01
 -2.7862e+01  -8.3870e+00
 -2.7254e+00  -1.5759e+01
 -1.8405e+01  -2.0563e+01
 -1.8026e+00  -3.1071e+00
  2.3834e+01  -5.5598e+00
  3.0041e+00   1.0944e-02
  2.0607e+00  -8.8132e-01
  2.9395e+00   7.7905e+00
  5.1999e+00   4.2540e+00
 -1.0472e+01  -3.3463e+00
 -2.0877e+00   3.3858e+00
 -1.1670e+00   3.4076e-01
 -6.2773e+00   1.2201e+00
 -5.7145e+01   1.5431e+01
  8.3425e+00   2.3995e+01
 -4.6491e+00   3.5115e+00
 -3.5115e+01   4.3746e+00
 -7.7415e-01  -9.0612e-01
  2.5699e+00  -3.2090e-01
  1.6890e+00   1.6674e+01
 -4.7682e+00  -1.4676e+00
  5.9383e+00   3.5451e+00
  4.7244e+00  -2.9251e+00
  6.4067e+02   1.7300e+01
  7.8933e+00   8.8558e+00
  3.9757e+00  -2.5962e+00
 -1.8477e+00  -1.4308e+00
  5.8011e+00  -3.9089e+00
  1.4590e+01  -1.0284e+01
  1.6089e+02  -6.6535e+01
  1.1152e+01  -6.0077e+00
 -7.4428e+00   6.8318e+00
  9.1024e+00  -1.2164e+01
 -2.7429e-01   5.1107e+00
 -1.5780e+01   3.5799e+00
  7.9914e+00  -1.8815e+01
 -2.1447e+00  -1.0284e+00
 -1.6871e+01  -4.2355e+01
  3.2465e-01  -2.5794e+00
  1.2573e+01   1.0277e+01
 -2.9288e-01  -3.7623e-01
  3.5479e+01   7.0921e+01
 -4.4540e+00  -4.0813e+00
  7.8324e+00   9.1281e-01
 -9.8349e+00   4.1899e+00
  4.9455e+00  -2.0730e+00
  1.2679e+00   1.5690e+00
  1.7515e+00  -5.9590e-01
 -2.6660e+00   3.7558e+00
  3.0701e+00   3.3713e+00
  6.4034e+00  -3.4388e+00
  2.3969e+01  -1.4530e+01
 -2.6943e+00  -1.0253e+01
 -4.2077e+00   3.4032e+00
 -3.6404e+01  -2.1718e+01
 -2.0035e+00   5.9764e+00
 -8.4948e-01  -4.0214e+00
 -8.4662e-01  -4.0576e+00
  2.1012e+00  -2.9979e+00
  6.0117e-01  -2.5918e-01
 -7.1800e+00   2.4400e+00
 -1.2209e+01  -1.6127e+01
  1.1688e+01   2.7864e+01
 -1.7438e+01   5.9573e-01
 -9.8415e-01  -5.6855e+00
  1.5840e+00   9.8031e-01
  1.6575e-02  -3.6964e+00
 -4.9270e+00   3.6383e+00
 -5.5317e-01  -3.6015e+00
 -3.3571e+01   1.9015e+01
 -5.8966e+00  -6.6202e+00
 -3.9034e+01  -4.0435e+00
 -1.0551e+01   6.6683e+00
 -3.3524e+01   1.0032e+01
  2.8866e+00   4.3513e+00
 -3.3850e+00   1.9479e+00
  4.1092e+00  -1.0533e+00
  8.1914e+00  -1.7719e+01
 -6.5322e-01  -2.4812e+00
  3.9147e+00   1.2974e+00
 -6.0196e+00   2.8773e+00
 -1.7907e+01   1.3453e+01
  1.6478e+00   2.2386e+00
 -1.8803e+00   3.4999e+00
  8.0209e+00  -3.6428e+00
  3.4227e+00  -1.3770e+00
  2.0569e+00   2.4172e+00
  5.9882e-01   3.4324e+00
 -7.0384e-01  -6.7016e+00
 -2.6374e+00   2.6450e+00
  9.0063e-01   5.2708e-01
 -3.7997e+00   1.1078e+01
 -5.8546e+00   6.6940e+00
 -5.1043e+00  -2.0816e+00
  8.0998e+00   4.4565e+00
  1.7996e+00   3.1013e+00
 -2.1227e+00  -5.1601e+00
  9.0235e+00  -1.1913e+00
  3.2132e+00  -2.8403e+00
 -5.8184e+00  -4.4774e+00
  2.8901e+00  -1.4632e+01
  1.1275e-01  -4.4579e+00
  1.5001e+00   6.2634e+00
 -1.4236e+00  -6.5456e-02
  3.2679e+00   2.4920e+00
 -6.5885e+00  -1.7050e+01
  2.7354e+00  -3.0169e-01
  4.7951e+00   5.0527e+00
 -3.7928e+00   4.0944e+00
 -7.3402e+00  -5.7313e+01
  1.7287e+00   6.0630e+00
 -4.3823e+00   2.0054e+00
  5.1813e+02   4.9104e+02
 -3.2584e+00  -2.9051e+00
  1.7360e-01   4.6984e+00
 -8.1231e+00   5.5926e-01
  5.5226e+00   7.2462e+00
 -9.2831e+00  -4.7584e+00
  1.4549e+02   5.0814e+02
  3.6713e+01  -3.2204e+01
 -1.2834e+01  -1.5028e+00
  3.8171e+00  -1.6814e+00
 -6.9664e-01   4.3213e+00
  2.7979e+00  -9.4136e-01
 -4.1150e+01  -6.5440e+01
  1.2796e+01   1.9097e+01
 -4.4699e+00  -1.2555e+01
 -3.1285e+02   2.0376e+02
 -4.1858e+00   5.5518e+00
 -4.4140e-01   1.1855e+00
  8.6028e+00   3.7438e+00
  6.3162e-01  -6.2787e+00
 -3.5014e+01   3.7392e+01
  3.9372e+01   7.3257e+00
 -9.5972e+00   5.1919e+00
 -1.3095e+01  -2.2339e+01
  4.3306e-01  -1.7136e+01
  4.1109e-01  -9.4732e-01
  4.3381e+00   4.7933e+00
 -3.4139e+00   2.3270e+00
  2.8938e+00  -2.1321e+01
 -7.4766e+00   1.9718e+00
  3.7715e+00   5.0387e+00
  2.1925e+00   2.5218e+00
  4.6220e+01   5.3623e+01
 -5.5661e+00  -1.5586e+00
  2.7118e+00   3.6877e+00
  6.2795e+00  -2.0633e+01
 -2.4864e+00   4.9899e+00
 -2.3007e+00   5.2692e+00
 -5.4853e+00  -1.9997e+00
  3.5220e+01  -9.5241e+01
  3.1754e+00  -6.6961e-01
 -1.3841e+00  -2.3656e+00
  9.9667e+00   7.1839e+00
  2.2767e+02  -2.0387e+02
 -6.5712e+00   3.1228e+00
  1.5664e+01   4.4976e+01
  2.3662e+00  -5.4872e+00
 -1.0834e+01  -3.8259e+00
 -4.8338e+01  -8.2507e+01
 -2.3129e+00   2.5717e+01
 -3.0112e+00   4.6127e+00
  1.1552e+02   6.0148e+01
  2.0940e+00   2.8023e+00
 -4.7433e-01  -6.1407e+00
 -7.0774e+00   1.7601e+01
 -2.2498e+01  -1.6297e+01
  1.0560e+00  -4.0217e+00
 -2.9324e+00  -4.9182e+00
 -8.5110e-02   4.3206e+00
 -3.7925e+00   2.2110e+00
 -7.9377e-01   4.2871e+00
 -1.1117e+01   1.1088e+01
  1.8324e+01   2.7530e+01
 -9.8241e+00  -1.0376e+01
  2.6242e+01  -8.0408e+00
 -2.6979e+00   1.2069e+00
  1.5909e+01  -2.7815e+01
 -1.6971e+00   1.7218e+00
  1.2856e+02   7.6080e+00
  4.2171e+00   1.4182e+01
 -1.4637e+00   7.8347e+00
  4.4646e+00   4.8765e+00
 -7.9443e+00   1.7800e+00
 -3.9316e-02   2.7494e+00
  1.9027e+00  -5.1800e+00
  1.6746e+00  -2.1264e+00
  1.4182e+00   7.9545e-01
  2.2786e+00  -1.6524e+01
 -1.1072e+00  -5.6103e-01
  4.1253e-01   6.1608e+00
 -3.3143e+00  -3.0029e+00
  2.0469e+00   1.4446e+01
 -1.0973e+00  -5.4407e+00
 -8.3696e-01   8.5566e+00
 -4.3107e+01  -8.2600e+01
  6.1974e+00   2.0819e+01
  1.7608e+01  -5.3278e+00
 -1.6938e+01   9.8189e+00
 -2.9920e+01   1.1702e+01
  2.4340e+00  -1.6326e+00
 -2.6479e+00   1.0956e+00
  4.5993e+00   3.6036e+00
  4.8611e+00  -3.5449e+00
  4.0791e+00   2.5507e+00
  7.4633e+01   4.8968e+01
  2.7149e+00  -5.3991e+00
  5.4750e+00  -2.2496e+00
 -1.1248e+01  -3.7278e+01
  1.6831e+01  -6.2154e+00
 -7.6515e-01   5.5595e+00
  7.1282e+00  -7.8449e+00
  1.5557e+00  -1.5219e+00
 -3.5967e+00  -1.3478e+00
 -1.0614e+01   3.6294e+00
  1.7509e+00   3.0110e+01
 -4.5707e+00  -3.1575e-01
 -1.1159e+00   2.9553e+00
 -4.3545e+00  -2.9529e+00
 -2.1824e+00  -2.0068e-01
  1.8854e+01   3.1285e+00
 -4.9980e-01  -2.8035e+01
 -7.4137e+01   2.2058e+02
  5.2170e-01  -9.4932e+00
 -4.1056e+01   7.6748e+01
 -1.7336e+01  -9.2463e-01
 -8.7428e+00  -1.0650e+00
 -6.4120e+00   2.6725e+00
  1.5671e+01  -6.2383e+00
  8.9511e+00   4.3568e+00
 -1.7111e+00   5.0861e-01
 -2.3448e+00   2.9343e-01
  7.8387e-02  -2.8254e+00
 -5.8540e-01  -1.6380e+00
 -2.6701e+01  -7.1054e+00
  1.5343e+00  -6.3797e+00
 -3.4247e+00  -2.2455e+01
 -8.4864e+00   5.2770e+00
 -6.8322e+00  -3.2282e+02
  5.2639e+00   1.5597e+00
  2.7883e+01  -1.5870e+01
 -2.4394e+00  -5.2033e+00
 -1.5935e-01  -1.8614e+00
  3.6146e+00   4.3578e+00
  3.9615e+00   2.4689e+00
  1.4991e+00   7.5450e+00
  1.8957e+00   3.9829e+00
  5.5902e+00  -1.5492e+00
  4.3212e+00   6.5404e+00
  2.7727e+01  -2.1020e+00
 -5.8472e+00  -1.6403e+00
 -1.1814e+01  -5.8104e+00
 -9.7917e-01  -1.9212e+00
  7.9391e+01  -6.1857e+01
 -3.8763e+00   1.1830e+00
  6.1476e+00   4.7974e-02
 -3.5516e+01   3.4245e+01
 -2.4127e+00  -6.5598e+00
  4.5520e+00   1.1644e+01
 -1.3897e+01  -4.3108e+00
 -2.6214e-01  -6.6070e+00
  2.4425e+01  -2.6207e+00
 -4.2223e+00   2.9605e+00
  1.2331e+01   1.1594e+01
  3.0071e+00   2.2297e+00
  2.4575e-01   7.5030e+00
 -7.0956e+00   7.3672e+00
 -8.6634e+01  -3.0632e+01
 -3.6054e+00  -1.8576e+01
  2.0947e+01  -6.8476e+00
  1.0964e+01   1.0760e+01
 -5.9846e+00  -1.4272e+00
 -1.3609e+00   1.2365e+00
  1.3043e+01  -1.5222e+01
 -6.5163e+00   4.2510e+00
  4.4460e+00   7.1412e+00
  5.8062e+00   3.2233e+00
 -3.7837e+00   1.3554e+00
  6.1996e-01   3.9651e+00
  1.0553e+00  -6.2331e+00
 -5.3984e+00   3.8672e+00
  7.4172e-01   8.0141e+00
 -5.8859e+00   1.3146e+01
  7.0447e-01   6.6830e-01
 -1.8364e+01   2.1565e+00
 -5.8099e+00  -4.9676e+00
  2.4079e+00  -2.1429e+00
 -1.2694e+01  -2.7364e+00
  2.1869e+01   2.7450e+00
  7.6614e+00  -1.0002e+01
  1.0977e+02  -3.9120e+01
  1.0113e-01  -6.1363e-01
  1.8278e+00   3.1053e+00
 -2.8633e+00   1.3206e+01
 -5.6045e+00  -2.4977e+01
  8.0179e+00   1.9969e+00
  1.2628e+01   1.0563e+01
 -1.0566e+01   1.1379e+01
 -6.3706e+00   5.1482e+00
  2.8094e+00   7.7244e-02
  1.2996e+01   1.6004e+01
 -8.6668e-01   6.6048e+00
 -8.1940e+01  -7.1430e+01
 -4.5443e+00  -7.1521e-01
  3.5834e-01  -3.6646e+00
  4.0478e+00   8.4677e-01
  1.1826e+01  -1.0281e+01
 -5.4526e+00   2.4464e+00
 -4.7169e+00  -4.4372e+00
 -1.1244e+01  -2.0170e+01
  8.2945e+01   6.4391e+01
 -1.1197e+01   2.9414e+02
 -3.1717e+02  -1.3613e+02
  1.8678e+00   1.8756e+00
 -5.3615e+00   6.9976e+00
  1.1088e+02  -4.8005e+00
 -8.3765e+00  -4.6277e+00
  1.7728e+02  -9.7130e+01
  2.2924e+01  -9.6084e+00
  1.3949e+00   3.9827e+00
 -3.2026e-02  -5.9097e+00
  6.1090e+00   6.8979e+00
 -1.2821e+01   1.2768e+01
 -1.2291e+01   1.1258e+01
 -5.6783e+00   2.2914e+01
 -6.9974e+00   7.1434e+00
 -7.0247e+00  -4.8772e+00
 -5.9138e-01   3.8212e+00
 -1.1651e+00  -4.1259e+00
  6.8907e-01  -2.1146e+00
 -4.3407e+00   4.8443e+00
 -2.2268e+01   2.0054e+01
 -2.8996e+01   4.2546e+01
  3.8441e+00   8.6944e+00
 -4.9485e+00   1.8729e+00
  2.4129e+00   4.2895e+00
 -1.4425e+01   2.6410e+01
 -9.8855e+01   4.4875e+01
 -1.0121e+00   6.9963e+01
  3.7105e-01   2.0308e+00
 -2.4447e+00  -1.0834e+00
  2.7949e+01   5.7748e+01
 -4.6473e+01  -3.0119e+01
  2.0099e-01  -2.2570e+00
  5.3729e+00  -2.6732e+01
  4.5056e+00  -2.4461e+00
 -3.4455e+00   4.8079e+00
  5.5955e+00   4.2801e+00
 -2.3281e+01  -2.1546e+01
 -1.4338e+01   1.3549e+00
 -7.0716e+00  -2.8949e+00
 -7.3998e-01   1.4225e-01
  6.3420e+00  -9.8145e-02
 -3.5627e+00   6.3424e+00
  3.2628e+00   1.5722e-01
  8.6479e+01   2.4591e+00
 -1.9601e+01  -2.3546e+00
 -2.7159e+00  -1.0106e+00
  6.3398e+01   8.6879e+01
 -6.1603e+01  -2.5891e+01
 -7.0463e-01  -1.0286e+01
  5.7590e+00  -2.3746e+00
  3.9767e+00  -7.1346e+01
  5.1676e+00  -6.0132e+00
  2.5867e+01  -1.4826e+00
 -5.0566e+00   2.5699e+00
 -9.5479e+00   1.7694e+01
 -1.4255e+00   4.7661e-01
  7.2455e-01  -3.2741e+00
  4.5933e+01  -1.1558e+01
  1.8353e+02   2.1176e+02
 -1.2804e+01  -1.8960e+01
  3.5813e+00  -1.0030e+00
 -1.1807e+00  -2.1036e+00
  2.3541e+00  -2.6496e+00
  2.0168e+00   2.0165e-01
 -7.2500e+00  -4.9214e+00
  3.1990e+00  -4.2972e+00
  2.0247e+01   7.4163e+00
  2.3672e+00   2.2298e+00
 -3.3757e+00   2.7668e+00
 -2.1301e+00  -1.1965e+01
  9.3813e+00   6.6954e+00
 -7.6713e+00  -2.4034e+00
  4.1098e+00  -2.1720e+00
  5.1161e+00   1.7160e+01
  4.7890e+00   4.3850e+00
  4.1506e+00   4.1777e+00
  2.6208e+00  -1.8132e+00
 -5.0531e+00  -1.3237e+01
  3.1853e+01   1.5352e-01
  5.4724e+00  -9.0698e+00
  3.5949e+00  -7.6994e+00
 -5.3767e+00   4.0050e+00
 -6.1916e+00   7.3797e+00
  3.8869e+01   1.0126e+01
 -3.6010e+01  -6.9409e+00
  7.7812e-02  -1.8545e-01
 -1.4814e-01   4.3323e+00
  2.9342e+00  -2.5654e-01
 -2.4616e+00   1.7412e+00
  1.7115e+00  -4.3576e+00
 -3.8719e+00   1.3932e+00
  1.5035e+00  -7.5393e-01
  2.3160e+01  -2.4165e+01
  5.2970e+00  -2.7144e+00
  3.0566e-01  -5.9181e+00
 -1.6685e+00   1.3130e+00
  1.3344e+01   3.7784e+01
 -1.1102e+01   8.9912e+00
 -4.1303e+00   4.4703e+00
 -8.8090e+00   2.8724e+00
 -2.8681e+01  -4.0934e+01
 -3.1333e+01  -6.0634e+01
 -8.1378e+00   2.0727e+01
  1.1194e+00   6.9817e+00
  6.1575e+00   3.2136e+00
  5.0206e+00  -6.0757e+00
  9.4535e+00  -8.4691e+00
  9.1814e+00   3.9931e+00
  5.3556e+00   4.7773e-01
  4.7204e+00  -3.4415e-01
  1.9434e+00  -8.6236e-01
 -1.6286e+01  -3.4853e+00
 -1.0529e+01  -1.5933e+00
 -2.5684e-01  -2.1860e+00
 -2.0381e+01   5.1389e+00
 -3.0602e+00  -6.0150e+00
  1.8730e+00   1.0637e+00
  6.9677e+01   2.5673e+01
 -1.6041e+01  -6.4866e+00
 -2.4305e+00   2.2560e+00
  1.5943e+01  -1.4232e+01
 -1.9554e+00  -3.0947e+00
  3.2478e+00  -1.3521e+00
  3.9948e+00  -8.5098e-01
  4.3460e+01  -3.5502e+01
  9.2758e-01  -1.5121e-01
 -1.8258e+01   5.9435e+00
 -1.9966e+01  -7.1535e+01
  6.9026e+00   7.1804e+00
  1.4135e+00  -4.7968e-01
 -1.4313e+01  -9.6952e+00
 -1.4973e+00  -7.2696e+00
  9.6784e+00   4.5048e+01
  1.7705e+01  -3.6117e+01
 -2.8959e+01   1.4762e+01
 -1.7178e+01   1.3562e+01
 -2.6122e+00  -5.6737e-01
  7.0409e+00  -4.4337e+00
  5.6221e+00  -1.5772e+00
 -1.7424e+00  -3.8874e-01
 -2.5664e+00  -8.8736e-01
  2.9266e+02   3.2141e+01
 -5.9425e+02  -2.1153e+03
  6.4959e+00   2.9341e+00
  4.8395e+01   3.3048e+00
  2.8110e+00   6.0286e-01
 -1.2711e+01   6.0078e+00
 -4.9916e-01  -2.3965e+01
  7.6422e-01  -3.4812e+00
  1.7489e+01   1.0307e+01
 -3.2261e+00   1.2458e+00
  2.5827e+01   1.0396e+01
  1.3567e+00   3.5028e-01
  9.6792e+01   1.0800e+02
  6.1704e+00  -4.4423e-01
  1.5763e+01  -1.0167e+01
 -4.0464e+00   9.2761e+00
  7.6685e+00  -1.6769e+01
 -2.2926e+01   2.9192e+01
  9.3812e+00  -3.5711e+00
  2.2721e+01  -2.2678e+01
 -3.7527e+01  -1.8665e+00
 -1.5152e+00  -1.0537e+01
  3.7967e-01   1.7924e+00
 -3.7228e+00   3.0945e+02
  3.3221e+01   2.7724e+01
  6.1874e-01   4.1126e+00
  1.1012e+01   2.9993e+00
 -1.9806e+00   3.4646e-02
  9.7465e+00   2.3660e+00
  1.1371e+00  -3.2104e+00
 -4.7124e+00  -3.5859e+00
 -1.1246e+01   1.6790e-01
  2.6005e+01   9.6116e+00
  1.9546e+00   4.1535e+00
 -8.4033e+00  -2.4261e+01
 -1.4510e+01   6.2560e+00
 -3.9131e+01  -2.0493e+01
  5.5304e+01  -1.6406e+01
 -8.1801e+00  -8.2605e+00
 -2.5805e+00   8.3896e+00
  1.4371e+00   1.1194e+00
 -5.0011e+00  -2.0660e-01
  1.7347e+00   1.6925e-01
 -3.0354e+00  -5.1962e+00
  3.7660e+00   6.1331e+00
  1.3313e+00   4.6487e+00
 -1.0062e+01   5.8445e+00
 -8.1466e+00  -1.5019e+01
 -1.3184e+00   7.1784e-01
  1.1113e+00  -4.6432e-01
  1.2715e+01   1.2133e+01
  2.5889e+00  -1.3570e+00
  4.0178e+00  -9.8337e-01
  2.9236e+00  -4.2448e+00
 -2.5573e+00  -2.3482e+00
 -3.2485e+00  -1.5158e-01
  3.7592e+00   1.1387e+01
 -1.1699e+01   7.5625e-01
 -3.1503e+00  -2.8442e+00
 -8.0082e+00   1.4842e+01
  1.2675e+01   4.6628e+00
 -3.1626e+00  -1.1621e+01
 -1.1560e+03  -2.3668e+03
 -9.0176e-01   7.4642e+00
  6.3580e+00  -2.4635e+00
  2.0210e+01   3.1755e-01
 -1.6521e+00   3.8793e+00
  7.7537e-01  -1.1452e+01
  1.8568e+00  -2.7645e+01
 -8.9828e+00  -2.2240e+01
 -6.2429e+01   9.8173e+00
  4.2922e+00   2.0621e+00
 -2.7494e+00  -3.8231e+00
  7.1481e+02   1.6661e+01
 -5.9604e+00  -4.3896e+00
  1.3617e+01   2.1823e+01
 -4.1991e+00  -3.8727e+00
 -2.0319e+01  -4.7678e+00
 -1.9687e-01  -9.7525e+00
  7.3631e+00   1.2948e+01
 -5.8423e+00   1.9071e+00
 -8.1846e+00  -9.9052e-01
  2.7384e+00  -5.0155e-01
  1.6938e+01   5.2664e+01
  2.6948e+00  -4.9196e-01
 -1.8622e+00   5.2581e-01
 -1.2966e+00   5.3182e-01
  3.1881e+00   1.0439e+01
 -8.6832e+00   1.3543e+01
 -4.9904e+00  -1.3667e+00
 -2.2818e+02  -2.0291e+02
 -2.6110e+00   4.4057e+00
 -4.0320e+00  -2.3558e+01
 -5.6409e-01   9.7151e+00
 -2.2255e+00  -7.6441e+00
  3.6323e+00  -3.9510e+00
  9.6504e+00   1.5682e+00
  7.1655e+00   6.2335e+01
 -6.8847e-01   1.7235e+00
  1.4608e+01  -3.3003e+01
  6.1125e+00  -1.2057e+02
  1.1197e+01   1.5220e+00
 -8.6601e-01   2.9663e+00
  3.2000e+00   1.4415e+00
 -4.2622e+00  -3.3615e+00
 -8.7892e-01  -1.4719e+00
 -1.7478e+00   8.4523e-01
  2.2522e+00  -1.5745e+00
  8.9314e+00   8.0153e+00
  7.6784e+01   1.3951e+01
  1.0513e+01  -9.0258e+00
  8.1131e-01  -5.9917e+00
  4.8099e+00  -4.8102e+00
 -3.3711e+00   1.1316e+00
 -4.1226e+00  -4.1076e+00
  1.7246e+01   1.0968e+01
 -1.6778e+01   1.2886e+02
  1.3827e+01   3.3891e+01
  9.2997e+00   2.6946e+01
 -5.4129e-01  -2.6620e+00
 -1.0070e+00   2.3780e+00
 -1.7478e+01  -7.4506e+01
 -6.1332e+00  -3.4510e+00
 -2.8064e+00  -6.0582e-01
 -7.0783e-01   5.8536e-01
  1.3127e+00  -3.7334e+00
 -4.7252e+00   8.7728e+00
 -9.6559e-01  -2.0598e+00
  1.3255e+01   1.6102e+01
  2.6576e+00   5.1378e+00
  1.2770e+01  -1.0803e+02
 -1.5742e+01  -2.1432e+01
  3.6807e+01   1.3211e+00
 -1.2014e+01   4.1496e+00
  4.0779e+01   1.0307e+01
 -2.3607e+00  -4.1512e+00
  7.6829e+00   6.1352e+00
  1.1020e+00   3.2530e+00
 -1.0295e+01   8.8434e+00
  4.8437e+00   9.4298e+00
 -1.3125e+01  -3.7085e+00
  1.4587e+01  -9.9129e+00
  2.9934e+00   2.9349e+00
 -1.9635e+00   4.1988e+00
  4.8794e+01  -1.2973e+01
 -1.8652e+01   1.0495e+01
 -9.0743e+01   6.9529e+01
  9.6077e-02   6.4215e-01
 -4.4490e-01  -4.5789e+00
 -1.1188e+01  -3.2083e+00
  2.8344e+01  -9.5925e+00
 -2.1328e+01  -4.1836e+00
  3.6309e+01   1.1259e+01
 -2.8338e+00  -1.2266e+01
 -4.5954e+00  -3.4834e+00
 -1.5005e+00   1.7613e+01
 -1.7843e+02   6.4213e+01
 -5.0132e+02  -4.9461e+02
  5.4980e+00  -5.3125e+00
  6.7734e+00   4.7582e-01
  3.7856e+00   6.3234e+00
 -2.8612e+00  -7.9583e+00
 -3.5673e+00   1.2122e+01
  9.8962e+00   5.5416e+00
 -5.6758e+00   3.0610e-02
 -2.8224e+01  -3.1144e+01
  2.3121e+02   2.1317e+02
 -6.8988e+00   8.3798e+01
  1.5220e+01   3.8905e+00
  2.3827e+00   7.1497e+00
 -5.3805e+00  -1.1765e+00
 -8.1684e+01  -1.2977e+02
  1.8692e+01  -1.3255e+01
 -1.5214e+00  -6.4616e-02
 -1.9179e+00  -4.5908e+00
  3.1971e+00  -2.3577e+00
 -2.2173e+01  -1.2444e+00
  1.6184e+00  -1.5085e-01
  4.1924e+00  -4.4268e+00
 -5.3472e+00   3.6778e+00
 -1.1106e+02  -1.0885e+02
 -1.0537e+00  -4.4276e+00
  1.2585e+01  -1.1635e+01
 -1.4316e+00  -1.3165e+00
 -3.2745e+00  -4.6608e+00
 -1.7690e+01  -1.5262e+00
 -2.0288e+00   1.9440e+00
  8.3195e-01  -5.2059e+00
  2.1311e+00   5.9326e+00
  1.1568e+03   2.3690e+03
  3.2046e+00   7.0521e-01
 -1.2420e+00  -1.4856e+01
 -4.6096e+00   1.3418e+01
  5.1629e+00   2.6640e+00
 -1.4305e+01  -4.2430e+00
 -1.1295e+01   6.3883e+00
 -2.5628e+00   2.3157e+00
  2.8363e+00  -9.3585e+00
 -3.6127e-01  -3.8921e-01
  1.6624e+00   3.2978e-01
  7.0021e+00  -1.0778e+00
 -1.2126e+01  -4.9328e-01
 -2.0784e+01   1.2588e+01
 -5.2182e+00  -1.1299e+01
 -7.2257e+02  -2.0378e+01
  1.8898e+00  -1.3179e+00
  3.8713e+00   9.9676e+00
  5.7326e+00  -9.7289e+00
 -1.3716e+01  -2.1947e+00
 -1.7267e+01  -3.5150e+00
  4.6395e+00   1.0623e+01
 -1.8224e+01  -1.8193e+00
 -3.8215e+01  -2.2935e+00
 -9.2548e+00  -1.4292e+01
 -9.9271e+00  -6.2676e+00
  4.2928e+01   2.4183e+01
  1.6499e+01  -4.2382e+00
 -2.5512e+00   7.5096e+00
 -5.1513e-01   2.2172e+00
 -4.5935e+00  -7.4973e-01
  7.0566e-01   1.0792e+00
 -1.0090e+00  -2.1449e-01
  3.6118e+00   5.5509e-01
 -2.0897e+00   8.6762e+00
 -8.6471e+00   2.1292e+01
  2.9714e+00   4.6191e+00
  9.9403e+00   4.5933e-01
  4.5090e+00   8.5335e+00
  8.3790e+00   1.2863e+00
 -9.2417e+00   3.8723e+00
  3.1413e+00  -3.4842e+00
 -3.4525e+01  -9.6938e-01
 -1.2462e+00   2.5913e+00
  3.3979e-01  -1.2298e+01
 -4.6591e+00   5.6155e+00
  7.9331e+00  -5.0309e+00
 -9.2426e+00   5.7362e-01
 -3.1874e-01  -2.8235e+00
 -1.2721e+00   2.2580e+00
  2.1527e+00  -4.0794e+00
  1.8575e+01   6.7892e+00
  5.9799e+00   2.3960e+00
  7.6226e-01  -5.9734e+00
 -8.8872e+00   3.0804e+00
  5.2503e+00   2.6820e+00
 -3.3737e+01   1.0189e+01
  4.0564e+00   1.3420e+00
  8.5378e+00   1.4576e+01
 -1.9253e+02   3.3249e+02
 -4.6218e+00   2.3707e+00
  6.4748e+00  -6.4538e+00
  2.2278e+00  -1.2094e+00
  5.0042e-01  -1.0626e+01
 -7.8347e+00   3.8773e+00
  8.2429e+00   1.1035e+00
 -7.2417e+00   6.3327e-02
 -1.3154e+00   2.1340e+00
 -3.8420e+00  -7.1192e+00
  2.8957e+00  -1.4167e+01
  1.8859e+01   7.8900e+00
 -2.0622e+00  -4.8376e+01
  8.3944e+00  -5.4707e+00
  5.5270e-01  -2.0053e+01
 -2.3128e+00   7.8016e-01
  2.4851e+01   1.0481e+01
 -2.4810e+00   1.7263e+00
 -3.6239e+00   3.3023e+00
  4.7074e-01   2.9758e+00
 -1.0253e+00   3.7568e-01
 -4.8800e+00   2.2149e+00
  6.3452e+00   3.9083e-01
 -1.8485e+00   1.9057e-01
  1.2203e+00  -2.8911e+00
  5.1299e+00   3.2752e+00
  3.1185e+00   7.7863e+00
  7.3540e-01   1.0731e+01
  2.7211e+01   2.6557e+01
 -9.7384e+00  -4.3424e+00
  1.3084e+00   2.6136e+01
 -6.8449e+00   2.6660e+00
 -2.2812e+01   1.4182e+01
 -4.3201e+00  -2.0369e+00
 -1.0061e+02   1.7430e+01
  1.1566e+01   3.4719e+00
  8.4992e+00  -7.9594e+00
  9.5386e+00   5.7771e+00
 -1.2958e+00   3.9451e-01
  1.9946e+00  -5.4092e+00
  5.8024e-01   2.6413e-01
  2.2489e+01  -1.6214e+01
  3.6125e-01   1.5457e+00
 -2.3933e+00   4.3579e+00
  1.4277e+00  -2.9818e+00
 -3.5859e+00  -4.5082e+00
 -1.8413e+00   3.2421e+00
 -2.6102e+00   3.9473e+00
 -5.7933e+00  -5.2275e+00
  4.6543e+00  -1.0954e+01
 -3.4661e+01  -2.2766e+01
 -3.3316e+00  -6.0949e+01
 -2.4117e+02   2.2385e+02
 -5.0023e+00  -3.8435e+00
 -5.0129e+00  -2.2960e+00
  2.9462e+00   1.2730e+01
  2.5197e+01   1.9135e+01
 -3.6353e+00   3.1615e+00
  4.7410e-01   5.3874e-01
  5.7465e+00   1.8464e+00
 -2.6144e+00   4.7284e+00
  3.2208e-01  -1.5281e+00
  7.3789e-02  -5.0773e+00
  2.6678e+00   3.6315e+00
 -4.3078e-01   3.6247e+00
  1.8898e+01  -2.1922e+00
 -7.9183e+00  -3.4071e+00
 -5.8787e+00   1.4555e+00
  7.2403e-01  -5.3567e+00
 -1.8645e+02  -2.1132e+02
 -5.0942e-02   7.2821e-01
  1.9936e+00   3.7136e+00
 -2.7057e+00   3.4118e+00
 -2.8268e+00  -1.5098e+01
 -6.1643e+00  -3.5290e+00
  2.6755e+00  -1.6420e+00
 -3.0929e+01  -3.9867e+01
  5.5348e+00  -3.4591e+00
  1.2238e+01  -1.0851e+01
  2.5989e+00  -1.6224e+00
 -1.6607e+02  -3.7356e+01
  1.0513e+01  -2.2345e+00
 -5.0935e+00  -6.3524e+00
 -1.6938e+00   6.3936e+00
  6.4710e-01  -6.3896e-02
  1.6196e+00  -7.5128e+00
 -5.5339e+00   2.9357e+01
  1.7223e+00  -1.4934e-01
 -8.8814e-02   2.3007e-01
 -1.7039e+01   1.0682e+02
  3.8391e+00  -1.2084e+00
  3.2147e+01  -1.9249e+01
 -1.2275e+01   2.2565e+01
 -4.9462e-02   1.5386e+00
  1.3332e+01   1.3842e+00
 -1.0012e+00   4.4634e+00
 -3.3639e+00  -6.5220e+00
  1.7401e+00  -2.6184e+00
  9.1748e-01   2.5699e+01
  1.8363e+00   1.1952e-01
 -5.1869e+00   2.9986e+00
 -3.9240e+00  -1.8109e+00
 -2.2858e+00   7.7198e+00
 -4.2278e+00  -5.7362e-01
 -1.4956e+01  -6.4192e+00
 -3.8615e+00  -1.1030e+00
 -2.1673e+01   3.0178e-01
 -1.1279e+01   1.1366e+01
  1.1295e+00   1.6026e+00
 -6.3070e+00  -1.3959e+01
  3.4141e+00  -4.6535e-01
 -5.3352e+00  -2.1913e+01
  1.4612e+01  -3.1585e+01
  7.6848e+00   4.2258e+00
  5.7726e+00   2.1985e+01
  8.4015e-01  -9.9568e-01
 -1.6817e+01  -6.1427e+00
 -8.2598e-01   4.0357e-01
  8.9551e+00  -6.0033e+00
  6.3063e+00  -2.1871e+00
 -1.7582e+00   3.8818e+00
  1.8217e+00  -5.8339e+00
 -8.1242e-01  -1.1599e+00
 -1.2287e+00  -1.6502e+00
  5.0626e+00  -4.4690e+00
  1.5737e+00  -6.0246e+00
 -2.1445e+00  -2.6674e+00
  1.2914e+01   2.3489e+01
  1.9045e+00   7.0482e+00
  1.9701e+00  -3.7008e-01
  2.3850e+01  -7.1833e+00
 -6.4552e-02  -1.1476e+01
  4.6652e+01  -7.8842e+01
 -7.9603e+00   8.1545e+00
 -4.2214e+00  -3.3529e+00
 -7.8523e+00  -4.3834e+00
  6.2201e+00  -2.8269e-01
 -6.2905e+00  -1.2563e+00
 -2.2682e+00  -3.9299e+00
 -2.4254e+01   2.5018e+01
 -6.5194e+02  -2.3508e+01
 -1.2712e+02  -2.2734e+00
  2.9411e+00  -4.5541e+00
 -2.7437e+00  -3.0995e+00
  7.7800e+00   1.0601e+01
  2.4625e+02  -3.0500e+02
  9.0533e+00  -1.2833e+01
  2.9963e+02   1.4432e+02
 -2.9746e+02  -1.2314e+01
 -3.6568e+00   8.3782e-01
 -3.0132e+00   1.0580e+01
 -6.9039e+01   1.7757e+02
 -9.0763e+00  -1.0367e+01
 -1.7013e+01  -6.9774e+00
  3.6039e+00  -1.3204e+00
 -2.4785e+00   3.8460e+00
  1.7527e+02  -4.7158e+02
  1.1100e+00  -5.2205e+00
 -4.1543e+00   8.5978e+00
  1.6668e-01  -1.7274e+00
 -2.1289e+01  -2.7926e+01
 -1.9720e+00  -1.4349e+00
 -6.2916e-02   2.5723e+00
  5.4087e+00  -1.8368e+00
 -4.9222e-01   3.2643e+00
  2.0943e+00  -2.4186e+00
  6.1943e+00  -2.9090e+02
  3.5752e+01   4.0497e+01
  2.3537e-01   1.7296e+00
  1.4608e+00   5.8910e+00
  1.2916e+00   5.1398e+00
  3.0844e+00   8.7834e+00
  1.4743e+01   4.9214e+00
  4.5688e-01   1.3600e+01
  1.4463e+01  -4.2961e+00
 -1.6334e+01   1.8505e+01
 -2.3644e+00   5.9324e+00
  5.9025e+00   3.2377e+00
  1.5100e+00   7.9089e-01
  3.2562e+00   8.1929e+00
  5.8417e+01   3.2677e+01
 -5.1631e+00  -1.0221e-01
  2.1195e+01   5.8885e+01
  1.1898e+01   3.8284e+00
 -2.4487e+01  -2.0066e+01
  1.7077e+00  -9.0629e-01
  3.1193e-01   2.0001e+00
  9.5626e-01  -9.1434e-01
 -4.8022e+01  -1.8665e+01
  5.9922e+01  -2.4995e+02
  1.1349e+00   1.3720e-01
 -1.0443e+01   5.7690e+00
  1.0052e+01  -1.8435e-01
 -1.5393e+01  -7.9525e+00
  1.1358e+01   1.9590e+00
  4.8565e+00  -1.1497e+01
  1.2154e+00  -2.6634e-01
 -1.5715e+02  -5.1208e+02
 -1.4324e+01  -1.7534e+01
 -9.1846e+00   7.7579e+00
 -2.2296e+01   6.3133e+00
 -5.5966e+00  -2.5626e+00
 -8.4271e+00   1.2507e+00
 -3.6712e+00  -6.3750e+00
 -7.2415e+01   5.3008e+01
  7.2112e-01   2.7161e+00
 -1.2309e+00   4.3358e-01
  3.5973e+00   9.9849e-01
  9.5580e+00  -1.2128e+01
 -6.4522e+00   2.1205e+01
 -2.9794e+00   1.9169e+01
  1.8560e+01  -9.7042e+00
  5.4076e+01  -1.7929e+02
 -1.7512e+02   7.7957e+01
 -1.3016e-01   3.3999e+00
  5.4364e+00  -1.9272e+00
 -6.5543e+00  -5.3898e+00
 -2.0963e+00  -1.2512e+01
  2.3456e+00  -7.5625e+00
  6.2056e+00  -2.4820e+00
 -2.6318e+00   3.4599e+00
  1.0542e+02   1.1757e+02
  6.0112e+00   5.9709e+00
 -5.3760e+00   3.5552e+01
  6.1200e+00   1.2169e+01
 -4.3520e+00  -1.8495e+01
  8.1990e+00  -2.0334e+01
  4.7315e+00  -5.3868e+00
 -4.2880e+00  -2.7811e+00
  5.9987e+02   2.1047e+03
 -1.4741e+00  -1.1635e+01
 -1.1318e+00  -5.1454e+00
 -4.6118e-01   2.9482e+00
  2.5950e+00  -2.8458e+00
 -1.0712e+01   2.9646e+00
  7.2455e-01  -6.1311e-02
  1.7034e+01   6.0217e+00
  1.7129e+01   4.5940e+01
 -1.4042e+00  -2.6500e+00
 -1.0134e+00   2.6518e+00
 -2.1884e+01  -2.6167e+01
 -1.7937e+00   1.9771e+00
 -3.7175e+01   2.8514e+00
  7.0950e+00  -2.9582e+01
  1.7859e+00  -5.7082e+00
 -1.2414e+01  -3.3019e+00
  9.2977e+00   2.7491e+01
 -2.7363e-01  -5.1407e+00
 -3.0694e+01   5.7129e+00
 -4.7358e+00   2.9880e+00
  1.1699e+00   1.6684e+00
 -8.9732e+00   2.9504e+00
  9.8538e-01   2.6023e+00
