  1.1529e+01  -2.2443e+01
  1.3648e+01  -2.1165e+00
  8.5973e+00   3.4776e+01
 -9.2784e+00  -2.9946e+01
 -2.4282e+02  -2.9518e+02
 -1.2357e+01  -4.3241e+01
 -2.0970e+00   7.1716e+00
 -4.1980e+00   2.2528e+01
 -4.8552e+00   4.7457e-01
  1.0812e+01   3.4858e+00
 -1.7863e+01  -3.5985e+00
 -2.9415e+01  -2.8811e+01
  9.4300e+01   5.3801e+00
 -2.2369e+02  -1.2489e+01
  3.0122e+01   4.6703e+01
 -6.8523e+01  -1.6222e+01
 -5.2755e+00  -9.7696e+00
  5.4152e+01   3.6061e+01
 -1.1747e+01  -5.7748e+00
  8.1837e+00  -1.7048e+01
  1.0266e+02   2.3985e+01
 -3.9289e+01   1.9669e+01
  1.9412e+01  -1.2265e+01
  1.6258e+00   1.1048e+00
 -9.9626e+01  -3.9739e+01
  7.0047e+00  -2.0472e+01
  4.1824e+02   1.1253e+02
 -6.0232e+02   1.5666e+03
  8.9810e+02  -5.7543e+02
  2.8883e+00   3.3095e+01
  7.5825e+01   3.0625e+01
  2.9803e+00   5.7212e+01
  4.3249e-01  -3.8264e+00
  1.6434e+02   8.0542e+00
  1.1182e+01  -2.1629e+01
  1.3718e+01  -4.9253e+00
  1.7251e+02   3.5193e+02
  7.3956e+00   2.3585e+00
 -3.8093e+00   5.5860e+00
 -1.2829e+01   6.2641e+01
 -3.6836e+01   2.6847e+01
  1.3890e+00  -2.3825e+01
 -2.6301e+01   1.6148e+00
  2.2638e+01   9.7805e+00
 -2.5126e+02  -9.7489e+01
 -6.6152e+01  -2.7379e+01
 -3.1488e+00  -5.0718e+01
 -5.5945e+01  -4.6558e+01
 -6.2809e+00  -1.3618e+01
  5.7700e+01  -2.4581e+01
 -1.3589e+02   1.3519e+02
  1.2467e+01  -1.0704e+00
  2.0788e+01   1.6357e+01
  6.0176e+00   2.9331e+00
 -2.5156e+01  -1.0100e+01
 -2.1815e+01   2.3745e+01
  2.1991e+00   2.0365e+01
 -1.2458e+01  -1.3553e+01
 -1.4633e+02   3.5328e+01
  4.2510e+01   9.1118e+01
 -2.4238e+01   1.0361e+00
 -1.2366e+02   6.9569e+00
 -2.5394e+01   7.8161e+00
  3.7611e+02   1.7942e+03
  1.3612e+00   4.7364e+01
 -2.4627e+00  -1.8076e+01
 -5.6727e+00  -1.9011e-01
 -3.6192e+00  -9.4050e+00
  1.7363e+03   5.2066e+01
  1.7022e+01   2.9113e+01
  8.2217e+00   1.0099e+01
  1.2654e+01   4.5746e-02
  7.0683e+00   7.8075e+00
  4.7829e+01  -4.3587e+01
  4.2994e+02  -1.8306e+02
  7.9492e+01  -4.0297e+01
 -3.7415e+00   1.9640e+01
  2.0748e+01  -4.5348e+01
 -9.8525e+00   1.3091e+01
 -3.7182e+01   6.5843e+00
  3.5109e+01  -5.5172e+01
 -2.2613e+01  -1.2260e+01
 -5.9296e+01  -1.1691e+02
 -8.6967e+00  -1.3260e-01
  3.2522e+01   2.4856e+01
  2.2567e+01  -1.2482e+01
  9.9418e+01   1.9243e+02
  6.7626e+00  -1.3504e+01
  6.2465e+00   7.2608e+00
 -3.2107e+01   3.4957e+01
  1.8667e+01  -1.9049e-01
  1.2334e+01   6.7350e+00
 -3.9987e+01  -6.3476e+00
  5.9223e+01   3.5070e+01
  2.9357e-01   7.0827e+00
 -1.6490e+00  -1.0855e+01
  8.2145e+01  -4.4321e+01
  1.3878e+01  -7.0770e+01
 -5.2159e-01   9.5053e+00
 -1.0475e+02  -4.5602e+01
 -1.3267e+01   1.0453e+01
 -2.8261e+02   2.3753e+03
  6.9350e+00   9.7448e+00
 -4.1756e+00  -1.1039e-01
  6.4221e+00  -1.7645e+00
 -1.0474e+01  -1.6618e+00
 -2.7688e+01  -3.8939e+01
  2.8067e+01   6.8203e+01
 -4.9308e+01   3.6162e+00
  1.6075e+01  -1.3993e+01
  8.4282e+00  -1.6472e+01
  2.0431e+00  -1.3209e+01
 -2.5947e+01  -2.2845e+00
  3.9793e+00  -9.0680e+00
 -8.9695e+01   5.4703e+01
 -1.1605e+01  -1.4820e+01
 -1.5963e+02  -7.0606e+00
 -1.9386e+01   3.4835e+01
 -8.3464e+01   2.1848e+01
  4.1534e+00  -2.9935e+00
 -8.6809e+00   1.3149e+01
  6.8369e-01   1.0288e+01
  1.6434e+01  -4.0450e+01
  3.0691e+00  -1.8509e+01
 -2.9167e+01   1.0936e-01
 -9.2832e+00   6.9947e-01
 -4.4360e+01   3.8992e+01
 -1.0140e+02  -6.0207e+00
 -9.6047e+00  -1.4564e+01
  1.0239e+02  -5.8085e+01
  1.1145e+02  -1.5255e+00
  1.2404e+00  -6.5526e+00
 -7.7410e+00  -5.4092e+00
  1.3303e+00  -9.9271e+00
  8.0737e+00   2.5957e+00
 -8.4553e+00   1.7480e+01
 -3.3606e+00   1.4427e+01
 -3.1508e+01   3.5368e+01
  1.0209e+01  -3.7128e+00
  1.1740e+01   1.1659e+01
  7.8863e-01  -3.8972e+00
  1.0970e+01  -6.4343e+00
  1.8753e+01   7.2140e-01
 -3.7783e-01  -1.4392e+01
  2.2621e+00  -2.5541e+01
  1.5388e+01  -2.4867e+01
  1.7244e+01   8.5417e+00
 -9.4849e+00  -4.9795e+00
  9.4466e+00  -8.8678e+00
 -1.5788e+01  -5.3038e+00
 -1.9253e+01  -7.2128e+01
 -3.3532e+01  -9.1050e-02
  1.6834e+01   1.5991e+01
  7.9704e+01  -4.0868e+00
 -1.7995e+01  -1.7322e+02
 -1.0041e+01  -1.6297e+01
  1.1299e+00  -2.8785e+01
  1.3794e+03   1.3267e+03
 -2.5574e+02   9.1833e+01
 -1.9601e+01  -1.3839e+01
 -1.0568e+01   8.6106e+00
 -9.4795e+00   2.2027e+01
 -7.5308e+00  -7.2384e+00
  3.9117e+02   1.3278e+03
  1.0087e+02  -8.9178e+01
 -4.2946e+01  -1.8717e+01
  5.1282e+00   9.1719e+00
 -1.4192e+00  -2.8165e+00
  6.5363e+00  -1.2933e+01
 -1.2127e+02  -1.8874e+02
  3.2500e+01   9.1737e+01
 -1.3747e+01  -3.6794e+01
 -9.0283e+02   5.7704e+02
  3.0028e+00   1.1024e+00
  1.2391e+00   2.1907e+01
  2.5577e+01   2.6682e+01
  9.4024e+00  -2.1097e+00
 -9.4091e+01   1.0087e+02
  1.4620e+02   3.0409e+01
 -2.4746e+01   2.9025e+00
 -6.5129e+01  -9.8009e+01
  2.3198e+01  -5.0814e+01
  1.8053e+01   5.8175e+00
 -3.4129e-01   6.5101e+00
  9.0407e-01  -2.3324e+01
  1.6735e+01  -6.2656e+01
 -2.2526e+01  -1.4083e-02
  1.0795e-01  -2.3444e+00
  1.1519e+01  -6.0666e+00
  1.8366e+02   2.1594e+02
 -1.4845e+01   9.1626e-01
 -6.3664e+01   6.5771e+01
  9.9017e+00  -4.4316e+01
  4.8296e+00  -2.0149e+00
  1.2998e+01  -8.1357e+00
  5.6606e+00  -3.2918e+00
  9.0489e+01  -2.4814e+02
  6.6429e-02  -2.5204e+00
  1.0517e+01   1.6233e+01
  1.5178e+01   6.8629e+00
  5.7327e+02  -5.1392e+02
 -1.2673e+00   4.8660e+00
  3.4150e+01   1.3372e+02
 -2.4682e+00   4.6799e+00
 -3.4289e+01  -7.8629e+00
 -1.4817e+02  -2.2970e+02
 -8.9727e+00   6.3349e+01
 -1.7179e+01   2.2403e+01
  3.1072e+02   1.7211e+02
 -2.0765e+01  -3.4740e+01
  2.6929e+02  -7.7337e+01
 -1.4900e+01   4.1979e+01
 -6.1441e+01  -4.5482e+01
 -7.6332e+00  -3.2905e+01
 -7.0813e+00  -1.2415e+01
 -5.3693e+00  -1.4286e+00
 -3.5209e+01   2.6364e+01
  5.3977e-01   1.1142e+01
 -3.7054e+01   2.2901e+01
  5.9603e+01   6.6247e+01
 -2.1654e+01  -1.6034e+01
  7.3671e+01  -1.9787e+01
 -3.5715e-01   8.0254e+00
  4.1686e+01  -7.1319e+01
 -4.4273e+00  -1.1742e+01
  3.2309e+02   1.9946e+01
  8.1852e+00   4.5644e+01
 -1.2283e+01   1.1377e+01
  6.6381e+00   2.0009e+01
 -2.7476e+01  -7.3071e+00
  3.6084e+00   4.2279e+00
  5.2418e+00   5.2469e-01
 -2.2774e+01   1.9945e+01
 -1.7461e-01  -6.3580e+00
 -1.3320e+00  -4.3325e+01
 -1.7609e+01   8.1820e+00
 -1.0841e+00  -4.2395e+00
  1.5548e+01   3.6302e+01
  1.1714e+01   2.7399e+01
 -6.4851e-01   1.9712e+01
  8.0366e+00   2.4269e+01
 -1.3867e+02  -2.3212e+02
  2.4444e+01   4.8772e+01
  4.4736e+01  -5.6548e+00
 -1.0960e+02   6.0476e+01
 -9.9776e+01   3.5780e+01
  1.4429e+00   1.0060e+01
  8.4100e-01  -1.5059e+01
 -6.4577e+00   1.6687e+01
  3.4579e+00  -5.7554e+00
  1.0290e+01  -2.7666e+01
  2.3257e+02   1.5274e+02
  1.3796e+01  -1.4046e+00
  1.4091e+01  -3.5780e+01
 -3.6327e+01  -1.0503e+02
  6.4516e+01   6.5094e-01
 -2.0498e+00  -9.7731e-01
  1.7897e+01  -1.5738e+01
  1.5238e+00   2.0327e+00
 -1.0939e+01  -1.3738e+01
 -3.0234e+01   2.2435e+01
  5.8431e+00   8.5309e+01
 -2.7536e+01   2.8493e+01
 -2.7305e+01   3.3800e+00
  6.0798e+00   1.4330e+00
 -4.1955e+01  -1.2406e+01
  5.8483e+01  -4.6417e+00
 -6.1053e-01  -7.8896e+01
 -1.9080e+02   5.9500e+02
  2.1215e+00  -8.8804e+00
 -1.0992e+02   1.9823e+02
 -5.5628e+01  -2.0241e+01
 -7.8664e+00  -6.7424e+00
 -1.6680e+01   1.3611e+01
  3.3310e+01  -1.1794e+01
  1.6775e+01   1.7399e+01
  1.4942e+01   1.9352e+01
  5.6300e+00  -2.3694e+01
 -1.4596e+00  -2.8421e+01
  8.9019e-01  -4.0197e+01
 -8.8468e+02  -2.8287e+02
 -9.0938e+00  -7.4034e+00
 -9.5995e+00  -5.5385e+01
 -2.9347e+01   6.0416e+00
 -7.2386e+00  -8.8591e+02
 -6.7402e+00   1.3072e+00
  9.1299e+01  -5.0698e+01
  1.8594e+01  -7.9079e-01
  1.1174e+01  -2.2363e+00
 -1.2791e+01  -4.3514e-01
  9.0292e+00   9.9702e+00
 -5.8912e+00   1.9190e+01
  4.5315e+00   3.1922e+00
  1.4553e+00   2.1881e+01
  3.0612e+00   1.7302e+01
  6.4685e+01  -1.4200e+01
  7.9561e+01   7.4677e+01
 -2.7481e+01  -2.0202e+01
 -2.7814e+00  -1.7583e+01
  2.1716e+02  -1.6696e+02
  2.9376e+02  -5.6080e+02
 -7.5603e+00  -3.6911e+01
 -1.1217e+02   1.1109e+02
 -1.3727e+01  -1.3378e+01
  3.2504e+00   3.5222e+01
 -3.7231e+01  -2.9883e+01
  3.6868e-01   8.5091e+00
  5.3716e+01  -1.2405e+01
 -1.6147e+01  -3.8928e+00
  1.3421e+01   2.9836e+01
 -6.3396e+00  -8.4793e+00
 -5.2585e-01   1.4583e+01
 -2.4980e+01   2.0941e+01
 -2.2533e+02  -8.1495e+01
 -1.0946e+01  -5.3839e+01
  5.6987e+01  -2.1075e+01
  4.3595e+01   2.0419e+01
 -1.1335e+01  -2.0300e+00
  5.2447e+00  -3.2968e-01
  3.0131e+01  -3.6464e+01
 -6.8097e+00   1.0400e+01
  1.7274e+01   4.5989e+01
 -1.5055e+02  -2.0975e+01
 -3.1931e+00  -1.2200e+01
  7.1562e+00   1.3782e+01
 -1.5356e+01   2.6028e+01
  4.7150e+00  -9.0529e+00
 -7.3820e+00   2.3555e+01
 -1.0069e+01   2.7515e+01
 -2.1467e+00   8.0721e+00
 -4.3073e+01   4.0213e+00
 -1.4598e+01  -1.2404e+01
 -2.6001e+02   5.9755e+02
 -2.2673e+01  -7.1055e+00
  7.0782e+01   1.6584e+01
  1.2059e+01  -1.9779e+01
  2.9286e+02  -1.1385e+02
 -1.4840e+01   1.4971e+01
 -1.0549e+03   1.2842e+03
 -5.8520e-01   2.4140e+01
 -1.5360e+01  -6.1859e+01
  3.2308e+01   5.7300e+00
  2.4175e+01   3.6474e+01
 -2.1954e+01   2.2946e+01
 -2.6446e+01   2.4774e+01
 -7.9673e+00   6.8748e+00
  3.4586e+01   4.2699e+01
 -2.1837e+02   9.8161e+01
 -2.1002e+02  -1.7779e+02
 -3.7104e+01  -1.5377e+01
 -1.3367e+01  -2.5496e+00
 -8.6698e-01   6.8354e+00
  3.2934e+01  -2.7919e+01
 -2.1699e+01   1.1426e+01
  2.4064e+00  -2.1274e+01
 -2.7020e+01  -5.2469e+01
  2.1380e+02   1.7089e+02
 -5.1419e+01   1.3130e+03
 -1.1116e+03  -4.9120e+02
  2.1189e+00  -6.9305e+00
 -1.1150e+02   5.7274e+01
  3.2402e+02  -1.5858e+01
 -2.5178e+01  -7.8449e+00
  5.1062e+02  -2.6822e+02
  5.4869e+01  -1.9346e+01
  5.0879e+00   1.5714e+01
 -7.8723e-01   4.4564e+00
  8.9447e+00   4.7143e+00
 -4.6657e+01   2.3872e+01
 -3.6239e+01   4.4119e+01
 -2.4377e+01   4.7547e+01
  3.1955e+00   1.9867e+01
 -1.5315e+01  -1.4820e+01
  4.7524e-01  -1.0512e+01
 -1.3683e+01  -3.2878e+00
  1.0313e+00  -2.1374e+01
 -2.4325e+00   1.5072e+00
 -5.2851e+01   5.2778e+01
 -1.0400e+02   1.6038e+02
  4.4388e+01   3.2947e+01
 -2.5920e+01  -2.5320e-01
 -8.6397e+01  -8.7179e+00
 -3.9152e+01   7.2983e+01
 -2.8770e+02   1.1981e+02
 -8.0045e+00   3.1081e+02
  9.3589e+00   7.5043e+00
  1.5450e+01  -1.2514e+01
  7.7452e+01   1.6605e+02
 -5.5029e+02  -3.2660e+02
 -1.8634e+01  -5.5063e+01
  1.2319e+01  -6.7591e+01
  1.2517e+00   6.3572e+00
 -4.9714e+00  -1.2046e+01
  1.4394e+00   4.8996e+00
 -8.0867e+01  -8.3322e+01
 -3.3094e+01   9.6003e+00
 -5.5358e+00  -7.1480e+00
  3.0285e+01  -3.7740e+01
 -6.0555e+00   2.1395e+00
  5.5060e+00   5.9607e+00
  1.2424e+01   1.8933e+00
  2.3570e+02   6.8255e+00
 -7.7697e+01  -1.1689e+01
 -3.3934e+01   7.2819e+00
  1.5754e+02   2.3351e+02
 -3.1730e+02  -1.1294e+02
 -2.6494e+01  -4.7586e+01
  1.4243e+00   5.4090e+00
  1.4250e+01  -3.2098e+02
  7.6028e+00  -1.3884e+01
  8.1902e+01  -7.8101e+00
 -1.1218e+01  -6.1250e+00
 -4.8569e+01   6.4630e+01
  5.0617e+00   1.7785e+01
 -5.7037e+00   7.7253e+00
  1.1389e+02  -2.7712e+01
  4.7096e+02   5.4231e+02
 -3.6179e+01  -5.3412e+01
  5.9000e+00   9.1091e+00
  4.9479e+01   2.6739e+00
  2.4900e+00  -2.7385e+01
  7.7160e+00  -4.7690e+00
 -1.8812e+01  -2.2569e+00
  8.7692e+00   1.7275e+01
  7.8871e+01   2.6802e+01
 -6.3293e+00  -2.7611e+01
 -8.6411e+01  -5.4573e+01
 -4.4024e+00  -2.6027e+01
  9.0962e+01   3.0720e+01
 -1.9112e+01  -3.3598e+00
  1.2817e+01   2.4354e+00
  1.2868e+01   7.3770e+01
  3.9735e+01   3.4355e+01
  1.4584e+01   2.5044e+01
  6.4214e+00  -1.9971e+01
 -8.0556e+00  -2.7287e+01
  1.4206e+02   1.0849e+01
  1.2517e+01  -3.4219e+01
  9.8251e+00  -1.6413e+01
  9.0614e+00   4.4277e-02
 -1.0937e+01   2.0921e+00
  9.8291e+01   2.4453e+01
 -1.4416e+02  -2.4797e+01
  9.3095e+00  -1.1828e+01
 -1.2843e+00   3.9989e+01
 -4.7843e+00   1.3659e+01
 -1.2610e+01   1.0007e+00
 -3.9326e+00  -1.7648e+01
  4.9984e+00  -7.1554e+00
  1.0535e+01   1.2404e+01
  5.1269e+01  -5.8912e+01
 -7.3417e+00   2.1070e+00
  6.7031e+00  -6.3259e+01
  1.9442e+01  -1.8474e+01
  3.1309e+01   1.0750e+02
 -1.8765e+01   1.8240e+01
 -4.8376e+00   1.2455e+01
 -2.6489e+00   5.3037e+00
 -6.3371e+01  -1.0726e+02
 -8.3066e+01  -1.6116e+02
 -3.2269e+01   6.4428e+01
 -1.4032e+01   9.5753e+00
  1.8838e+01  -7.4862e+00
  1.1188e+01  -6.3715e+00
  3.2025e+01  -2.7501e+01
  2.4233e+01   2.7010e+01
  7.8896e+00   3.4650e+01
 -9.1390e+00  -8.0444e-01
 -1.1735e+01   1.9023e+01
 -4.2998e+01  -4.5783e+00
 -1.9626e+01  -4.4115e+00
  2.3699e+00   3.8099e-01
 -6.0047e+01   1.9442e+00
  2.7172e+00   4.9351e+00
  1.2702e+01   8.6129e+00
  3.2333e+02   1.3873e+02
 -3.4896e+01  -2.5975e+01
  3.4633e+00  -9.6756e+00
  3.4157e+01  -2.5385e+01
  6.1642e+00  -8.4336e-02
  1.3896e+01  -9.1553e+00
  9.1681e+01  -3.5802e+01
  1.2871e+02  -1.0184e+02
 -1.3478e+00   2.6645e+00
 -5.5464e+01   2.4813e+01
 -8.1016e+01  -2.8428e+02
  3.1415e+01   1.5944e+01
 -8.1056e+01  -1.8755e+01
 -5.4398e+01  -5.1329e+01
 -2.2667e+01  -2.5427e+01
  2.1644e+01   1.2203e+02
  4.9202e+01  -9.3525e+01
 -7.3136e+01   3.3477e+01
 -3.5564e+01   2.9900e+01
  1.6492e+01   1.8568e+01
  5.7689e-01  -1.6758e+01
 -8.2409e+00   1.2872e+01
  1.2059e+01  -1.0093e+01
  6.5664e+00  -4.1218e-01
  7.8660e+02   8.5569e+01
 -1.5554e+03  -5.5102e+03
  2.0455e+01   1.1061e+01
  1.1330e+02   8.9769e+00
  1.0572e+01   1.8911e+01
 -3.7746e+01   3.5041e+00
 -7.9072e+00  -5.7314e+01
  1.5379e+01  -4.0774e+00
  4.1495e+01   2.3519e+01
 -7.9536e+00   8.8661e+00
  6.8270e+01   2.8398e+01
 -4.7388e+01   3.1495e+01
  2.5479e+02   2.8166e+02
  2.2775e+00   8.2356e+00
  4.4532e+01  -2.0275e+01
  4.5363e+00   2.5778e+01
  2.4625e+01  -3.6197e+01
 -4.6202e+01   8.2907e+01
  2.3356e+01  -6.3144e+00
  7.5195e+01  -9.1430e+01
 -9.4738e+01  -1.2797e+00
 -4.7485e+00  -4.4269e+01
 -3.5919e+00  -9.6965e+00
  1.2421e+00   8.7413e+02
  9.4709e+01   6.7589e+01
  6.5138e+00   4.9325e+00
  1.4016e+01   7.5484e+00
 -4.3901e+00  -5.5050e+00
  8.3039e+00   4.8246e+00
  7.0288e+00  -1.7622e+01
 -8.8807e-01   7.6677e+00
 -1.7527e+01  -4.7464e+00
  8.9948e+02   2.8055e+02
 -1.0524e+01  -2.3971e+01
 -2.3221e+01  -6.2085e+01
 -3.4650e+01   1.5665e+01
 -1.2262e+02  -6.7424e+01
  1.4170e+02  -3.7366e+01
 -1.6088e+00  -3.2351e+01
 -1.1087e+01   1.9746e+01
  3.4775e+01   2.2225e+01
 -9.6204e+00   1.1092e+01
  2.8936e+01   2.7477e+01
  1.7873e+00   6.5649e+00
  1.2851e+01   2.2632e+01
  1.4058e+00   1.3348e+00
 -2.3684e+01   3.4772e+00
 -1.5236e+01  -2.1603e+01
 -1.6208e+01   1.3242e+01
  7.5500e+00   1.7541e+01
  4.9528e+01   2.7537e+01
 -2.9785e+00   4.4294e+00
 -2.3338e+00  -1.0080e+01
  5.5052e+01  -1.1213e+02
  5.4856e+00  -2.2459e+01
  1.2395e+01   1.1791e+01
 -2.3497e+00   3.8111e+01
 -3.6789e+01  -1.2662e+01
  1.0657e+01   1.0181e+01
 -2.9942e+01   3.9872e+01
  2.8399e+01   8.8570e+00
 -1.4638e+01  -3.2667e+01
 -3.0157e+03  -6.1777e+03
  1.7244e+00   1.3167e+01
  2.2922e+01  -6.8586e-01
  4.6746e+01   8.4120e+00
  8.4785e-01   1.1752e+01
  1.4796e+01  -2.4746e+01
  4.0217e+00  -7.4342e+01
 -2.6532e+01  -5.8650e+01
 -1.5894e+02   2.9360e+01
 -1.3187e+00  -7.9993e+00
  4.2580e+00   1.9576e+00
  1.8191e+03   4.4032e+01
 -1.5703e+01  -1.7092e+01
  4.4462e+01   6.2042e+01
 -2.0008e+01  -2.2187e+01
 -6.4012e+01   4.9671e+00
  1.6376e-01  -1.7315e+01
  7.2395e+01   1.1288e+02
 -5.6720e+01  -8.8499e+00
 -1.6930e+01  -6.6224e+00
 -1.9968e+01  -1.2313e+01
  7.7524e+01   2.6336e+02
  1.1571e+02  -1.3402e+02
 -2.4339e+00   6.5111e+00
  7.1468e+01  -1.5130e+02
 -1.3573e-02   4.2168e+01
 -1.3202e+01   3.8157e+01
  6.3559e+00   2.3813e+01
 -5.9331e+02  -5.2771e+02
  1.0512e+03  -1.3018e+03
 -1.0075e+01  -6.0199e+01
 -3.5033e+00   2.3952e+01
 -3.8243e-01  -1.3457e+01
  2.1649e+01  -1.9792e+01
  2.3004e+02   1.2448e+02
  2.3114e+01   1.7109e+02
  6.8477e+00  -1.7330e+01
  6.4579e+01  -1.3128e+02
  2.1781e+01  -3.1105e+02
  2.1834e+01  -9.2424e+00
 -7.8468e+00  -1.2972e+01
  1.3706e+01   1.8045e+01
  1.0120e+01   3.9035e+00
 -4.2405e-01  -9.5893e+00
 -2.2339e+01  -1.6499e+01
  1.3916e+01  -9.2612e+00
  1.5164e+01   8.0328e+00
  2.0035e+02   3.5549e+01
  4.0164e+01  -9.8421e+00
 -8.4986e+00  -4.6738e+01
 -2.2620e-01  -2.7538e+00
 -3.0277e+02   5.5134e+02
 -9.9885e+00  -2.2378e+00
  4.3948e+01   2.9462e+01
 -3.5909e+01   3.2055e+02
  4.9319e+01   9.2739e+01
  1.6591e+01   7.3537e+01
  2.5800e+01  -2.9292e+00
 -8.7917e+00  -8.7683e+00
 -4.4666e+01  -1.9797e+02
  5.1750e-01  -1.7260e-01
  1.5089e+01  -5.3295e-01
  1.6230e+01  -2.0564e+00
 -5.1355e+00   2.5339e+00
 -1.8388e+01   3.2836e+01
  8.5886e+00  -6.8688e+00
  4.6186e+01   3.4312e+01
  2.3784e+01   3.7713e+00
  3.9504e+01  -2.8621e+02
 -3.6274e+01  -4.7998e+01
  1.1167e+02   1.5180e+01
 -5.4700e+01   4.5820e+01
  1.0819e+02   4.3311e+01
  6.3764e+00   6.1772e+00
  1.0204e+01   1.6807e+01
  6.0155e+00   1.4987e+01
 -2.5023e+01   2.0429e+01
  2.5625e+01   8.0564e+00
 -3.6170e+01  -8.4784e+00
  4.0510e+01  -4.3609e+01
  1.8825e+00   1.9378e+01
  2.2580e+02  -7.6563e+01
  1.5070e+02  -4.8932e+01
 -3.8309e+01   3.2236e+01
 -2.2660e+02   1.7543e+02
  1.5516e+01   2.4208e+01
  9.7899e+00  -2.1189e+01
 -3.6018e+01  -1.2150e+01
  1.2841e+02  -3.9704e+01
 -9.3440e+01  -3.4280e+01
  9.4497e+01   2.9702e+01
 -5.3281e+00  -4.2345e+01
 -3.1340e+01  -2.8900e+01
 -7.2920e+00   8.1970e+01
 -4.7958e+02   1.8085e+02
 -1.3653e+03  -1.3270e+03
  2.0294e+01  -1.2530e+01
  3.2218e+01   7.7931e+01
  2.2372e+01   6.1385e+01
 -6.7145e+00  -1.6434e+01
 -1.6328e+01   4.0010e+01
  2.7717e+01   2.1868e+01
 -9.1922e+00  -2.1870e-01
 -7.5208e+01  -8.5375e+01
  5.8813e+02   5.4210e+02
 -1.7781e+01   2.1160e+02
  2.5725e+01   7.7205e+00
  1.8180e+01   2.5168e+01
 -1.4034e+01   1.4854e+00
 -2.1747e+02  -3.4834e+02
  6.1539e+01  -4.5566e+01
 -8.8230e+00  -2.9637e+01
 -5.2922e+00  -3.0004e+01
  2.8111e+02   6.1311e+01
 -1.5913e+02  -7.4448e+00
  1.7288e+01   8.8336e+00
  6.7235e+00  -6.0553e+00
 -1.3505e+01   2.2238e+00
 -2.9630e+02  -3.0331e+02
 -1.2190e+01   1.5997e+01
  5.0822e+01  -2.6645e+01
  8.3254e+00   4.0739e+00
 -9.0397e+00  -6.6547e+00
 -4.1890e+01   6.7475e-01
 -5.9462e+00  -6.8362e+00
 -2.4125e+00   9.9018e+00
  2.3539e+01   3.6859e+01
  3.0202e+03   6.1816e+03
 -7.2562e+00   1.3897e+00
 -1.9935e+01  -6.2706e+01
 -1.3980e+00   3.0558e+01
  1.9996e+01   2.3869e+00
 -3.6354e+01  -1.9158e+01
 -2.9813e+01   5.6731e+00
  4.9496e+00   5.2154e+00
  1.6035e+01  -3.7166e+01
 -2.8258e+01  -1.8762e+01
 -2.2446e+00  -9.2857e+00
 -2.9050e-01  -1.2350e+01
 -3.9082e+01  -3.7474e+00
 -6.6305e+01   3.6613e+01
 -2.7274e+00  -3.0118e+01
 -1.8245e+03  -4.9857e+01
  4.6958e+02  -2.0649e+02
  7.3552e+00   6.3575e+00
  1.0896e+01  -1.9467e+01
 -3.8673e+01  -1.5823e+00
 -4.9109e+01  -9.6495e-03
  1.6049e+01   4.3723e+01
 -5.4849e+01  -1.2578e+01
 -1.0381e+02  -7.8738e+00
 -1.0616e+01  -3.1918e+01
 -7.1451e+00  -1.1153e+01
  1.3216e+02   7.4966e+01
  4.4548e+01  -2.0219e+01
 -2.1265e+01   2.8103e+01
 -1.8412e+01   2.0350e+01
 -6.0661e+01   1.0381e+02
  4.1714e+00   3.8102e+00
 -2.9669e+01   6.4449e+00
 -1.1867e+01  -1.3159e+01
  2.5886e+01   5.0403e+01
 -2.5526e+01   5.8571e+01
 -7.8063e+00   1.7473e+00
  3.8102e+01   7.5068e+00
 -3.4238e-01   1.7449e+01
  1.1066e+01   1.3027e+01
 -1.8598e+01   3.0916e+01
 -1.3879e+00   9.9881e-01
 -1.5145e+02  -1.8740e+00
  1.3137e+01  -6.0000e-01
  4.0822e+00  -3.8692e+01
  4.9191e+00   1.8657e+00
  5.7157e+01  -5.8646e+01
 -1.3769e+01   1.1467e+01
  7.8399e-01  -8.7434e-02
  5.0011e+01   3.1922e+00
  4.7011e+01  -8.8848e+00
  4.5343e+01   9.7838e+00
  2.4895e+01   2.8640e+01
  4.9554e+00  -5.2322e+00
 -3.0486e+01  -4.0547e+01
  3.2086e+01   6.6376e+00
 -1.0031e+02   3.5193e+01
  2.3837e+00   1.3463e+01
  2.8511e+01   4.6247e+01
 -5.4103e+02   9.2257e+02
 -1.5174e+01  -5.8887e+00
  1.1556e+01  -2.2183e+01
  2.7458e+02  -2.3673e+03
 -1.1358e+01  -4.3508e+01
 -2.3624e+01   8.1282e+00
  6.5102e+00   8.6208e-01
 -1.0270e+01   1.4104e+01
  2.6039e+01   1.2320e+01
 -2.3256e+01   4.0211e+01
  4.4551e+00  -4.9169e+01
  5.6639e+01   1.7847e+01
 -6.5729e-01  -1.2361e+02
  2.4945e+01  -2.5360e+01
  4.5295e+00  -1.0992e+02
 -1.0569e+00   4.8398e+01
  6.0773e+01   2.5375e+01
  1.1117e+00   1.2510e+01
 -4.0803e+00  -6.1432e-01
 -1.5029e+01   1.3631e+01
 -1.4173e+01   5.8739e+00
  5.8023e+01   1.4434e+01
  3.2466e+00   9.1963e-01
 -9.5001e+00   4.4164e-01
  1.3759e+01  -6.7891e+00
 -3.8843e+00   5.1143e+00
  1.6263e+01   5.2437e+00
 -4.9379e+00   1.4026e+01
  8.6841e+01   7.6906e+01
 -1.0513e+01  -2.0542e+01
  3.3343e+00   8.2197e+01
 -5.8411e+00   9.6081e+00
 -5.6062e+01   3.4155e+01
  1.0819e+01  -1.3021e+01
 -2.9766e+02   4.9478e+01
  1.4197e+01   7.9954e+00
  2.5771e+01  -3.1801e+01
  1.8988e+01   1.1376e+01
 -1.8471e+01   4.1932e+01
  2.8891e+02  -6.1180e+02
 -1.4717e+01  -1.2526e+01
  6.1651e+01  -3.4450e+01
 -1.2265e+01   1.7993e+01
 -1.0176e+01   1.0018e+01
  2.2280e+01  -3.8205e+00
 -2.2731e+00  -2.2065e+01
 -2.7344e+01  -3.2174e+00
  5.2558e+00   2.0864e+00
 -1.0812e+01  -1.3392e+01
  2.5652e+00  -1.9335e+01
 -9.0359e+01  -6.9345e+01
 -2.1423e+01  -2.9078e+02
 -6.0927e+02   5.6510e+02
  4.1286e+01   8.0385e+00
  3.0734e+00  -1.3767e+01
  2.3833e+00   2.8752e+01
  1.0561e+02   8.6197e+01
 -2.3685e+01   1.8415e+00
 -2.4546e+01  -1.1022e+01
 -1.5443e+00  -3.0582e+00
 -1.5978e+00  -1.4133e+01
 -3.3136e+01  -6.1594e+01
  1.0942e+01   9.4198e-02
  5.9677e+01  -4.0752e+01
  7.2607e+00  -1.7888e+01
  6.3063e+01  -1.4587e+01
 -2.1245e+00  -2.2984e+00
 -2.0071e+01   6.3208e+00
 -7.1506e+00   2.8275e+01
 -4.8042e+02  -5.4567e+02
 -1.0296e+01  -1.3666e+01
  5.1355e-01   1.3269e+01
  7.7411e-01  -2.6895e+00
 -1.2661e+01  -2.8776e+01
 -4.7776e+00  -1.8693e+01
 -8.7624e+00   1.7570e+01
 -8.0572e+01  -9.5636e+01
 -2.6978e+02  -8.5364e+01
  2.8314e+01  -2.2104e+01
 -1.1393e+00   2.8300e+00
 -4.1984e+02  -9.3592e+01
  4.9516e+01   9.5207e+00
  1.1572e+01  -1.7467e+01
 -2.6089e+01   6.4697e+00
 -4.6033e+02   2.1397e+02
  1.9080e+00  -7.0660e+00
 -1.0038e+01   7.1118e+01
 -1.9832e+01  -1.2184e+01
 -1.7062e+00   5.3152e+00
 -3.9303e+01   2.8248e+02
 -3.8885e+01  -5.9059e+01
  8.3447e+01  -4.7356e+01
 -5.1880e+01   7.2228e+01
  2.4233e+01   1.4052e+01
  3.0890e+01   1.9240e+00
 -3.8952e+00   2.9426e+01
  1.6358e+00  -3.2568e+00
 -1.2754e+02   2.9644e+02
 -1.4668e+00   5.9049e+01
  7.4976e+00  -1.6011e+01
  3.0280e+00   3.0916e+00
  9.3102e+00  -2.3613e+00
 -1.9058e+01   4.7485e+01
  6.3779e+00  -1.5699e+01
 -6.5158e+01  -5.8685e+01
 -2.4279e+01  -4.2119e+01
 -5.2156e+01   3.4736e-02
 -2.0320e+01   3.3272e+01
 -1.3324e+01  -7.8851e+00
 -1.4579e+01  -3.3691e+01
 -3.1041e+00   1.4307e+00
 -2.9268e+01  -1.0370e+02
  3.4068e+01  -8.0736e+01
  4.2212e+00   2.8836e+00
  1.1526e+01   5.1616e+01
  1.7662e+01  -2.1044e+01
 -4.1920e+01  -3.2219e+01
 -3.0242e+01  -4.6023e+01
  3.1368e+01  -1.9880e+01
  4.9064e+00  -1.9115e+01
 -9.3321e+00   5.5482e+00
  3.3433e+00   1.0117e+01
 -7.6781e+00  -1.9890e+01
  5.3496e+00  -2.2373e+00
  4.8228e+00  -2.8556e+00
 -2.9996e-01  -1.4198e+01
  3.6101e+00  -3.9909e-02
  6.2762e+01   8.0570e+01
  6.5196e+00   8.0887e+00
 -7.9975e+00  -4.6575e+00
  6.3253e+01  -3.4850e+01
 -8.4551e+00  -2.4319e+01
  1.1530e+02  -2.0130e+02
 -1.9168e+01   2.6473e+01
 -2.8289e+01  -7.0805e+00
 -2.1506e+01  -1.0364e+01
  8.5157e+00   7.0926e+00
  1.7678e+00   2.7788e+00
 -8.0073e+01   1.4893e+02
 -7.7766e+01   8.1623e+01
 -1.7439e+03  -5.7828e+01
 -3.2183e+02  -5.0736e+00
  6.2093e+00  -8.4996e+00
  3.9278e+00  -7.7387e-01
  2.6271e+01   7.5049e+01
  6.8039e+02  -8.5223e+02
  2.4462e+01  -2.4267e+01
  1.0709e+03   5.0115e+02
 -8.0176e+02  -3.3849e+01
  9.0725e+00   3.3558e+00
 -1.2301e+01   2.0966e+01
 -1.6672e+02   4.6364e+02
 -9.8753e+01  -1.2791e+02
 -4.3970e+01  -1.6397e+01
  3.4333e+00   6.6457e+00
 -6.3669e+01  -1.1621e+01
  5.7529e+02  -1.5460e+03
  2.9976e+00  -8.1511e+00
 -7.7906e+00   1.6724e+01
  4.3749e+01   1.4130e+01
 -4.8585e+01  -6.8970e+01
  4.9858e+00  -1.3058e+00
  7.5389e+00  -5.9468e+00
 -2.2314e+00  -1.7464e+01
  3.6171e-01  -1.4554e+00
  1.5250e+02  -2.6231e+02
  2.6378e+01  -1.3042e+03
  8.6475e+01   1.0642e+02
 -1.2518e+01  -2.9065e+00
  1.6695e-01   1.9581e+01
 -2.6732e+00  -6.0418e+00
  7.0736e+00   7.5370e+00
  4.3415e+01   9.7841e+00
 -1.3207e+01   2.2467e+01
  3.4343e+01  -8.0055e+00
 -8.6263e+01   1.0796e+02
  8.9477e+01  -1.4820e+01
  1.4654e+02   2.6819e+01
  9.3158e-01   1.0160e+01
  1.2095e+01   2.2732e+01
  5.4361e+02   3.2840e+02
  5.8059e-01   1.7065e+00
  5.5800e+01   1.5436e+02
  2.1603e+01   5.4744e+00
 -6.2053e+01  -7.0159e+01
 -3.0850e-01  -5.5587e-01
  3.8501e+00  -1.0003e+01
  1.5519e+01   2.7795e+01
 -1.2345e+02  -4.8848e+01
  1.7010e+02  -6.7173e+02
 -1.3179e+01  -8.7395e+00
 -1.4701e+01   3.0019e+01
  4.1857e+01   1.4211e+01
 -2.5975e+01  -2.2505e+01
  5.1875e+01  -2.3595e-02
  9.1831e+00  -2.0285e+01
 -1.4277e+01  -5.0304e+00
 -3.9860e+02  -1.3347e+03
 -1.8900e+02  -2.0874e+02
 -1.7081e+01   3.7215e+00
 -6.3225e+01   8.2978e+00
  4.1862e+00  -2.7838e-01
 -1.6794e+01   5.5774e+00
 -4.5710e+00   2.4922e+00
 -1.8079e+02   1.3235e+02
 -1.5250e+01  -1.3235e+01
 -1.6675e+01   1.2937e+01
  7.3941e+00  -2.5335e+00
  1.3407e+01  -4.5401e+01
 -1.7974e+01   6.4339e+01
 -1.6656e+01   7.6166e+01
  5.4304e+01  -2.6965e+01
  1.5452e+02  -4.6760e+02
 -4.6039e+02   1.9985e+02
  5.9628e+00   9.8010e+00
  8.1056e-01  -4.0380e+00
  2.6370e+00  -2.0166e+01
 -2.2080e+01  -6.8499e+01
  1.3359e+01  -1.8523e+01
 -3.5541e+02  -1.7456e+03
 -7.6575e+00  -5.4972e+00
  2.8638e+02   3.0622e+02
  4.1394e+00   5.0729e+00
 -1.5096e+01   8.6510e+01
  1.3270e+01   2.3584e+01
 -7.1283e+00  -4.5724e+01
  1.9943e+01  -5.4648e+01
 -2.0137e+00  -2.5932e+00
 -1.5231e+01   4.8048e+00
  1.5609e+03   5.5030e+03
 -1.2410e+01  -3.6500e+01
  5.9353e+00  -4.8661e+00
  9.7815e+00   1.2751e+01
  2.2666e+01  -8.0460e+00
 -1.1461e+02   1.8669e+01
  8.1906e+00  -6.0965e+00
  3.7258e+01   1.8561e+01
  5.1312e+01   1.1083e+02
 -4.2428e+01  -1.5543e+01
  6.4776e-01   6.8267e+00
 -5.4908e+01  -8.3238e+01
 -5.5112e+00   9.6133e+00
 -9.6553e+01   8.9720e+00
  1.6560e+01  -7.1904e+01
 -1.4115e+00  -3.0003e+00
 -3.2586e+01  -1.2791e+01
  3.8191e+01   1.1481e+02
 -2.0785e+01  -8.8806e-01
 -1.2291e+02   2.4688e+01
 -2.6414e+01   1.9145e+01
  1.5351e+01   1.5899e+01
 -2.4324e+01   1.5263e+01
  1.9759e+01   1.1143e+00
