  1.2115e+00  -7.9329e+00
 -2.7924e+00  -9.5555e-01
  5.2892e+00  -4.9940e+00
  6.9914e+00  -6.4743e+00
 -3.9822e+01  -4.6868e+01
 -4.8751e+00  -6.6914e+00
  1.6494e-01   1.1382e+00
 -4.4203e+00  -5.1751e+00
  4.9922e-01  -1.3761e+00
 -8.1409e+00  -4.2161e+00
  5.5727e+00  -6.1191e+00
  2.5796e+00  -5.4925e+00
 -7.4397e-01   4.1213e+00
 -3.3561e+01  -1.8330e+00
  6.1493e-01   5.4053e+00
 -5.3806e+00   5.7055e+00
 -4.5427e+00  -2.6103e+00
  7.1559e+00   6.7431e+00
  2.4764e+00  -1.2580e+00
 -1.7532e+00   3.5606e+00
  1.7394e+01   2.9460e+00
 -5.8686e+00   2.2349e+00
  4.0291e+00  -3.5733e+00
 -2.1415e-01   1.6913e+00
 -1.3674e+01  -9.5825e+00
 -5.2367e-01  -1.0789e+00
  7.4351e+01   1.9520e+01
 -3.2166e+01   8.2960e+01
  9.7820e+01  -5.7497e+01
 -6.8508e+00   3.2518e+00
 -4.9798e+00  -6.8033e-01
 -1.3818e-01   1.6105e+01
 -8.7293e-01   2.0346e+00
 -1.0072e+00   3.0472e-01
  9.4351e+00   6.4180e-01
 -1.3690e-01   2.0521e+00
  2.3439e+01   4.9841e+01
 -2.1594e+00  -5.2559e+00
 -3.6464e+00   4.1807e+00
 -5.0284e+00   8.0614e+00
 -4.5421e-01   3.9346e+00
  8.3953e-01  -5.9224e+00
 -3.1170e+00  -1.3884e+00
 -1.7271e+00  -2.5593e-01
 -1.7843e+01  -6.8594e+00
 -1.3718e+01  -1.3931e+00
 -2.0599e+00  -2.2694e+00
 -4.5753e+00  -1.0942e+01
 -2.5441e+00  -4.2891e-01
  1.1113e+01   1.3733e+00
  5.2729e+00  -2.0298e+00
 -2.9152e+00  -5.3657e-01
 -3.9439e+00   2.3175e+00
  2.6286e+00   3.0308e+00
 -7.2705e+00  -1.5541e+00
  3.4317e-01   1.4026e+00
 -1.8054e+00   4.5660e+00
 -2.6269e+00   4.8983e+00
 -2.4657e+01   8.1767e+00
 -2.8114e+00   2.1084e+00
  1.8205e+00   4.6592e-01
 -2.7298e+00   3.3646e+00
  1.3021e+00  -3.1627e+00
 -1.2889e+00  -3.5821e+00
  2.1685e+00   4.7609e+00
 -5.3148e+00   5.0598e+00
  7.9668e+00   3.5704e+00
  8.4086e+00   2.0827e+00
  2.4227e+02   4.6579e+00
  3.7736e+00   6.5714e-01
 -4.7575e-01  -6.5862e+00
 -7.6080e+00  -2.4853e+00
  3.7059e+00  -7.4700e+00
  1.6543e+00   2.3145e+00
  6.3047e+01  -2.4161e+01
 -7.8093e-01  -5.6580e-01
 -7.3844e+00   9.2498e-01
  3.3599e+00  -2.5577e+00
  2.6308e+00  -1.2685e-01
 -7.2436e+00   2.3086e+00
 -1.7284e+00  -5.2415e+00
  1.9374e+00   2.6052e+00
 -1.4079e+00  -1.5140e+01
  1.8642e+00  -4.5683e+00
  5.0894e+00   5.0430e+00
 -5.3330e+00   7.6116e-01
  1.2213e+01   2.6706e+01
 -5.6103e+00  -1.7904e-01
  8.7452e+00   1.3315e+00
 -1.5569e+00  -5.8835e+00
 -2.1863e+00   3.7847e-01
 -4.4665e+00  -1.4607e+00
  7.9964e+00  -1.4790e+00
 -2.7388e+00  -2.9518e+00
  2.1064e+00   1.8151e-01
  8.0934e+00  -2.3248e+00
  2.4174e+00  -3.1983e+00
  1.4421e+00  -4.7633e+00
  1.8496e+00   1.3092e+00
 -1.1434e+01  -1.2948e+01
  1.6415e+00   3.2484e+00
 -9.8142e-01  -7.4894e+00
 -2.0888e+00  -6.4455e+00
  7.2239e+00  -8.8404e-01
 -1.4452e+00   1.0253e+00
 -3.7374e+00   4.1656e+00
 -6.2579e+00  -7.4924e+00
  5.6275e+00   1.3039e+01
 -4.9901e+00  -5.8352e-01
 -4.7652e+00  -6.9790e-02
 -1.0691e+00   6.1648e+00
 -8.4357e-01  -1.1774e+00
 -7.2857e+00   5.0661e+00
 -6.9434e-03  -1.8315e+00
 -1.3026e+01   5.9525e+00
 -3.7622e+00  -2.4552e+00
 -2.0497e+00  -3.0144e+00
 -6.7483e+00  -4.2433e+00
 -1.3824e+01   4.2728e+00
 -1.7480e+00   4.8108e+00
  2.3263e-01  -3.0802e+00
  3.0469e+00  -5.7534e+00
  4.8965e+00  -9.0095e+00
 -2.6023e+00   3.4588e-01
  8.7863e+00  -1.5253e+00
 -2.4604e+00   3.4124e+00
 -7.9009e+00   3.9480e+00
 -2.3741e+00   6.5656e+00
  1.2420e+00   8.7369e+00
 -1.5209e+00  -1.1156e+00
  4.4137e+00  -2.4601e+00
 -1.8740e+00   2.6504e+00
  2.5039e-01   2.8038e+00
 -1.5090e+00  -4.1578e+00
 -3.5168e+00   6.3190e+00
  4.7248e+00  -2.8840e-01
 -3.2971e+00   8.4264e+00
  1.3854e+00  -3.7489e+00
 -7.7969e+00  -4.6602e-01
  4.3244e+00   1.8938e+00
  4.7486e+00   5.1183e+00
 -5.7875e+00  -4.1879e+00
  4.1030e+00  -1.2882e+00
  1.0270e+00  -9.7604e-01
 -7.6581e+00   3.6545e+00
 -1.9853e+00  -1.0045e+01
 -3.6412e+00  -1.3195e-01
  3.5030e+00   8.2819e+00
 -2.8765e+00   1.6868e+00
  7.7272e+00   4.1900e-01
 -3.0909e+00  -2.0346e+00
  3.4801e+00  -2.9771e+00
 -2.9813e-01  -7.0744e-01
 -3.6594e+00   4.9744e+00
 -3.4544e+00  -1.5093e+01
  3.3337e+00   6.9985e+00
 -5.4111e+00   5.1279e+00
  2.0496e+02   1.8717e+02
 -5.6548e+00  -2.6741e+00
  3.9201e+00   4.8120e+00
 -6.5082e+00  -1.9134e+00
  8.4977e+00   3.3261e+00
 -8.5753e+00  -2.7762e+00
  5.6150e+01   2.1008e+02
  1.3319e+01  -1.1442e+01
 -4.7696e+00   1.9489e+00
 -3.0391e-01  -3.3934e+00
 -3.0110e+00   5.6922e+00
  1.1029e+00   4.5926e+00
 -1.1992e+01  -2.0572e+01
  3.6694e+00  -4.2717e+00
 -2.9815e-01  -3.5106e+00
 -9.8311e+01   6.8019e+01
 -6.6710e+00   5.3089e+00
 -2.3982e+00  -3.0009e+00
  1.9224e+00  -4.3267e+00
 -1.7997e+00  -7.4867e+00
 -1.3481e+01   1.4237e+01
  1.9677e+00  -7.8823e-01
  2.7514e-01   3.3998e+00
  2.1086e+00   4.3877e-01
 -6.2673e+00  -4.3751e+00
 -3.4709e-01  -1.7368e+00
  4.2776e+00   1.5241e+00
 -6.6263e+00   4.3974e+00
 -2.0522e+00  -5.9092e+00
 -1.7456e-01   1.5006e+00
  3.9446e+00   5.6903e+00
  2.1922e+00   5.1624e+00
  6.2067e-01  -2.0355e-01
 -3.1392e+00  -3.9086e+00
  5.2070e+00  -2.3589e+00
  4.8936e+00  -1.1578e+01
 -4.9191e+00   4.0684e+00
 -4.5213e+00   3.8794e+00
 -8.7796e+00  -1.3424e+00
  1.5115e+01  -3.9623e+01
  2.2407e-01  -1.4918e+00
 -2.1151e+00  -4.0344e+00
  8.3812e+00   6.4375e+00
  1.0200e+02  -9.1120e+01
 -7.3726e+00   1.8504e+00
  8.9096e+00   1.2618e+01
  2.0022e+00  -1.6459e+00
 -1.0647e+00   2.8938e-02
 -1.2017e+01  -2.8959e+01
  1.4627e-01   1.1754e+01
  2.5771e+00  -2.9209e+00
  4.4524e+01   1.9430e+01
  3.0016e+00   6.6559e+00
 -9.9788e-01  -9.0339e+00
 -4.0515e+00   8.2592e+00
 -8.1119e+00  -5.5443e+00
  1.1723e+00   1.1183e+00
 -4.0915e-01  -1.6896e-01
  4.3017e-01   5.6533e+00
 -4.4801e+00   3.3376e+00
 -4.6804e-01  -2.6152e-01
 -1.1624e+00   6.4689e+00
  3.1753e+00   1.3268e+01
 -4.8384e+00  -7.8116e+00
  8.6765e+00  -3.6895e+00
  1.2505e+00   2.4450e+00
  6.4345e+00  -1.1839e+01
  7.9369e-01  -5.0095e-01
  5.7809e+01   3.1206e+00
  2.5991e+00   1.3149e+00
  2.3400e+00   4.8491e+00
  1.8869e+00  -4.8225e-01
  2.4953e-01   5.4163e+00
  1.0326e+00   2.4891e+00
  7.8365e-01  -3.9139e+00
  7.0372e+00  -3.9190e+00
 -5.4214e-01   8.5789e-01
  3.3922e+00  -6.1086e+00
  3.2700e+00  -1.4514e+00
  3.0368e-02   7.4033e+00
 -6.9695e+00  -2.4473e+00
 -1.2046e+00   8.8935e+00
 -2.9037e+00  -7.3487e+00
 -5.2515e+00   3.9996e+00
 -8.3534e+00  -2.8206e+01
 -5.2002e-01   1.0319e+01
  7.1439e+00  -5.0483e+00
  2.6682e+00   1.1454e+00
 -4.3028e+00   2.8122e+00
  1.9260e+00  -5.0840e+00
 -2.5543e+00   4.8269e+00
  6.9285e+00  -1.2371e+00
  6.1529e+00  -5.7466e+00
  2.2734e+00   1.7610e+00
  1.7175e+01   1.1217e+01
 -2.8678e+00  -4.3183e+00
 -2.5173e+00  -1.1802e+00
 -2.0939e+00  -1.2502e+01
 -1.0267e+00  -8.1951e+00
 -1.1271e+00   5.5730e+00
  3.4373e+00  -4.8661e+00
  2.4237e+00  -1.6785e+00
  1.8482e+00   2.6425e+00
 -1.7713e+00  -3.3721e+00
  2.3384e-01   9.7612e+00
 -2.3540e+00  -4.5310e+00
  2.6479e+00   2.1474e+00
 -6.7116e+00  -4.8885e+00
  9.3480e-01   4.2792e+00
  5.0636e+00   5.7532e+00
 -4.2082e-01  -9.2408e+00
 -3.1713e+01   8.4422e+01
 -9.7374e-01  -7.6275e+00
 -1.6000e+01   3.2547e+01
 -2.6959e+00   5.9707e+00
 -7.5755e+00   1.8738e+00
 -7.4593e-01  -2.0796e+00
  8.9728e+00  -3.6757e+00
  4.7820e+00  -1.0154e+00
  1.2211e+00  -4.1157e+00
 -3.0735e+00   8.4932e+00
 -9.5463e-01  -2.4191e+00
  7.2040e-01   6.3642e+00
 -1.6237e+00   3.2420e+00
  5.1369e+00  -2.6879e+00
 -1.2436e+00  -1.0190e+01
 -5.0359e-01   3.5183e+00
 -6.6842e+00  -1.1806e+02
  7.9446e+00   1.8719e+00
  4.5645e+00  -3.0996e+00
 -5.7371e+00  -4.5114e+00
 -3.3540e+00   3.9440e-01
  6.0918e+00   6.0639e+00
  2.0725e+00  -2.4665e-01
  4.6282e+00   1.6962e+00
  1.5422e+00   4.9191e-01
  7.4269e+00  -4.2171e+00
  2.9448e+00   2.4799e+00
  1.3997e+01   2.3319e+00
 -2.8438e+00  -3.4507e+00
 -4.8680e+00  -2.2962e-03
 -1.1004e+00   1.0965e+00
  2.9274e+01  -2.3625e+01
 -4.2991e+00   4.3903e+00
  6.9289e+00   3.9517e-01
 -7.5450e+00   6.2392e+00
 -1.5795e+00  -8.9697e-01
  4.2994e+00   1.9313e+00
 -4.4790e+00   2.8054e+00
 -2.7325e-01  -9.2073e+00
  1.3668e+01   1.2849e+00
  2.8283e+00   2.8659e+00
  1.1437e+01   4.5095e+00
  1.1775e+00   1.7171e+00
  3.6391e-01   2.6138e+00
 -2.4513e-01   1.9674e+00
 -3.6174e+01  -1.2134e+01
 -9.3038e-01  -5.0893e+00
  7.6355e+00  -1.4669e+00
 -1.5456e+00   6.3446e+00
 -2.4279e+00   1.6617e+00
  1.6958e-01   2.3527e-02
  6.5383e+00  -7.1091e+00
 -3.8709e+00   4.9850e-01
  6.9834e-01  -3.5930e+00
  8.4904e+00   3.4405e+00
 -5.9357e+00   3.0944e+00
 -2.3275e+00  -1.3947e+00
  2.0355e+00  -9.0421e+00
 -5.6339e+00   5.4780e+00
  3.8246e+00   1.0015e+00
 -3.8519e+00   7.0257e+00
  7.4579e-01  -2.7454e+00
 -8.7983e+00   1.3362e+00
 -2.4801e+00  -1.1890e+00
 -2.9536e+00   1.2480e+00
 -7.7109e+00  -1.1678e+00
  3.9153e+00  -2.0383e+00
  5.5762e+00  -5.5286e+00
  4.3174e+01  -1.1941e+01
 -2.3169e+00  -5.5091e+00
  5.5638e+00   4.5436e+00
 -2.1769e+00   7.7048e+00
 -2.0054e+00  -1.1189e+01
  1.7107e+00   7.6168e-01
  8.1646e+00   1.1250e+00
 -5.9393e+00   6.3044e+00
 -8.0729e-01   9.9684e-01
  3.2647e+00  -3.2833e+00
  4.9589e+00   6.1087e+00
 -9.8336e-01   3.4659e+00
 -3.5351e+01  -3.2742e+01
  2.8267e+00   5.6653e-02
  4.3942e-01  -1.7410e+00
  2.5271e+00  -6.2602e-01
  3.3730e+00  -3.1583e+00
 -2.6173e-01   1.1588e+00
 -5.4477e+00   7.6023e-01
 -5.3705e+00  -8.1434e+00
  3.5347e+01   2.5652e+01
  4.7860e-01   1.6955e+00
 -2.8274e+01  -7.0119e+00
  7.4344e-01   3.7806e+00
  4.3325e-01   4.0534e-01
  3.3359e+01  -7.7822e-01
 -7.8462e-01  -3.3643e+00
  5.6058e+01  -3.4913e+01
  1.0876e+01  -6.0500e+00
 -2.6033e-01  -9.3139e-01
 -1.7444e+00  -8.0036e+00
  4.1899e+00   7.1139e+00
 -2.6117e+00   8.2574e+00
 -2.9767e+00  -1.1456e+00
  1.0330e+00   1.3707e+01
 -7.8209e+00   7.2007e-01
 -2.3180e+00   5.5787e-01
  7.0553e-01   6.1284e+00
  4.2952e+00  -2.1301e+00
 -1.3376e+00   5.5658e+00
 -4.3251e+00   4.4683e+00
 -1.0973e+01   8.0014e+00
 -2.3890e+00   1.2142e+00
 -6.9644e+00   8.6606e-01
 -4.8422e+00   4.1774e+00
  4.5372e+00   6.4921e+00
 -5.3219e+00   9.2487e+00
 -3.0165e+01   1.7619e+01
  1.7169e+00   3.9497e-01
  3.9852e+00  -1.1556e+00
  8.5742e-01   1.3811e+00
  9.9195e+00   1.8319e+01
  8.7443e+00   1.7029e+00
 -1.7603e+00  -5.9982e+00
  2.7947e+00  -1.1590e+01
  6.3101e+00  -4.2130e+00
 -5.0731e+00   7.4469e+00
  5.8466e+00   3.6234e+00
 -2.0977e+00   1.1170e+00
 -6.7087e+00  -1.7229e+00
 -3.2786e+00   3.0980e-01
  2.6708e+00  -1.1779e+00
  8.3892e+00   1.7475e+00
 -6.8706e+00   3.3300e+00
  4.8555e-02  -2.4399e+00
  3.2186e+01   8.7144e-01
  4.5961e-01   8.5838e-01
  9.5654e-01  -1.9053e-01
  2.9153e+01   3.3543e+01
  4.2866e+00  -4.4598e+00
  3.0488e+00  -3.8389e+00
  6.1936e+00  -4.2841e+00
 -2.9426e-01   1.5216e+00
  4.1796e+00  -3.8209e+00
  5.1922e+00   7.1336e-01
 -5.9896e+00   4.5318e+00
  3.3236e+00   8.9942e-01
 -2.3491e+00  -2.7859e+00
  1.0284e+00  -6.1244e+00
  2.1195e+01  -5.6287e+00
  7.9002e+01   9.1563e+01
 -4.0637e+00  -6.1539e+00
 -6.8428e-01  -2.6532e+00
 -5.7160e-01   1.4821e+00
  3.8841e+00   2.7902e+00
 -7.0416e-01   2.9073e+00
 -2.8919e+00  -3.1339e+00
  2.2796e+00  -7.1890e+00
 -4.8565e-02   5.4286e-01
  2.1379e+00   6.7445e-01
  2.7686e-02   5.4074e-01
 -8.7407e-01  -5.3343e+00
 -6.9527e+00   1.9418e+00
 -1.9673e+00  -2.6098e+00
 -1.3309e+00  -2.5561e+00
  2.7354e+00   9.2690e-01
  1.7136e+00   4.1389e+00
  7.9215e-01  -2.4335e+00
 -1.6031e+00   3.4933e+00
 -5.4127e+00  -7.0704e+00
 -2.4413e+00  -3.5496e+00
  2.8117e+00   1.8300e+00
  2.2898e-01  -2.9847e+00
 -6.4314e+00   6.0192e+00
 -3.6866e+00   7.9978e+00
  1.7171e+01   4.8486e+00
  1.8849e+00  -7.6289e-01
 -4.3425e+00   8.6245e-01
  2.0334e+00   4.1849e+00
  5.0946e+00  -7.8124e-01
  2.3035e+00   8.2420e-01
  3.5051e+00   8.1712e-01
 -2.8579e+00   4.0261e+00
 -6.8289e-01  -9.0045e-01
  1.2804e+01  -1.1379e+01
  7.2492e+00  -4.2400e+00
  3.3762e-01   7.8989e+00
 -9.6758e-01   6.6437e+00
  6.7622e+00   1.2294e+01
 -7.5544e+00   5.3967e+00
 -5.7681e+00   7.2084e-01
 -7.6380e+00   2.1475e+00
 -1.6066e+01  -1.6790e+01
 -1.2502e+01  -2.4039e+01
  4.0848e-01   4.0535e+00
  3.4283e+00   3.9579e+00
 -2.6875e-01   6.2027e+00
  1.4258e-01  -3.0172e+00
  1.3334e+00  -1.4407e+00
  2.5684e+00  -5.5030e+00
  7.5507e+00  -8.9011e-01
  7.8683e+00  -1.0547e+00
  2.2975e+00  -3.9158e+00
 -6.1046e+00  -3.0721e+00
 -5.4841e+00  -2.7725e-01
  2.3296e-01  -4.3510e-02
 -5.5258e+00   6.1762e+00
 -4.5292e+00  -7.4436e+00
 -1.4178e+00  -1.1392e+00
  4.7088e+00  -4.5183e+00
 -8.8362e+00   1.1101e+00
 -4.1366e+00   5.7219e+00
  9.1445e+00  -9.8337e+00
 -2.5719e+00   1.8899e-02
 -8.2348e-01  -9.8286e-01
  1.0839e+00   3.8460e+00
  1.2397e+01  -1.1313e+01
 -2.6516e-01   2.8324e+00
 -4.1075e+00  -1.1471e+00
  7.8585e-01  -1.6845e-01
 -2.7205e+00   3.3120e+00
 -5.7879e-02   2.9893e+00
 -8.4742e-01   2.9030e+00
  5.6954e+00   1.7685e-01
  5.3168e+00   1.6955e+01
  6.1818e+00  -1.5121e+01
 -1.2727e+01   7.8624e+00
 -1.0281e+01   7.2612e+00
 -3.0036e+00   5.4318e-01
  8.4476e+00  -6.6912e-01
  7.1368e+00  -4.8662e+00
 -4.3637e+00   4.1217e+00
 -5.7798e+00  -8.6488e-01
  1.1304e+02   1.2712e+01
 -2.4473e+02  -8.8086e+02
 -8.2873e-01   3.7792e-01
  2.4700e+01   1.2304e+00
 -1.4873e+00  -2.8685e+00
 -2.8316e+00   6.6632e+00
  2.1122e+00  -1.1539e+01
 -6.5154e+00  -3.0010e+00
  8.3293e+00   5.2787e+00
  1.9126e+00   1.2664e+00
  1.0039e+01   3.8488e+00
 -1.3035e+00   4.2224e-02
  3.9332e+01   4.4841e+01
  7.8439e+00  -5.2726e-02
  4.8313e+00  -6.2764e+00
 -5.4465e+00   1.4430e+00
  1.5114e+00  -9.4446e+00
 -1.4381e+01   9.5248e+00
  2.8375e+00  -1.8953e+00
  3.5013e+00   2.1910e+00
 -1.6853e+01  -8.0547e-01
 -1.1304e+00  -9.1099e-01
 -9.2193e-01   2.1290e+00
 -5.5284e+00   1.0411e+02
  1.0765e+01   1.3160e+01
  2.3304e-01   1.7118e+00
  8.8398e+00   1.2869e+00
  1.3920e+00   3.2941e+00
  8.7501e+00   1.2162e+00
  2.5407e+00   5.8222e-01
 -4.4902e+00  -6.3430e+00
 -7.6296e+00   1.9187e+00
  3.4479e+00   2.6781e+00
 -1.0040e+00   2.7470e-01
 -2.8730e+00  -1.0165e+01
 -6.7148e+00   2.2504e+00
 -8.6041e+00  -3.4092e+00
  2.3816e+01  -8.7713e+00
 -3.1638e+00  -3.1664e+00
  5.8981e-01   1.9730e+00
  4.1043e+00   5.7732e-01
 -4.2588e+00  -2.2642e+00
  2.2106e+00  -2.3902e+00
 -4.2329e+00  -7.6170e+00
  1.9330e-01  -7.4838e-01
  2.6072e-01   2.0873e+00
 -4.7370e+00   6.8469e+00
 -5.7973e+00  -1.0168e+01
  1.8550e+00  -2.8553e+00
 -7.2040e-01  -1.6698e+00
 -1.5223e+00   5.9306e+00
  4.2242e+00  -1.8271e+00
  2.6076e+00   3.5021e+00
  5.1217e+00  -6.1167e+00
 -4.6280e+00   4.5457e+00
 -5.2883e+00  -4.1448e+00
  6.0190e+00   2.2138e+00
 -4.1865e-01   4.4741e+00
 -5.7230e+00  -7.1585e+00
  1.8270e-01   4.9417e+00
  5.9695e+00   2.8119e+00
  8.3170e-01  -4.0648e+00
 -4.7970e+02  -9.8107e+02
 -1.1943e+00   3.6670e+00
 -2.5869e-01  -1.6026e+00
  1.0157e+01  -2.5628e+00
 -4.0217e+00  -1.3282e+00
 -3.7697e+00  -5.5063e+00
  1.0371e+00  -1.0348e+01
 -2.4454e+00  -8.6919e+00
 -2.7279e+01   2.7044e+00
  5.6223e+00   3.5256e+00
 -4.6335e+00  -3.1876e+00
  3.1326e+02   6.7078e+00
 -1.6599e+00  -9.2434e-02
  2.1905e+00   6.9313e+00
  2.4980e+00   2.9733e+00
 -3.9377e+00  -8.0554e+00
  8.4199e-02  -5.7422e+00
  3.5729e+00   2.9310e+00
  1.5509e+00   3.7747e+00
 -3.9433e+00   8.8208e-01
  6.6171e+00   6.0590e-01
 -9.9761e-01  -2.0294e+00
  4.6405e+00  -2.4413e+00
 -5.8167e-01  -2.0096e-01
  1.2926e+00   3.7103e+00
  3.7211e+00   2.0468e+00
 -6.5842e+00   3.9463e+00
 -6.6838e+00   4.3707e-01
 -9.5408e+01  -8.4796e+01
 -3.5637e+00   7.9771e+00
 -1.7123e+00  -9.7900e+00
 -1.2809e+00   4.7632e+00
 -2.7999e+00  -3.6811e+00
 -1.0148e-01   2.1739e+00
 -7.1691e+00  -1.6509e+00
  1.3622e+00   2.2732e+01
 -2.6569e+00   7.4651e+00
 -2.7767e+00   1.2120e+00
  4.1415e-01  -5.1290e+01
  6.2291e+00   4.8423e+00
  2.9465e+00   4.8832e+00
  1.4938e+00  -4.7163e+00
 -7.4002e+00  -1.5477e+00
 -3.3726e+00   1.9333e+00
  9.2805e-01  -2.5121e-01
  1.5199e+00  -1.3217e+00
  6.0035e+00   6.8598e+00
  3.1819e+01   6.0916e+00
 -8.0764e-01  -8.6386e+00
 -6.8393e-01   1.2047e+00
  5.8140e+00  -5.9721e+00
 -5.6392e-01   2.8883e+00
 -1.4941e-01   9.3512e-02
  7.2077e+00   3.8286e+00
 -9.8199e+00   5.9135e+01
  8.6258e-01   1.2359e+01
  6.5132e+00   9.7739e+00
 -5.2691e+00  -4.5949e+00
  2.8930e+00   4.9978e+00
 -7.5859e+00  -2.9573e+01
 -6.5034e+00  -2.6911e+00
 -5.5242e+00  -9.6014e-01
 -2.0847e+00   3.1694e+00
  3.1542e+00  -3.8856e+00
  1.0468e-01  -9.4669e-01
 -3.7855e+00   1.5363e+00
  9.3902e-01   8.9147e+00
 -4.8981e+00   1.3806e+00
  3.0454e+00  -4.3219e+01
 -8.0935e+00  -1.1520e+01
  9.4113e+00  -3.7165e+00
 -3.7676e+00  -3.3626e+00
  1.5974e+01  -1.6666e+00
 -4.3631e+00  -5.3263e+00
  6.0220e+00   1.1176e+00
  1.5683e-01  -3.4721e+00
 -3.6884e+00   3.1413e+00
 -2.2457e+00   9.1888e+00
 -4.1589e+00  -1.4873e+00
  6.3589e+00  -5.3210e-01
  1.8442e+00  -3.6465e+00
 -3.2667e+00  -1.3128e+00
  1.1590e+01   1.0367e-01
 -1.1100e+01   2.3710e+00
 -4.1326e+01   3.1011e+01
 -3.8181e+00  -3.7545e+00
 -4.0861e+00  -3.7649e-01
 -1.8066e+00  -7.0258e-01
  3.1313e-02  -6.4764e-01
 -8.1491e+00   2.6772e+00
  1.5052e+01   4.4862e+00
 -5.9366e-01  -1.6571e+00
  2.3698e+00   1.9817e+00
  4.0688e-01   2.5555e+00
 -6.8918e+01   2.1798e+01
 -1.8713e+02  -1.9192e+02
  2.4037e-01  -1.6904e+00
  7.6635e+00  -1.8833e+00
 -7.3381e-01  -2.6930e+00
 -9.9775e-01  -3.1730e+00
  1.1164e+00   1.2429e+00
  2.0049e+00  -8.4657e-01
 -1.9150e+00   5.1310e-01
 -1.1049e+01  -1.1338e+01
  1.0142e+02   9.3561e+01
 -2.9379e+00   3.7295e+01
  1.0637e+01   2.5339e+00
  7.2430e-01   2.8788e+00
 -2.0436e+00  -6.0190e-01
 -3.2303e+01  -5.0282e+01
  2.7715e+00  -1.3860e+00
  4.0921e+00  -3.5671e-01
 -3.0164e+00   2.4422e+00
 -2.7255e+00   5.2337e+00
 -1.6273e-01   1.3044e+00
 -2.9168e+00  -2.8658e+00
  5.3970e+00  -7.1348e+00
 -1.3260e+00   2.1741e+00
 -4.3700e+01  -3.8136e+01
  2.2155e+00  -7.4752e+00
 -1.7270e+00  -5.6436e+00
 -1.0608e+00   3.7417e+00
 -3.0500e-02  -2.9189e+00
 -8.4499e+00  -2.5094e+00
  1.4437e+00   4.8512e+00
  6.2139e-01  -8.5603e+00
 -2.2376e+00  -1.0414e+00
  4.7912e+02   9.8265e+02
  1.4608e+00   2.6814e+00
  5.0906e+00   3.6773e+00
 -5.6270e+00   6.5084e+00
  1.3434e+00   3.9991e+00
 -5.6358e+00   1.6872e+00
 -5.2728e+00   7.5134e+00
 -1.6992e+00   1.2815e+00
  7.9215e-02  -1.1491e+00
 -4.5243e+00   7.9919e-01
  1.2272e-01  -9.0640e-01
  6.8990e+00   2.7152e+00
 -1.4526e+00   7.8582e-01
 -3.8594e+00   3.7132e+00
 -5.5815e+00  -3.7959e+00
 -3.2188e+02  -9.6586e+00
 -2.7683e+00  -1.8608e+00
  1.9194e+00   9.3584e+00
  3.1243e+00  -6.4800e+00
 -3.4693e+00  -2.4852e+00
 -4.9559e+00  -4.4681e+00
 -8.0504e-01   2.2744e-01
 -3.9643e+00   2.0136e+00
 -1.3937e+01  -1.4944e+00
 -8.2082e+00  -7.3040e+00
 -9.4640e+00  -4.4082e+00
  1.0394e+01   5.6636e+00
  5.7377e+00   1.5860e+00
  5.7247e+00   9.5150e-01
 -1.2352e+00  -1.9001e+00
 -8.3763e+00   8.5783e-02
  1.4563e+00  -1.9983e+00
  2.8024e+00  -2.9074e+00
  4.0822e+00  -2.4170e+00
 -5.8552e+00   6.1409e+00
 -1.9649e+00   7.7386e+00
  6.2573e+00   4.7876e+00
  7.0129e+00   1.0419e-01
  4.8526e+00   5.9010e+00
  3.4830e+00  -1.6676e+00
 -4.4005e+00  -2.1547e-01
  4.1004e+00  -3.6264e+00
 -1.0715e+00   7.1814e-01
 -7.1865e+00   1.9150e+00
 -1.0605e+00  -1.4402e+00
 -5.9126e+00   4.1264e+00
  5.4343e-01  -1.0243e+00
 -6.4127e+00  -3.0903e+00
 -2.8532e+00  -4.8338e+00
 -6.5135e+00   2.3049e+00
 -4.5385e+00  -6.2848e+00
  8.2770e+00   5.6523e+00
  3.8302e+00   2.3653e+00
  1.3601e+00  -6.8922e+00
 -4.1196e+00   6.2221e-01
  4.7982e-01   1.1522e+00
 -1.0684e+01   2.4659e+00
  1.9807e+00  -3.2420e+00
  1.4004e+00   2.4267e+00
 -6.5803e+01   1.1791e+02
  5.2222e-01   4.5818e+00
  4.0694e+00  -4.9330e-01
  5.3208e+00  -1.3485e+00
 -1.2510e-01  -6.4202e-01
 -1.6824e+00   2.7101e+00
  7.3653e+00   3.9035e-01
 -4.7366e+00  -3.2482e+00
 -7.2976e+00  -8.2875e-01
 -5.9566e+00  -6.7146e+00
  2.0033e+00  -1.1370e+00
  4.6874e+00   3.9591e+00
 -2.5716e+00  -2.0937e+01
  1.0768e+00   2.9712e+00
  3.2718e-04   2.9132e+00
  4.0505e+00  -7.4471e-01
  1.1637e+01   4.8124e+00
  1.8795e+00   7.5132e-01
 -3.4707e+00   1.4781e+00
  6.9818e-01   1.9384e+00
  1.0129e+00  -3.6788e+00
 -5.5589e+00   5.8552e+00
  5.2125e+00  -5.4795e-01
  3.9602e+00   1.4026e+00
 -2.2848e+00  -3.3219e+00
  6.3397e+00   1.1367e+00
 -2.6724e-01   5.1534e+00
  2.9524e+00   8.2641e+00
  5.4596e+00   8.1231e+00
 -8.1122e+00   1.4151e+00
  4.0418e-01   5.4132e+00
 -4.5381e+00   8.3939e-01
 -1.0510e+01   6.7265e+00
 -6.8031e+00  -2.5456e+00
 -2.8930e+01   5.7727e+00
  9.3476e+00   1.4788e+00
  2.9219e+00  -1.5537e+00
  4.4908e+00   3.2563e+00
  1.3378e+00   4.8594e+00
 -2.8792e+00  -4.8101e+00
  4.6366e+00  -1.6773e+00
  8.0326e+00  -9.4178e+00
  2.8474e+00  -4.3772e+00
  1.0416e+00  -9.8177e-01
 -4.7509e+00  -2.2502e+00
 -3.3050e+00   2.9986e+00
 -1.8547e+00   5.9376e+00
 -3.2987e+00  -1.0887e+00
 -2.6943e+00   2.5672e-01
  4.9558e+00  -7.1012e+00
 -1.4353e+01  -5.7634e+00
 -1.7737e+00  -1.3844e+00
 -1.0732e+02   9.9754e+01
 -7.5806e+00  -5.2895e+00
 -7.3630e+00   2.0777e+00
  2.7844e+00   5.8988e+00
 -3.4923e-02  -3.4240e-01
 -8.7536e-01   2.4964e+00
  4.7550e-01  -2.3571e+00
  5.1682e+00   3.4569e+00
 -4.1000e+00   7.4330e+00
 -2.7083e-01  -1.4266e+00
 -2.1888e+00  -6.9037e+00
  1.9034e+00   2.6901e-01
 -1.2028e+00   8.2397e+00
  3.6164e+00   1.4787e+00
 -8.2582e+00  -2.9458e+00
  2.8568e-01  -1.1721e+00
  3.4423e-01  -7.8759e+00
 -7.9555e+01  -8.9737e+01
  3.9444e+00   3.3742e+00
  5.3656e+00   5.1585e+00
 -4.0431e-01   5.0588e+00
  1.1362e+00  -8.9595e+00
 -5.7489e+00   2.4230e+00
  3.0870e+00  -2.4134e+00
 -1.2776e+01  -1.9474e+01
  6.8074e+00  -9.4126e-01
  6.2347e+00  -5.9443e+00
  5.9993e+00  -2.5725e+00
 -7.3788e+01  -1.6905e+01
  1.5238e+00  -1.4110e-01
 -4.4804e+00  -1.6891e+00
  6.9203e+00   5.4658e+00
 -2.2687e+00  -3.5316e-01
  5.4250e+00  -4.9901e+00
 -3.8415e+00   1.3933e+01
  4.4993e+00   6.4515e-02
 -1.9854e+00   2.4441e-01
 -8.9392e+00   4.2924e+01
 -1.4690e+00   1.9893e+00
  1.3377e+01  -8.9062e+00
  2.1169e+00   4.0198e+00
 -2.3265e+00   1.0150e+00
  8.3015e+00   9.1095e-01
 -1.4344e-01  -9.3574e-01
 -4.8470e+00  -6.1068e+00
 -6.6076e-01  -5.7268e+00
  1.8734e+00   1.3366e+01
  2.1622e+00   8.6078e-01
 -6.4876e+00   4.1053e+00
 -5.8774e+00  -3.0987e+00
 -1.5126e+00   5.6265e-01
 -6.4757e+00   5.3097e+00
 -6.0458e-01   8.2453e+00
  2.1337e+00   1.9159e+00
 -1.0121e+01   3.7110e-01
 -7.0288e+00   2.7295e+00
  4.8938e+00   1.5821e+00
 -1.9967e+00  -7.7244e+00
  2.6807e+00  -3.1206e+00
  1.5397e+00   2.6603e+00
  7.4562e+00  -1.3559e+01
  7.3696e+00   2.9940e+00
  3.5576e+00   1.0814e+01
 -2.4077e+00   7.5047e+00
 -5.3691e+00   3.8207e+00
  2.9292e+00   5.2243e+00
  1.2861e-01  -4.2066e-01
  5.3641e+00   3.9599e+00
  9.7310e-01  -5.0564e-01
  3.0640e+00  -7.6402e+00
  3.7841e+00   2.0370e+00
 -5.6262e+00  -4.9651e-01
  2.0130e+00  -3.8214e+00
  1.0319e+00  -2.4173e+00
 -2.2613e+00  -3.3057e+00
 -6.2911e-01   6.2549e+00
 -5.3591e-01   5.4324e+00
  4.6258e+00  -7.0230e-01
  9.1981e+00   2.9838e+00
  2.9135e+00  -6.0555e+00
  2.1677e+01  -3.4290e+01
 -3.8773e+00   1.1253e+00
  9.4570e-01  -2.9198e+00
 -2.2085e+00  -1.2122e+00
  8.4331e+00  -2.5319e+00
 -6.8847e+00  -2.5968e+00
 -8.8056e-01  -5.5081e+00
 -4.6368e+00   4.2371e+00
 -2.5488e+02  -1.1029e+01
 -5.6302e+01  -1.2549e+00
 -8.6644e-01  -1.6559e+00
 -5.5596e+00  -4.1489e+00
  4.6691e+00  -4.0987e+00
  8.8377e+01  -1.0600e+02
  3.3069e+00  -5.0623e+00
  1.9170e+01   1.4568e+01
 -1.1408e+02  -4.4831e+00
 -6.8326e+00   9.3738e-01
  4.6210e-01   5.5667e+00
 -3.3515e+01   7.3542e+01
  2.9368e+00   5.0182e+00
 -8.1791e+00  -3.7746e+00
  7.1838e-01  -2.8927e+00
 -4.0280e-01   9.8388e-01
  2.9808e+01  -8.0877e+01
 -4.5889e-01  -1.5562e+00
 -2.4394e+00   4.7965e+00
 -3.0052e+00  -5.0891e+00
 -1.1309e+01  -1.2852e+01
 -1.8481e+00  -1.0942e+00
 -1.4332e+00   5.2226e+00
  5.5699e+00   2.9454e+00
  4.6041e-02   3.6587e+00
  1.2180e+00  -5.8826e+00
  7.0384e-01   4.7230e-01
  1.7256e+01   1.6473e+01
  4.6182e+00   2.8591e+00
  3.6943e+00   2.1443e+00
  3.1801e+00   8.0371e+00
  2.7509e+00   6.7849e+00
  3.6919e+00   2.3982e+00
  5.3673e+00   9.6937e+00
  6.5541e+00  -2.8361e+00
 -1.8660e+00  -2.4704e+00
 -4.5213e-01   2.1024e+00
  8.4615e+00   2.4151e+00
 -1.0639e+00  -4.0522e+00
 -1.4851e-01   5.1291e-02
  8.8124e+00   5.9390e-01
 -3.2374e+00   3.9574e-01
  8.5927e+00   2.4114e+01
  6.9676e+00   2.8768e+00
 -1.0641e+01  -1.7295e+00
  1.1179e+00   4.6045e-02
 -3.9311e+00   6.2460e-01
 -3.8051e+00  -2.9424e+00
 -2.0516e+01  -7.6627e+00
  1.9855e+01  -9.6568e+01
  5.4821e+00   6.2848e-01
 -8.6484e+00  -5.5716e-01
  4.2727e-01  -3.9063e+00
 -1.0972e+01  -2.0888e+00
 -3.9759e+00   2.0114e+00
  2.7711e+00  -7.1672e+00
  1.6538e+00  -1.6363e+00
 -6.9355e+01  -2.1294e+02
 -4.8940e+00   8.9341e-01
 -4.5285e+00   6.3233e+00
 -7.0219e+00   5.4070e+00
 -8.4168e+00  -2.4436e+00
 -2.9409e+00   1.0719e+00
 -1.9578e+00  -7.5673e+00
 -3.2984e+01   2.4143e+01
  3.4326e+00   5.8786e+00
  4.4325e+00  -3.5650e+00
  3.2675e+00   4.0513e+00
  7.7086e+00  -4.2553e-01
 -2.2913e+00   6.2726e+00
  2.0529e+00   6.0726e+00
  5.1163e+00  -3.2408e+00
  1.7550e+01  -7.4448e+01
 -7.1388e+01   3.3628e+01
  4.5074e-01   6.0101e+00
  2.9472e+00  -1.2867e+00
 -8.0082e+00   8.4865e-01
  2.8479e+00   1.2089e+00
  1.1003e+00  -2.1207e+00
  8.4248e+00  -3.8290e+00
 -1.9076e+00   3.0180e+00
  3.9610e+01   4.8959e+01
  5.0789e+00   6.3148e+00
 -1.8127e+00   1.6855e+01
  2.7852e+00   6.9490e+00
 -3.0621e+00  -8.1703e+00
  3.7615e+00  -7.4177e+00
  5.2585e+00  -3.6467e+00
 -3.1627e+00  -4.1470e+00
  2.5040e+02   8.6888e+02
  3.2515e-01  -1.5222e+00
 -2.2489e+00  -4.1049e+00
 -4.6108e+00  -2.7737e+00
  8.8036e-01  -6.0388e+00
  1.2490e+00   2.1369e+00
 -4.6914e+00   1.4819e+00
  9.1863e+00   1.2346e+00
  4.6496e+00   2.2256e+01
 -2.8582e+00   6.5324e-01
 -5.6112e+00   2.0731e+00
 -9.7213e+00  -5.2774e+00
  1.3324e+00  -1.1833e+00
 -1.5434e+01   6.2047e-01
  3.5850e+00  -1.3961e+01
 -4.7838e-01  -2.4377e+00
 -4.2810e+00   6.7351e-01
 -3.1277e-01   1.1024e+00
  4.0633e+00  -5.7530e+00
  2.0252e-01  -4.5247e-01
  4.3921e+00  -1.5574e+00
 -3.6046e+00  -7.3433e-01
 -3.9473e+00   4.7931e-01
 -3.0653e+00   2.4101e+00
