  1.1857e-01   4.7833e-01
  1.1527e-01   2.9476e-02
 -1.7342e+00   1.6478e+00
 -5.7509e-02   5.9969e-03
  1.0359e+00  -2.0692e+00
 -3.0216e+00  -4.0087e+00
 -5.6171e-01   1.6333e+00
 -4.4176e+00   4.6372e+00
 -1.6139e+00   1.0488e+00
 -8.6203e-01  -2.7817e-01
  9.8643e+00  -2.6190e+00
  1.2882e+00   1.8322e+00
 -9.8710e-01   2.5753e-02
 -2.2166e+00  -1.6799e+00
 -1.4837e+00  -1.1207e-01
  8.7012e+00  -6.0398e+00
 -1.6317e+00   2.1985e+00
  1.0359e+01   4.8976e+00
 -4.1264e-01  -4.4621e-01
  1.3800e+00  -1.6270e+00
 -2.2703e+00   5.9893e+00
 -2.8963e-01   1.7521e+00
 -8.0897e+00  -1.8943e+01
  2.6686e+00   2.5248e+00
 -1.7384e+00  -9.0426e-01
 -3.6643e-01   1.0239e+00
  1.2533e+00  -4.2547e+00
 -2.2433e+00  -1.2440e+00
  1.3282e+00   1.6738e-01
 -7.7865e-01   6.4034e-01
  1.2553e+00  -8.4000e-01
  7.0178e-01  -1.2832e+00
  1.2804e+00  -1.2391e+00
  4.2755e-01  -1.3974e+00
 -1.3191e+00   8.2038e-03
 -2.3156e+00   3.0670e+00
 -7.0818e-01   2.3917e-01
  5.5143e+00   1.7432e-01
  2.7709e+00  -1.6806e+00
  6.5151e-02   1.1476e-01
 -1.2308e-01  -5.0347e-01
 -3.3790e-01  -5.7943e-01
  1.5575e-01  -1.4403e-01
  3.4465e-01  -3.6850e+00
 -2.0208e-01  -1.4124e+00
 -4.2398e-01  -1.0535e+00
  3.6011e+00  -4.8936e-01
 -2.9702e-01   1.4066e-02
  4.0681e-01  -1.6941e+00
  1.5722e+00  -2.1803e-01
 -1.2067e+01   5.3440e-01
 -2.9040e-01  -4.1721e-01
 -1.0876e+00  -2.3460e+00
 -1.5253e+00  -1.3338e+00
  1.4988e+00   2.2941e+00
  1.3580e+00  -5.0092e+00
  2.0182e-01   3.7627e+00
  1.0552e+00  -1.9843e-01
 -1.2249e+00   8.8066e-01
  1.7880e+00  -2.2503e+00
  1.2627e+00  -1.1781e+00
  2.7247e+00   6.6810e-01
 -4.2639e-01  -6.1487e-01
 -8.5210e-01  -2.5548e+00
 -2.0763e+00   2.5285e+00
 -1.7549e+00   1.2770e+00
  5.8156e+00   5.8609e-01
  1.9401e-01  -4.6912e-01
  6.2415e-01   2.2843e+00
  8.9715e+00  -1.9832e+01
 -3.4434e-01   2.2694e+00
 -7.4431e-01   9.1423e-01
  4.7964e+00   1.1098e+01
 -4.3366e+00  -1.7739e+00
  1.1542e-01  -2.3987e-01
  4.5469e-01  -1.5621e-01
 -3.9962e+00   5.7563e-01
  3.9710e-01  -1.4318e-01
  6.5420e+00  -5.6195e+00
 -6.9128e+00  -9.6229e-01
  2.1949e-01   4.5949e-01
 -2.7963e-02  -3.3332e+00
 -8.4485e-01  -2.5070e+00
 -1.2762e+00  -3.3094e+00
  2.9350e-01  -2.2002e+00
 -3.9237e+00  -9.7617e+00
  5.2373e-01  -1.1776e-01
 -1.4237e+00  -2.6600e+00
  3.5299e+00   1.8799e+00
 -4.2671e+00  -1.4658e+00
 -1.5511e+00  -6.9428e-01
  6.7230e+00  -1.6876e+00
  5.1746e-01   2.2168e-01
  3.8178e+00  -7.0151e+00
  3.3998e+00   4.2296e+00
  1.3604e+00   1.4463e+00
 -2.9227e-02   6.7524e-01
 -5.4813e-01  -2.4673e-01
  7.3179e+00  -3.5874e+00
 -2.4724e+00   1.3720e+00
 -4.7397e-01  -9.0931e-01
 -4.0211e-02   5.5706e+00
  1.9774e+00   5.4452e+00
  3.2606e+00  -6.7689e-01
 -3.1617e+00   4.6383e-01
  5.4465e-01  -1.6522e-01
  7.6857e-01   6.9523e-01
  1.0692e+00   1.3197e+00
  2.1473e+00  -7.0924e+00
 -1.3642e+00   3.5392e+00
  1.4648e-01   1.7019e+00
  2.0509e+00   6.5606e-02
  2.9561e+00  -5.1647e-02
  6.7704e+00  -1.2219e+01
 -2.8951e+00   2.4111e-01
  3.0528e+00  -2.5091e+00
  5.6852e+00   7.5981e+00
  2.7925e+00  -2.5922e-01
  1.6788e-01   1.1038e-01
  1.1772e+00  -6.2153e-01
  9.1073e-01  -2.6095e-01
 -1.5210e-01  -2.7947e-01
  1.1629e+00  -8.2600e-01
  1.1661e+00   3.2343e-01
 -2.5470e+00   1.9432e+01
 -1.8636e+00  -1.9729e-01
 -4.6505e+00  -6.2267e+00
  1.2186e+00  -2.4144e-01
 -1.4791e+00  -2.9211e-01
  9.4205e-01   6.1647e-01
  2.8984e+00  -4.5337e+00
 -2.9592e+00  -4.7844e-01
 -5.0089e+00   3.0724e+00
 -2.6800e+00  -7.6156e-01
 -1.3605e+00  -1.2680e-01
 -3.3907e+00  -7.6915e-01
 -3.0642e+00  -1.4056e-01
  1.6185e+00  -3.6917e-01
 -2.4588e-01   7.0002e-01
 -2.8475e-01   9.7057e-01
  1.0992e+00  -2.8981e-01
  3.1365e+00   8.2754e-01
 -8.6090e-01   4.6120e-01
 -1.4628e+00   1.2681e+00
  1.4196e-01   1.4031e+00
  3.4161e+00  -5.6330e-01
 -2.3780e+00  -5.1061e+00
 -2.6467e+00   8.2725e-01
  4.9959e-01   4.3041e-01
 -6.2850e-01   4.9016e-01
 -3.4186e+00  -4.0244e+00
 -1.6743e-01   2.4163e+00
 -1.3864e+00   4.0120e-01
 -2.6491e+00  -4.1333e-01
 -2.4452e+00   3.8713e-01
 -9.8567e-01  -2.2634e-02
 -1.1877e-01  -6.1280e-01
  6.7217e+00   7.3558e+00
  1.1012e+00   3.3766e-01
 -3.7546e+00   6.9796e-02
  9.5271e-01  -1.0996e-01
 -1.2551e+00   2.8954e+00
  2.0889e-01  -4.7439e-01
 -6.3402e+00  -6.5404e-01
  1.4432e+00  -2.2134e+00
  3.1624e+00   2.5476e+00
 -1.5997e+00   6.1491e-01
  1.2027e+00   3.7604e+00
 -1.1474e+01   1.4323e+01
  1.2848e+00  -1.5759e+00
  1.0063e-02   1.2682e-01
 -6.5121e-01   1.3027e+00
  7.9174e-01  -1.0379e-01
 -1.4723e+00   2.6442e+00
  8.9786e+00  -7.3049e+00
  1.9514e+00   2.2777e+00
  1.1462e+00  -3.5819e-01
 -2.4711e+00  -2.3217e+00
 -1.2601e+01   1.1221e+01
 -4.2684e-01  -3.2843e-01
 -3.0194e+00   1.5050e+00
  8.4378e+00  -5.7946e-02
  1.6064e+00  -2.6928e+00
 -1.1051e+00   3.2397e-01
  1.7481e-01  -2.9709e-01
  1.1277e+01   5.4840e+00
 -9.8851e-01   3.0973e+00
  4.0508e-01  -3.2312e+00
  8.0364e-01   7.8791e+00
 -3.1215e+00   2.8032e+00
  7.1636e-01  -1.1962e-01
  2.6239e-01  -2.0447e-01
  2.1638e+00   7.8412e-02
 -1.3002e+00  -8.4513e-01
  2.3161e+00  -1.9540e+00
 -1.9284e+00  -9.4404e-01
 -4.3923e-02   8.6436e-01
 -4.3875e-01   1.0632e+00
 -1.7608e-01  -6.9336e-01
 -8.5594e-01  -3.5237e-01
 -9.7705e-01   1.7610e+00
 -7.7643e-02  -3.3314e+00
 -1.1074e+00  -1.9373e+00
 -9.0801e+00  -2.0554e+00
  4.3479e-01   2.2554e+00
 -4.8769e-01  -1.2972e-01
 -1.3397e+00  -9.1039e-01
  5.0551e-01   6.5444e-01
  1.0635e+00  -9.9113e+00
 -1.1460e+00   5.5839e+00
  1.3973e-01  -1.8534e+00
 -6.6206e+00   1.6989e+00
  1.5359e+00   5.2319e-02
  5.6169e+00   2.7374e+00
 -4.0682e-01   2.4073e+00
  3.6331e-01   1.7687e+00
  1.4323e+00  -1.8341e+00
 -1.3866e+00  -6.6491e-01
 -1.4724e+00  -4.9455e+00
  3.7458e-01  -1.1828e+00
  3.0733e+00  -2.5372e+00
 -7.5750e-01   5.2351e-01
  1.0059e+01  -2.8082e+00
 -1.2703e+01   1.4516e+00
  2.2173e+00   1.6717e+00
 -2.2172e+00  -1.1796e-01
  1.0401e+00  -2.7704e-02
 -5.2464e-01  -1.0932e+00
  7.0111e-01  -6.1848e-01
  1.2050e+01  -7.3849e+00
 -2.1611e+00   1.1734e+00
 -1.8415e-01  -9.3301e-02
 -1.1396e-01   6.3063e-01
 -1.6594e+00   2.1294e+00
 -7.2081e-01  -2.1386e-01
 -2.0696e+00  -1.0353e+00
 -4.7250e-01   3.8020e-01
 -2.8781e+00  -7.3649e+00
 -1.0073e+01   1.0755e+01
 -1.0431e+00  -1.4085e+00
 -1.4837e+00  -7.5253e-01
 -7.4141e+00   2.3517e+00
  1.8724e+00  -6.3205e-01
 -4.6273e+00  -5.0201e+00
  2.6189e+00  -3.4055e+00
 -8.6754e-01   4.3685e+00
 -2.5518e+00  -8.9461e+00
  6.1960e-01   3.5635e-01
 -3.9543e-01  -4.9688e-01
  2.7997e+00   1.2506e+00
  3.5805e-01  -2.5259e-01
 -1.9807e+00   1.1293e+00
  2.0436e+00  -2.7431e+00
  2.2514e+00   1.2456e+00
 -1.3911e+01  -6.6266e+00
 -2.4939e+00   1.6262e+00
 -4.2130e+00  -2.3734e+00
  4.0606e-01   1.4073e+00
  2.5971e+00  -1.1735e+00
 -2.5181e-01  -2.2710e-01
  3.3551e+00  -2.8955e+00
 -6.5309e+00  -8.2171e+00
  1.0461e+00  -6.8400e-01
 -4.8267e+00   2.4480e+00
 -3.3392e+00   1.8714e+00
  1.3401e+00  -1.3625e+00
 -1.4228e+00  -3.5733e+00
  2.4812e+00   3.5958e+00
  8.8447e-01  -1.1478e+00
  3.3014e+00  -2.0260e+00
 -1.1677e+00   8.7546e+00
 -1.1361e+00  -3.3292e-02
  2.0785e-01  -1.0631e+00
  1.1511e+00   3.1548e+00
 -6.0989e+00   6.8508e-01
  9.6936e-01  -3.7562e-01
  1.3208e+01  -1.7293e-01
 -7.7480e-01   2.9926e+00
 -8.3119e+00   9.6374e+00
 -1.4092e+00  -1.1365e+00
 -2.8393e+00  -2.5890e+00
 -5.9169e-01  -4.7566e-01
  5.1910e+00   1.5487e+01
 -1.3279e+00   2.0642e-01
 -3.0297e+00   2.4031e-01
 -7.4737e-01   1.7277e+00
 -2.5270e+00   2.6838e+00
  8.4273e-02   3.4914e-02
 -2.1363e+00   3.0473e+00
 -2.7774e+00   5.8936e-01
  5.6023e+00   5.4370e+00
  2.0605e+00   7.1090e-02
 -3.7310e-01   6.4906e-01
  3.0423e+00  -1.4207e-01
 -9.5393e-01  -1.1294e+01
  7.8402e+00   3.3540e+00
  1.6106e+00  -5.9006e-01
  2.0137e+01  -1.0792e+01
 -3.4499e-01   1.1092e+00
 -3.4186e+00   6.6751e+00
 -5.4192e-01   2.3501e-01
  3.3125e+00   6.1387e+00
 -3.7275e+00  -2.4589e+00
 -5.4976e+00   4.2980e-01
 -3.8106e+00  -6.7290e-02
  3.6506e+00  -4.8377e+00
 -1.7550e-01  -4.8841e-01
 -1.2701e+00  -3.5859e-01
  4.5387e-01   9.3853e-01
  1.5146e+00  -2.0261e-01
 -4.2618e-02   5.3966e+00
 -5.9146e+00   3.7591e+00
 -4.8866e+00   4.1476e-01
 -2.9957e+00   1.6307e-02
 -8.8085e-01   1.5895e+00
  2.9354e-02   5.2776e-01
  2.9659e-01  -3.6830e-01
 -1.7313e+00   4.3627e-02
 -2.7623e+00  -3.8041e-01
  3.2670e+00   4.8145e+00
  4.3948e+00   1.6647e-01
  2.4697e+00   3.0412e-03
  1.3519e+00   1.3238e+00
  3.6565e+00   5.9932e+00
  8.9316e-01  -1.3568e-01
  2.3398e+00  -1.4316e+00
  8.0302e-01  -1.7725e-01
 -8.8426e-01  -3.1035e+00
 -1.1449e+00   2.4960e+00
 -5.3413e-01  -1.1162e-01
 -5.8841e+00  -1.4576e+00
  7.0237e-01  -5.4559e-01
  1.7327e-01   1.6461e+00
  3.5265e+00  -1.0585e+01
  3.5712e-01   7.6537e-01
 -1.2108e+00  -4.2223e+00
 -1.9788e-01   1.2190e+00
  1.1298e+00  -1.1775e-01
  1.3054e+00   5.9028e-01
  3.0602e+00  -2.1925e-01
 -1.6378e+00  -1.4128e-01
  5.9231e+00   1.0363e+01
  6.7022e-01   7.4215e-01
  1.7020e+00   2.1368e+00
 -1.7148e-01   2.1333e+00
 -5.9112e-01  -6.2501e-01
 -1.1135e+00   5.1387e+00
 -1.1278e+01   6.2199e+00
  1.5608e+01  -4.6990e+00
 -7.5448e-01   9.6298e-01
  4.1225e+00   4.6393e+00
  1.1079e+01  -4.6699e+00
 -3.6271e-01   5.0898e-01
  4.8282e-01   6.0828e-01
 -2.4193e+00  -3.8470e-01
 -6.2453e+00   5.9483e-01
  4.7264e+00   7.8119e+00
  3.7820e-02   7.8247e-01
  3.3315e-01  -5.3038e-01
 -7.8508e-01  -2.6754e-02
  1.2416e+00   8.6579e-01
 -1.9520e+00  -2.5112e+00
 -1.4096e+00  -1.8308e-01
 -1.1259e+00   7.3690e-01
 -7.4430e+00   1.9644e+00
 -3.4462e+00  -3.2359e+00
 -1.3313e+00  -7.4262e+00
  1.2709e-01   1.5610e+00
 -1.6709e+00  -4.0595e+00
  1.9694e-01   1.4277e+00
 -4.1584e+00   9.8217e+00
 -6.9940e-01  -2.6202e+00
  1.1968e+00  -9.2653e-01
 -4.1775e+00  -3.8279e+00
  5.3165e+00   1.8081e+00
  2.1816e+00  -1.4305e+00
  5.6639e+00   4.4952e-02
  1.3182e-01  -1.4673e+00
 -1.0579e+00   3.0870e-01
 -3.3300e+00  -4.6755e+00
 -2.0564e+00   3.5822e+00
  6.6644e-01   2.7010e-01
  1.5824e+00   2.8402e-01
 -2.3482e-01   2.5183e-01
 -2.6217e+00   2.7133e-01
  3.3478e-01   2.4315e+00
 -1.5366e+00  -6.2330e+00
  3.9284e+00   5.7112e+00
  2.8366e+00  -4.2682e+00
 -2.3271e+00  -2.5249e-01
 -4.2499e+00  -4.4187e+00
  1.8571e+00  -1.0611e+00
 -1.4426e+00  -8.9018e-01
  2.2485e+00  -1.7702e+00
 -2.9027e+00  -2.8778e+00
  1.4306e+00   5.2882e-01
  4.0132e+00  -3.8572e+00
 -1.0760e+01   1.1770e+01
 -4.0057e+00   8.1877e-01
 -1.3127e+00  -2.4884e+00
 -6.3091e-02   6.6519e+00
  1.4283e+00   2.0174e+00
 -3.0440e+00  -5.9619e+00
  1.2952e-01  -2.1920e+00
  1.7536e-01  -9.4051e-01
  2.7606e+00  -9.9338e-01
  5.2489e-02  -5.0180e-02
 -7.3131e-01  -2.6403e+00
  2.3506e+00  -1.4265e-01
 -9.1677e+00   1.9158e+01
 -8.7208e-01  -1.1490e+00
  1.7691e+00   1.7678e+00
 -2.0778e-01  -8.3359e-01
 -1.4167e+00  -3.0741e+00
  9.8673e+00  -1.9528e+00
 -1.9602e-01   5.6695e-01
  6.2169e-01  -9.2612e-01
 -1.6545e+00   3.6098e-01
  1.6684e-01   1.2518e+00
 -4.6486e+00  -2.2892e+00
 -2.8205e+00   8.3559e-01
 -1.6002e+00   8.8215e-01
 -3.6355e+00  -4.7713e+00
  2.0100e+00   1.5927e+00
  9.1781e-01   6.7081e-01
  2.4793e+00   9.9607e-01
  1.1936e+01   1.5266e+01
  7.4625e-01  -1.7321e+00
  1.0031e+00   3.9303e+00
  7.2412e-01   3.3702e+00
 -9.2114e-01   5.9014e-02
  9.2353e-01   3.5508e+00
 -1.6210e-01  -9.9974e-01
  1.2209e+00   3.0494e+00
 -2.0117e+00   1.3470e+00
  5.8274e-01   9.0606e-01
  1.7828e+00  -6.7349e+00
 -4.9688e-01   1.2572e+00
  1.0845e+00   3.7822e-01
  2.1550e-01  -5.5394e-01
  7.5162e-01  -7.4262e-01
 -4.1702e+00   2.6278e-01
 -4.8697e-01  -1.5112e+00
  1.8505e+00   3.0773e+00
  3.6518e-01   3.9924e-01
 -7.3220e-02  -1.3268e-01
  5.4694e-01  -2.4538e-01
  8.9645e-01  -4.0826e+00
 -1.1396e+00  -5.3033e+00
 -1.3105e+00  -9.1050e-01
  3.8835e+00   5.9540e-01
  2.9641e+00   2.2315e+00
  4.4345e-02  -8.3130e-01
  3.8489e+00   2.5947e+00
 -2.5339e+00  -1.5802e+00
 -4.6999e-01   1.4383e-01
  1.2590e+00   2.6935e-01
 -1.5920e+00  -1.9301e-01
 -1.4114e+00   4.7892e-01
  1.3216e+00  -1.5903e+00
  6.7099e-01   1.2218e+00
  1.4857e+00   4.3050e-01
 -2.7491e+00  -2.8805e+00
  3.9954e-01   7.0527e-01
 -1.7670e+00   2.4185e-01
 -7.2462e+00  -1.2371e+00
 -6.6728e-01   5.8871e-01
 -1.4554e-01   6.0293e-01
  1.7129e+00  -2.4114e+00
  1.6450e+00  -1.2006e-01
 -1.8319e+00   1.1160e+00
  3.2568e-01   9.8939e-01
 -2.6196e-01  -3.0462e+00
  5.5117e-01  -3.7495e-01
 -3.7590e-01  -5.5304e-01
 -9.3865e-01   1.8760e+00
  5.2745e+00   2.3557e+00
  4.7511e-01  -3.7695e-01
 -9.6375e-01   8.9558e-01
 -8.7220e+00   1.4100e+00
 -1.1374e+00  -1.9368e+00
 -1.0184e+00   1.2483e+00
 -4.2673e+00   2.9713e+00
  4.7370e+00  -7.6436e-01
 -6.8180e-01   1.5383e+00
 -5.6472e+00   9.3768e+00
  3.5374e+00  -1.0701e+00
 -6.1177e-01  -5.2682e-01
  1.1306e+00   5.9948e-01
  7.3715e-01  -1.0823e+00
 -3.2058e-01  -1.9626e+00
 -1.6882e+00   3.9199e+00
 -9.8611e-01   6.2479e-01
 -9.3927e-01  -2.2941e-01
  6.6595e-01  -3.0414e+00
 -4.8428e+00  -1.2161e+00
  4.1685e+00  -6.6135e+00
  1.4589e+00  -3.7949e+00
  1.5676e+00  -1.6751e+00
 -9.1039e+00  -1.4980e+01
  1.7496e+00   2.0636e-01
 -4.7443e+00   1.2916e-02
 -7.6202e-01   6.9014e-01
 -3.0637e+00  -8.1085e-01
 -3.7910e-01   1.7397e+00
  2.4233e+00   1.4915e+00
  2.5331e+00   4.1680e-01
  1.3731e+00   8.4211e-01
  9.6586e-01  -1.2611e+00
  4.4021e+00   2.4186e-01
 -5.7541e-02   3.2629e+00
 -2.1080e+00  -2.9034e+00
  6.0617e+00  -2.4627e-01
 -6.7319e+00  -5.2074e+00
 -2.9757e+00   1.4212e+00
 -3.8096e+00   2.6129e+00
 -3.4794e-01  -2.6517e-01
 -5.3932e+00  -4.2923e+00
 -2.2759e+00  -1.9895e+00
  5.2576e-01  -3.7656e+00
  2.3401e+00  -8.2664e-01
  3.8477e+00  -5.4746e-01
 -2.7771e+00   1.3256e+00
 -2.1577e-01  -5.4878e-01
  2.6673e+00   6.3912e-01
  9.3986e-01  -4.6827e-01
 -6.1039e+00  -4.6312e-01
 -1.1076e+00  -4.0481e+00
 -1.0940e+01  -3.1137e+00
  2.8121e+00   2.5638e+00
 -1.5482e+00   2.0966e+00
  4.6397e-02  -2.7842e+00
  5.3633e+00   5.6862e+00
 -1.3614e-02   8.8329e-01
 -3.2276e-01  -2.7009e+00
  1.9202e+00  -1.4217e+01
  3.7957e-01  -5.7033e-01
  3.0951e+00   5.7880e-01
 -5.7486e-02  -5.5900e-01
  6.5842e+00   4.2146e+00
  1.0648e+00  -1.0205e+00
  3.1434e+00  -1.9343e+01
 -2.6546e+00   2.2936e+00
 -8.6254e-01  -1.1181e+00
 -3.0160e+00  -4.0682e-01
  2.0233e-01   3.1675e-01
 -9.7913e-01  -2.4383e+00
  2.4038e+00   1.6988e+01
  6.8923e-01   4.5568e-01
 -6.7957e+00  -6.3533e+00
 -4.0515e+00  -2.3464e+00
  4.7136e-01  -3.4582e-01
  1.3313e+00   1.1039e-02
 -2.0769e+00  -3.2664e-01
 -1.4089e-01   9.0361e-01
 -1.2344e+00   1.7190e+00
  5.2926e+00   5.7298e+00
 -2.3649e+00  -4.1095e-01
  9.2496e-01   8.1739e-01
  1.7236e+00   1.6511e+00
 -1.7339e+00  -4.7131e+00
 -7.3033e-01  -4.5092e-01
 -8.8706e-01  -4.9996e-01
  3.3178e-01  -7.0909e-01
 -4.9117e-01  -7.8604e-02
 -4.5448e+00   2.3377e+00
 -1.2850e+00  -3.9533e+00
  2.9318e+00   2.3958e-01
  1.5789e-01  -3.7810e-01
 -7.0573e+00   1.5736e+00
 -2.7988e-01   1.7343e+00
  1.1454e-01   6.9722e-01
  5.0987e-01  -1.5471e+00
  8.8650e-01   2.4633e-01
  2.2570e-01   1.9125e+00
 -1.4480e+00   6.7035e-01
 -2.2075e-01   1.1461e+00
  2.8683e+00   3.8966e+00
  4.2688e-02   7.5319e-03
 -4.6201e-01  -1.7384e+00
 -2.4813e+00   2.3454e+00
 -2.6077e+00   9.8479e+00
  2.5587e+00   4.5009e+00
  4.4178e+00  -2.3430e+00
 -1.0810e+00   1.3807e+00
  7.9742e-01  -1.0430e+00
  2.2903e+00   1.8159e+00
 -6.5876e+00  -8.8070e+00
  1.5367e+00   2.2338e+00
  1.2454e+00   8.7831e-01
 -1.7856e+00  -9.8490e-01
 -1.6865e-01  -1.0733e+00
 -1.1971e+00  -1.3692e+00
 -3.6982e+00  -5.5634e+00
 -1.5848e+01  -3.4561e+00
  1.1580e+01  -1.0975e+01
 -1.2665e+00  -1.5904e+00
  3.5429e+00  -8.0590e-01
  1.1568e+00   4.0140e+00
 -2.4913e+00   2.4436e+00
  2.3832e+00  -7.8741e-01
  3.3995e-01  -1.2652e+00
  7.4582e-01  -2.3317e+00
  2.0876e+00   3.0793e+00
 -1.5461e+00  -5.6150e-02
  4.5006e-01   7.7038e-02
  1.7008e+00  -1.5103e+00
 -8.1249e-01  -3.7536e-01
 -3.2719e+00   3.1992e+00
 -2.2858e+00  -2.6546e-01
 -6.9541e+00  -2.3032e+00
 -1.2767e+00   6.7900e-01
  5.8821e-01  -1.1068e+00
  6.4593e+00   2.0112e+00
 -1.3569e+00  -2.7993e+00
 -1.2481e+00  -1.4181e+00
  1.5577e+00  -6.1576e+00
 -5.7923e-01  -1.1969e+00
 -4.5143e-01   3.5935e-01
  1.8040e+00   3.4368e+00
 -1.9688e+00  -2.8022e+00
  6.3624e-01   6.8372e-01
 -1.5830e+00   2.7509e+00
 -1.1494e-01   1.3605e-01
  2.4157e+00   5.2332e-01
 -4.1607e-01   8.1432e-01
  1.6544e+00   5.0332e+00
 -4.6881e+00  -4.0797e+00
  5.0615e+00  -2.6628e+00
  3.0422e+00   2.3037e+00
  3.9964e-01  -3.3522e+00
 -3.2573e+00  -2.4711e+00
  2.5096e+00   2.5098e-01
  5.6853e-02   8.3855e-01
  4.1882e+00  -3.2803e-01
 -7.1058e-01   1.0908e+00
 -2.0318e+00   4.3417e-02
  5.2821e-01   8.5621e-01
 -3.3128e+00   8.3877e-02
  2.4694e+00   4.1618e-01
 -5.8122e+00   7.1732e+00
  6.3471e-01  -9.3237e+00
  1.0847e+00   1.6951e+00
 -2.1345e+00   2.3938e+01
 -1.7499e+00   1.7418e+00
  6.9454e-01  -8.5953e-01
  1.3847e+00   1.8602e+00
  1.8997e-01   1.5811e+00
 -1.3527e+01   1.1945e+01
  4.0731e-01   7.4653e-01
 -9.7341e-01   4.8366e-02
 -1.9079e+00   2.0786e+00
 -5.8786e-01   8.1356e-01
  5.1080e-01  -1.3667e+00
  6.4601e+00  -5.2838e-02
  1.6987e+00   4.1815e-01
 -2.7338e+00   8.3026e-01
 -2.5720e+00  -2.6043e+00
 -4.7170e-01  -1.4643e+00
  1.0585e+00  -1.5626e-01
 -2.8709e+00  -3.7148e+00
 -1.4417e+01  -2.4646e+00
 -8.5444e+00  -2.1462e+00
  7.6379e-01  -1.9432e+00
 -8.7516e-01  -3.5314e-01
  1.5444e+00  -2.0429e+00
  1.3402e+00   1.0574e+00
  2.2018e+00  -6.0907e+00
  4.1380e+00   4.5974e-01
 -1.0667e+00   3.3275e+00
  1.0090e-01   6.1904e-01
 -1.1349e-01   3.8578e+00
  8.3702e-01   3.4112e-01
 -2.6729e+00  -6.8027e+00
  6.8583e+00  -1.7782e+01
 -2.5475e-01  -4.8487e-01
 -4.0463e-01   2.5922e+00
  1.7919e+00  -4.2871e+00
 -1.3233e+00   1.1774e+00
  1.9769e+00  -1.6975e-04
 -1.0117e-01   1.6443e-01
  5.3427e-01  -5.1432e-01
  3.8418e+00   1.6593e+00
  5.8285e-01   2.0978e-02
  4.9418e-01  -7.4548e+00
  9.9909e+00  -7.2304e-01
 -2.2273e+00  -4.0650e+00
 -1.3934e+00  -9.2743e-01
 -5.8777e+00   1.1463e+01
  1.8112e+00  -1.7524e+00
 -1.9060e+00  -3.0477e+00
 -5.5017e-01   2.7027e+00
  6.5511e-01   7.1532e-01
  5.3943e-01   1.3604e+00
  7.7963e+00  -1.0988e+01
  1.2956e+00   3.9127e-01
  1.3397e+00   2.8982e+00
  3.9641e+00  -1.6676e+00
  1.0111e-01   9.4770e+00
  5.1366e-01  -1.2009e-01
 -1.1946e-01   2.2795e-01
  1.1364e+00  -3.5057e+00
 -1.3171e+00   1.4616e+00
  1.5176e+00  -6.6852e-01
  2.7511e+00   9.6603e+00
 -4.6913e-01  -3.9937e-01
 -2.4894e-03  -8.6990e-01
 -1.6097e+01   5.6616e-01
  2.2702e+00  -3.0731e-01
  1.9625e-01  -1.6622e+00
  6.5427e-01  -2.1021e-01
  4.8863e-01   1.2752e+00
  5.5783e-01   2.5153e-01
  6.3553e-02   1.3260e+00
 -6.1781e+00  -1.2707e+01
 -4.0408e+00  -3.5919e+00
  2.0465e+00  -6.9751e-01
  5.0314e+00   1.2284e+00
  1.4426e+00   1.7353e+00
 -1.8145e+00  -1.4164e+00
  5.3265e-01  -9.5960e-01
  1.5282e+00   7.7455e+00
 -3.6341e-01  -1.4701e-01
 -7.7597e-01  -1.9743e+00
  8.1083e+00  -7.5156e+00
 -2.0283e+00  -9.7395e+00
  3.2442e-01  -1.9870e-01
  9.3434e-01  -1.8476e+00
  5.6531e+00   6.6379e-01
 -1.3831e-01   9.5266e-01
  1.5794e+00   1.3676e+00
 -1.2826e+00  -1.1673e-01
  1.1895e+01  -7.8704e+00
  1.5008e-01   2.1944e-01
  2.5688e-06  -4.4468e-01
  3.1179e-01   1.3946e-01
 -1.5232e+00  -1.9878e+00
 -1.2394e+00  -1.4461e+00
  1.0696e+00   5.9349e-01
  1.5602e+00   3.2556e-01
  2.5473e+00  -7.0589e-01
 -2.9488e+00   1.4554e-01
  1.9332e+00   2.4406e+00
  1.0580e-01   1.4609e+00
 -6.4937e-01   4.7446e-01
  2.4443e-01  -7.4702e-01
  6.2705e+00   1.4718e+01
 -5.8511e-01   1.6456e+00
 -1.8153e+01  -1.2342e+01
  4.4512e-01   1.2954e-01
 -1.3619e+00  -1.6056e-01
 -7.2597e-02   2.5483e-02
  1.7933e-01   7.7975e-01
  8.2264e-01  -7.8875e+00
 -3.7721e+00  -5.1598e-01
  5.5208e-01   4.3752e-01
  5.1490e+00   1.0597e+01
 -2.1586e+00  -4.4374e+00
  8.1332e-01   4.7034e-01
  4.6102e+00  -1.8428e+00
 -3.7253e+00   2.3527e-02
 -9.7952e-01   5.1272e-01
  3.6361e+00   3.7657e+00
 -9.1107e-01   3.6867e+00
  1.4708e+00   1.7835e+00
  6.6716e-01  -1.8932e-02
 -2.5706e+00   2.8394e-01
 -4.4843e+00   1.7172e+00
  4.2167e-01   3.4277e-01
  3.8525e-01  -6.1982e-01
  1.5346e+00   1.1495e+00
 -5.1329e-01   1.2703e+00
  6.1616e-01  -1.8211e+00
  1.9660e+00   1.5222e+00
  9.1661e-01   5.8262e+00
  4.3027e+00   6.1388e-01
 -1.1219e+00  -1.1439e+00
 -9.2015e-01   2.4146e-01
 -9.1081e-01  -1.2306e+00
  2.8643e+00   6.1508e+00
  7.6547e-01  -7.0462e-01
  1.3632e+01   6.6839e+00
 -2.6798e+00  -5.4420e+00
 -9.2479e-02   1.9477e-02
 -1.6329e+00   1.0439e+00
  3.5492e-01  -1.2965e-01
 -1.5976e+00   1.5223e+00
 -1.8531e+00   3.4161e+00
 -4.6223e-01   1.2106e+00
  5.4487e-01   2.3737e-01
  3.1034e+00   1.9195e+00
 -1.5560e+00  -5.8428e+00
 -6.3574e-01   1.1513e+00
  2.8927e+00   3.8733e+00
 -1.5558e+00   6.9190e-01
  1.8963e+00  -2.9179e-01
  1.7082e+00  -1.5792e+00
  2.1267e+00   9.1079e+00
 -3.7520e-01   1.0931e+00
 -4.4227e+00   4.7597e+00
  1.0894e+01   3.2300e-01
  3.8022e+00   2.7729e+00
 -9.5253e-01  -2.4586e+00
  1.6752e+00  -4.4775e-02
  1.5559e+00  -3.9809e-01
  1.5479e+00  -1.0082e+00
 -4.1800e-01  -1.4012e+00
  3.0355e+00   6.7681e+00
 -1.9965e-01   8.2618e-01
  4.5973e-01   5.2266e-01
  1.3920e+00  -4.1712e-01
 -1.7875e-01  -1.3240e+00
 -2.8960e-01   1.0696e-01
  2.7395e+00   6.2614e-01
  2.2901e-02  -1.6755e+00
  5.3247e-01   1.6052e+00
  1.5859e+00   1.9423e-01
 -3.0958e+00   1.7619e+00
  3.0664e+00  -4.3916e+00
 -6.6780e+00  -5.1938e+00
 -1.3483e+00   9.3458e-01
 -2.4964e+00   9.4908e+00
 -9.2051e+00   1.7587e+01
  1.2438e+00  -1.0994e+00
  8.9252e-01   9.1879e-02
  8.7735e-01   1.5077e-01
  1.9501e+00   6.6421e-01
  1.1418e+00   2.6355e+00
  2.4814e+00   9.2023e+00
  1.1311e+01  -7.8619e+00
  1.8555e+00  -1.0136e+01
  5.3659e-01  -1.9001e+00
  1.9373e+00   1.4039e+00
  1.6006e-01  -4.6223e-01
 -4.2446e-01   4.3154e-01
 -7.8819e+00   3.7308e+00
 -2.5258e+00   5.6959e-01
  5.4865e-01   3.1951e+00
 -3.6299e-01   2.4212e+00
 -5.0598e-01   6.6591e-01
 -1.7805e+00  -2.9377e+00
 -1.0215e+00  -1.0276e+00
  5.5001e-02   3.7355e-01
  2.8017e-02   1.3629e+00
  1.1798e+00  -7.7680e-01
 -1.4703e+00   2.5601e+00
  5.9760e-01   5.5907e-01
 -2.9725e+00   1.8655e+00
 -1.4698e+00  -2.6611e+00
  1.2570e+00  -2.8417e+00
 -2.4089e+00   1.8577e+00
 -6.6574e-01  -2.5905e-01
  6.6346e-01   5.3993e-02
 -1.3415e+00   6.4298e-01
  4.1387e+00  -4.1553e+00
  2.5388e+00   5.0101e+00
 -2.7573e+00  -4.6108e-01
  1.5158e+00  -4.0613e-01
 -9.3067e-01   4.2037e-01
  2.9254e+00  -2.6406e+00
  1.1742e+00  -1.3944e+00
 -6.0809e-02   2.7565e-01
  2.2985e-01   4.2697e-02
  9.9132e+00  -1.4484e+01
 -1.7764e+00   2.4335e-01
 -2.0754e-01  -2.5454e+00
 -4.1694e-02  -4.6558e+00
 -2.3707e+00   9.8088e-01
 -1.0794e+00   3.1059e-01
 -1.0121e+01  -4.1903e+00
 -1.1387e+00   2.0909e-01
  1.7241e+00  -8.2590e-02
  2.7977e+00   3.1967e+00
  2.2090e+00  -8.2124e-01
  5.2716e+00  -1.4608e+00
  1.1055e+01  -4.6854e-01
 -3.4538e+00  -1.4741e+00
 -1.0809e+00   4.0429e-01
  7.0600e-02  -1.7671e-01
 -3.8110e+00  -1.1655e+01
  1.2116e+00   2.6143e+00
 -1.7253e+01   7.3757e+00
 -6.1980e+00   1.6921e+01
  1.3657e+00   2.5367e+00
 -1.1269e+00   8.2680e-01
  1.1734e+00  -3.3572e-01
  6.8143e-01   1.6636e+00
  2.8568e+00   6.6488e-01
  5.6761e-01  -1.9001e-01
 -2.7254e+00   7.2230e+00
  2.7429e-01   1.6726e+00
 -1.0501e+00   2.3464e-01
  2.1038e+00   1.9077e+00
  5.8017e-01  -1.3861e+00
  1.7026e+00  -2.9535e+00
  1.0346e+01  -1.1531e+01
 -4.5184e-02  -6.6248e-01
 -2.4668e+00  -4.0959e+00
 -1.0376e+00   3.4765e+00
 -1.6926e+00  -3.9476e-02
  2.0339e+00   6.9292e+00
  1.2481e+00   9.4717e-01
 -1.5237e+01  -1.1361e+01
  1.0309e-02  -3.1387e-01
  1.6275e+00   1.4548e+00
  7.3531e-01   8.5559e-02
  6.2225e-01   1.0062e+00
 -4.7495e+00   2.7320e-01
  3.9997e+00  -2.3055e-03
 -1.4955e+00   1.5884e-01
  4.5547e+00  -8.5021e-01
 -2.1555e-01   1.7810e-01
  2.2049e+00   9.0147e+00
 -9.1864e+00   6.6580e+00
  3.9374e-01  -1.8714e-02
 -6.3915e-01  -7.2495e+00
  1.8313e+00   1.9721e-01
 -5.1494e+00  -1.7649e+00
 -1.5158e-01  -7.9986e-01
  4.5132e+00   1.2637e+00
  4.6897e-01   1.5434e+00
  9.8415e-01  -3.4923e+00
  1.4313e+01  -1.3457e+01
  2.5995e+00   1.6308e+00
  8.7676e-01  -1.6726e+00
  6.0965e-02   2.3459e-01
 -6.8449e-01  -4.5583e-01
  1.4391e+00   1.5339e+00
  1.0147e+00  -3.8588e+00
  4.4253e-01  -8.9824e-04
  2.1211e-01  -1.3689e+00
  1.3766e+00   7.3122e-01
 -7.5114e+00   1.0071e+01
 -3.1197e-01  -3.1884e-01
  3.2335e-02   7.0801e-01
  1.4389e-01  -6.1539e+00
 -2.1658e+00   2.5714e+00
 -8.1107e-01   2.0007e+00
  4.8092e-01   2.2025e+00
 -4.3667e-01   2.7711e+00
 -8.3591e-01   4.7935e-02
 -8.7781e-01  -1.8434e+00
  3.6296e+00   7.1101e-01
 -4.0175e-01   1.8718e+00
  5.3437e+00  -9.4536e-01
  2.6138e+00  -1.3977e+00
 -1.1079e-01  -1.3512e+00
  1.4453e+00  -4.6862e-01
 -1.1184e-01  -2.9611e-01
  8.3827e-01  -2.1194e-02
  7.9392e-01  -9.1999e-01
 -9.8431e-01   2.6834e+00
  9.3647e+00   1.5598e+01
 -7.1435e-01   6.4753e-01
  9.6202e-01  -1.0014e+00
  7.0619e-01  -3.0055e+00
 -6.8932e-01   1.9332e+00
 -1.2756e+00  -1.0292e+00
  1.9825e+00   2.6777e-01
 -1.2784e+00   1.7670e-01
 -2.5305e+00   5.2109e+00
  1.9097e-01   2.5352e+00
  1.5096e+00   1.7925e+00
 -6.2943e+00   1.9953e+00
 -2.9433e-01   6.3052e-01
  2.9700e+00   6.2746e+00
 -2.0507e+00  -1.1762e+01
 -1.2879e+00  -9.1356e-01
  2.1372e+00   2.7374e+00
 -3.4194e-01   1.0268e+00
 -2.9256e+00   1.3971e+00
  1.6753e+00  -1.0305e-01
 -1.4576e-01   5.7535e+00
 -2.8420e+00  -8.9943e+00
 -8.7038e-01   6.3616e-02
  5.8213e+00   1.7541e+00
 -4.5534e-01   5.0404e-01
 -1.1786e+00  -1.8824e-01
  3.0352e-01  -1.1473e-01
 -4.9904e+00  -4.8612e+00
  4.4099e-01   9.9026e-01
 -5.1223e-01  -2.1095e+00
  1.5492e+00   2.4928e+00
 -7.9499e-01  -8.1222e-01
  4.7694e+00  -3.2037e+00
 -2.5715e-01   1.3831e+00
  2.4959e-01  -9.6378e-01
  2.8413e+00   9.9373e-01
  5.6251e+00   1.7925e+01
 -5.8021e+00  -1.7281e+01
  2.9195e+00  -4.4660e+00
  9.5183e-01   6.9588e-01
 -7.4017e-01  -2.6840e-01
 -1.1935e+00   2.3604e+00
 -2.6980e+00  -1.1207e+01
 -7.0624e-01  -2.4752e-02
  5.8692e-01  -7.8063e-01
  2.9345e+00   2.3968e-01
 -5.2143e-01   2.2832e+00
  5.4861e-02  -8.0464e-01
