 -6.0423e-01   3.1606e-01
 -4.4162e-02  -1.1648e-01
 -2.2740e+00   2.3555e+00
 -3.0638e-01   1.2137e+00
  1.7804e+00  -3.7088e+00
 -4.9800e+00  -6.2609e+00
 -7.1672e-01   2.1564e+00
 -6.6359e+00   7.0005e+00
 -2.2578e+00   1.1713e+00
 -1.4716e+00  -6.0346e-01
  1.6558e+01  -4.8150e+00
  2.6657e+00   2.8813e+00
 -1.7821e+00  -6.2313e-01
 -3.6946e+00  -2.5816e+00
 -2.9607e+00  -5.6356e-01
  1.3546e+01  -9.5667e+00
 -2.6928e+00   3.4830e+00
  1.7208e+01   8.1645e+00
 -6.9522e-01  -5.3366e-01
  2.1160e+00  -2.6989e+00
 -3.6381e+00   9.6941e+00
 -6.1838e-01   2.9724e+00
 -1.2877e+01  -3.0172e+01
  4.2178e+00   4.3366e+00
 -3.0713e+00  -1.6358e+00
 -5.0524e+00   6.1981e+00
  2.1466e+00  -6.5352e+00
 -3.2929e+00  -1.8271e+00
  2.0578e+00   6.1834e-01
 -1.0038e+00   3.8372e-01
  2.0317e+00  -9.6141e-01
  1.2430e+00  -1.7916e+00
  2.0976e+00  -1.4618e+00
  1.4265e+00  -2.8442e+00
 -1.9758e+00   5.8559e-02
 -3.7619e+00   4.8309e+00
 -1.6405e+00   2.1728e-01
  8.0818e+00   2.5297e-01
  3.8131e+00  -2.4493e+00
 -3.3930e-01  -1.1712e-01
  1.2754e-01  -6.2897e-01
  3.1157e-01  -1.2046e+00
  3.8909e-01   6.5511e-01
  5.7366e-01  -5.9559e+00
 -1.6671e-01  -1.5651e+00
 -4.5960e-01  -2.9680e+00
  5.6294e+00  -4.9505e-01
 -4.2158e-01   1.1549e-01
  6.0796e-01  -2.4211e+00
  2.8316e+00  -3.5950e-01
 -2.2432e+01   1.0479e+00
 -6.9080e-01  -2.0606e-01
 -1.5678e+00  -3.3020e+00
 -2.2440e+00  -1.3820e+00
  2.6929e+00   3.3212e+00
  2.4757e+00  -7.8915e+00
  6.4911e-01   6.5291e+00
  2.6265e+00   6.4813e-01
 -1.4435e+00   1.4231e+00
  2.7969e+00  -4.2067e+00
  1.8495e+00  -1.6896e+00
  4.0872e+00   1.1067e+00
 -2.4801e-01  -3.2322e-01
 -1.0453e+00  -3.7544e+00
 -2.7930e+00   3.5165e+00
 -3.3178e+00   1.7616e+00
  9.3378e+00   8.2036e-01
  8.9994e-01  -1.3444e+00
  9.3211e-01   3.9845e+00
  1.3583e+01  -3.0012e+01
 -8.0784e-01   3.3167e+00
 -1.1464e+00   1.1593e+00
  7.9146e+00   1.9613e+01
 -6.6718e+00  -3.3194e+00
 -4.2669e-01  -9.5438e-01
  9.3235e-01  -3.5992e-01
 -6.3590e+00   7.1210e-01
  1.2643e+00  -1.8144e-01
  9.5422e+00  -8.3893e+00
 -1.2279e+01  -1.3888e+00
  4.7225e+00  -3.4070e+00
 -2.2878e-01  -5.5763e+00
 -1.4493e+00  -3.4309e+00
 -1.6287e+00  -4.7515e+00
  8.8917e-01  -2.4626e+00
 -7.4433e+00  -1.7101e+01
 -8.4881e-02  -1.0466e-01
 -2.2039e+00  -5.1526e+00
  7.0759e+00   3.5994e+00
 -7.6707e+00  -2.6072e+00
 -2.0805e+00  -1.8666e+00
  1.0138e+01  -2.5711e+00
  6.2798e-01   3.1535e-01
  6.3921e+00  -1.1572e+01
  5.5028e+00   6.4241e+00
  2.4152e+00   2.3832e+00
  8.0306e-01   2.4712e-01
 -9.6252e-01  -2.4843e-01
  1.1623e+01  -5.1859e+00
 -3.4131e+00   1.8222e+00
 -2.3032e+00  -2.9869e+00
 -1.7230e-01   1.8697e+01
  4.3171e+00   1.0224e+01
  5.4183e+00  -1.0330e+00
 -6.1372e+00   7.2356e-01
  1.0254e+00  -1.2737e-01
  9.3029e-01   1.0107e+00
  2.0335e+00   2.6698e+00
  3.7639e+00  -1.3145e+01
 -2.0335e+00   5.5840e+00
  1.0879e-01   2.6340e+00
  3.5605e+00   5.4421e-01
  4.4207e+00   1.4648e-01
  1.0826e+01  -1.9668e+01
 -4.5534e+00   3.0499e-01
  5.0119e+00  -3.5551e+00
  8.4858e+00   1.1292e+01
  4.9999e+00  -4.7466e-02
  1.8098e-01   1.0767e-01
  1.3027e+00  -1.3308e+00
  4.4163e-01  -1.8753e-02
 -1.3237e-01  -2.2945e-01
  2.4088e+00  -1.7775e+00
  1.5508e+00   5.6338e-01
 -4.1149e+00   2.9556e+01
 -3.7390e+00  -1.0854e+00
 -6.9632e+00  -9.2997e+00
  1.7807e+00  -2.5972e-01
 -2.2538e+00  -2.9591e-01
  1.4306e+00   2.0737e+00
  4.2880e+00  -6.7059e+00
 -5.4113e+00  -4.3866e-01
 -8.8029e+00   5.5499e+00
 -3.5123e+00  -1.1339e+00
 -1.4609e+00  -8.0223e-01
 -5.1634e+00  -6.5292e-01
 -5.2731e+00   2.5782e-02
  1.7302e+00  -6.0767e-01
 -5.1490e-01   8.0328e-01
 -8.5803e-01   1.8467e+00
  1.7695e+00  -6.1732e-01
  4.3542e+00   1.2008e+00
 -9.7111e-01   2.6274e-01
 -2.3795e+00   1.9202e+00
 -1.9594e-01   2.8990e+00
  5.9308e+00  -1.0746e+00
 -3.9858e+00  -7.3762e+00
 -3.6892e+00   2.1810e+00
  1.4542e+00   7.1358e-01
 -8.2178e-01   1.2984e+00
 -6.4320e+00  -7.4042e+00
 -3.3136e-01   3.7835e+00
 -1.9056e+00   4.8963e-04
 -4.4700e+00  -7.1576e-01
 -3.7352e+00   4.5103e-01
 -1.7337e+00   1.7094e-01
  2.7626e-02  -4.3724e-01
  1.0721e+01   1.2015e+01
  2.7525e+00   6.6833e-01
 -5.8473e+00  -2.5603e-01
  2.1806e+00  -2.7923e-01
 -1.7623e+00   4.3445e+00
  4.4324e-01  -1.1278e+00
 -1.0682e+01  -1.1069e+00
  2.5221e+00  -3.8068e+00
  4.8743e+00   3.4931e+00
 -3.1933e+00   1.4259e+00
  1.7582e+00   8.1379e+00
 -1.7904e+01   2.2217e+01
  2.5863e+00  -3.9017e+00
  1.4475e-01   4.4387e-03
 -8.2661e-01   1.9552e+00
  3.3932e+00  -2.7029e-01
 -2.9623e+00   5.3575e+00
  1.4057e+01  -1.1632e+01
  3.0668e+00   3.4191e+00
  2.4670e+00  -3.1482e-01
 -3.8201e+00  -3.8263e+00
 -1.9765e+01   1.7243e+01
 -9.4443e-01   3.5101e-01
 -7.1955e+00   3.6569e+00
  1.3074e+01   1.0357e-01
  2.0242e+00  -3.8092e+00
 -2.0144e+00  -5.2071e-02
  2.9747e-01  -9.9131e-01
  1.7358e+01   8.3079e+00
 -1.9498e+00   5.6957e+00
  3.9077e-01  -5.6725e+00
  1.1762e+00   1.1887e+01
 -4.9404e+00   4.2965e+00
  1.0172e+00  -1.5283e-02
  4.3847e-01  -6.4794e-01
  2.7491e+00   7.4117e-02
 -1.9353e+00  -1.5542e+00
  3.5313e+00  -2.8861e+00
 -3.0180e+00  -1.7183e+00
 -8.9901e-01   1.6383e+00
 -4.0354e-01   1.3547e+00
  1.0721e-02  -1.2796e+00
 -1.4990e+00  -3.0031e-01
 -2.2176e+00   3.7929e+00
  1.9044e-01  -5.3334e+00
 -1.1482e+00  -3.2752e+00
 -1.4009e+01  -3.0201e+00
  8.4515e-01   3.7321e+00
 -1.0146e+00  -1.0521e+00
 -3.5012e+00  -2.2843e+00
  1.3855e+00   1.2143e+00
  2.0450e+00  -1.7469e+01
 -1.6460e+00   9.1030e+00
 -3.5473e-02  -3.8178e+00
 -1.0589e+01   2.7328e+00
  2.4697e+00  -4.5856e-01
  9.0554e+00   4.4666e+00
 -6.2126e-01   4.0752e+00
  8.1514e-01   3.9021e+00
  2.5640e+00  -3.1414e+00
 -2.0115e+00  -8.4255e-01
 -2.4042e+00  -7.2865e+00
  1.2952e-01  -1.7211e+00
  5.7897e+00  -4.7620e+00
 -1.3563e+00   1.2417e+00
  1.5663e+01  -4.2758e+00
 -2.1580e+01   2.4322e+00
  3.1268e+00   2.2969e+00
 -3.5868e+00  -4.8511e-01
  1.9249e+00  -4.2080e-01
 -7.2124e-01  -1.6803e+00
  1.0424e+00  -1.3984e+00
  1.8334e+01  -1.0964e+01
 -3.8218e+00   2.0059e+00
 -1.2421e-01  -7.0596e-01
  8.0348e-01   2.8260e+00
 -2.9065e+00   3.2343e+00
 -1.6433e+00  -7.0783e-01
 -3.0824e+00  -1.9172e+00
 -8.5145e-01   5.0479e-01
 -4.7127e+00  -1.1222e+01
 -1.5389e+01   1.6312e+01
 -1.6320e+00  -2.1370e+00
 -3.0141e+00  -1.1796e+00
 -1.1148e+01   3.4980e+00
  3.3023e+00  -1.2240e+00
 -7.3722e+00  -7.5916e+00
  3.8161e+00  -5.0764e+00
 -1.7021e+00   7.1885e+00
 -3.9069e+00  -1.3575e+01
  1.4535e+00   9.4406e-01
 -7.3007e-01  -2.0630e+00
  6.7870e+00   3.3007e+00
  1.0901e+00  -8.3665e-01
 -3.4911e+00   1.8738e+00
  3.1541e+00  -4.2288e+00
  3.4723e+00   2.2219e+00
 -2.1185e+01  -1.0108e+01
 -5.1022e+00   2.5796e+00
 -6.8895e+00  -3.3939e+00
  2.2714e-01   2.1329e+00
  4.2282e+00  -1.9948e+00
  1.3394e-01   9.8450e-02
  5.0000e+00  -4.2745e+00
 -9.9025e+00  -1.2528e+01
  1.3332e+00  -1.2823e+00
 -6.8664e+00   3.7188e+00
 -4.9959e+00   2.5218e+00
  2.6180e+00  -3.5664e+00
 -2.3089e+00  -5.0572e+00
  4.1105e+00   6.2212e+00
  1.7584e+00  -1.9666e+00
  5.9554e+00  -2.9824e+00
 -2.0428e+00   1.3784e+01
 -2.6285e+00  -8.8312e-03
  4.5731e-01  -2.0478e+00
  1.7197e+00   4.2190e+00
 -9.3600e+00   1.2357e+00
  1.6386e+00  -7.0484e-01
  2.2347e+01  -3.1527e-01
 -1.0618e+00   5.3236e+00
 -1.3173e+01   1.5106e+01
 -2.0929e+00  -1.8051e+00
 -4.1415e+00  -4.1630e+00
 -1.0287e+00  -1.8040e+00
  8.0040e+00   2.4023e+01
 -1.7831e+00   5.9256e-01
 -5.0194e+00   2.0635e-02
 -1.2854e+00   2.9514e+00
 -4.5535e+00   4.3925e+00
 -4.7553e-01   1.2452e+00
 -2.7893e+00   5.0265e+00
 -4.5299e+00   6.3617e-01
  9.2061e+00   9.0339e+00
  3.5024e+00  -7.0328e-01
 -3.3783e-01   9.5970e-01
  4.3955e+00  -2.0986e-01
 -1.7100e+00  -1.8449e+01
  1.2491e+01   5.4818e+00
  2.7102e+00  -6.3486e-01
  3.1725e+01  -1.6553e+01
 -1.0901e+00   1.7779e+00
 -5.2300e+00   1.0224e+01
 -9.0393e-01   2.3861e+00
  5.3134e+00   9.7021e+00
 -5.7090e+00  -3.8485e+00
 -8.4425e+00   8.3424e-01
 -6.9058e+00  -3.5520e-01
  5.4767e+00  -7.2587e+00
  1.6220e+00  -2.5871e+00
 -1.6635e+00  -9.7660e-01
  3.6519e-01   1.1450e+00
  3.0523e+00  -3.6868e-01
  1.5345e-01   7.6371e+00
 -8.8132e+00   5.6200e+00
 -7.4378e+00   1.0912e+00
 -5.2485e+00   1.8489e-01
 -1.9837e+00   3.8976e+00
 -5.5687e-01   1.3470e+00
  1.4996e-01  -1.0453e+00
 -2.7689e+00   5.0706e-01
 -4.2229e+00  -5.2980e-01
  5.1672e+00   7.8800e+00
  7.1356e+00  -3.8062e-02
  3.5582e+00  -1.5233e-01
  2.0311e+00   1.8741e+00
  5.3954e+00   9.4101e+00
  1.4201e+00  -6.5476e-01
  3.7795e+00  -2.4775e+00
  2.1131e+00  -3.0172e-01
 -1.0051e+00  -4.9977e+00
 -1.4751e+00   4.3517e+00
 -2.8717e-01   1.4878e-01
 -8.9238e+00  -2.2869e+00
  8.8936e-01  -1.3891e+00
  6.6860e-01   2.6248e+00
  6.8149e+00  -2.0420e+01
  4.0272e-01   1.4755e+00
 -2.0670e+00  -6.9660e+00
 -6.2341e-01   2.2867e+00
  2.2840e+00  -4.1778e-02
  2.3021e+00   7.2502e-01
  5.3113e+00  -1.9390e-01
 -3.7443e+00  -6.1674e-01
  9.4039e+00   1.5773e+01
  9.8967e-01   1.4184e+00
  3.2554e+00   3.9154e+00
 -4.1481e-01   3.4007e+00
 -3.9686e-01  -7.7079e-01
 -1.6762e+00   7.8627e+00
 -1.9251e+01   1.0173e+01
  2.4247e+01  -7.3356e+00
 -1.4913e+00   2.1759e+00
  6.5839e+00   6.7813e+00
  1.7114e+01  -7.1872e+00
 -1.8108e+00  -1.0004e+00
  1.7682e+00   4.2234e-01
 -4.1455e+00  -2.2237e-01
 -9.5233e+00   9.1773e-01
  7.3430e+00   1.2328e+01
  1.9302e-01   1.2504e+00
  1.1602e+00  -8.4858e-01
 -1.0202e+00  -1.8155e-01
  2.2032e+00   2.2884e+00
 -3.7652e+00  -4.8525e+00
 -1.5475e+00  -1.4854e-01
 -1.5749e+00   1.0170e+00
 -1.1586e+01   3.0352e+00
 -5.0999e+00  -4.8111e+00
 -1.9646e+00  -1.1641e+01
  4.6968e-01   2.2448e+00
 -2.8592e+00  -6.5469e+00
  9.1900e-01   2.8148e+00
 -8.0921e+00   1.9166e+01
 -2.1442e+00  -5.2255e+00
  1.0980e+00  -9.3964e-01
 -6.7676e+00  -6.0659e+00
  1.0300e+01   3.8353e+00
  3.2472e+00  -2.1657e+00
  8.5754e+00  -8.2712e-02
  8.1964e-01  -2.7601e+00
 -3.1494e+00   1.3911e+00
 -5.4314e+00  -7.7635e+00
 -2.9859e+00   5.2953e+00
  1.2399e+00   2.3877e-01
  3.1181e+00   8.8484e-01
 -6.9031e-01   8.5669e-01
 -4.9614e+00   1.7602e-01
  6.2459e+00   3.1761e+00
 -2.5609e+00  -1.0370e+01
  5.8135e+00   8.9647e+00
  7.6626e+00  -1.1861e+01
 -4.2924e+00   1.1017e-02
 -7.7403e+00  -8.8999e+00
  2.8962e+00  -1.3530e+00
 -2.4452e+00  -1.7713e+00
  3.8583e+00  -2.8156e+00
 -4.0834e+00  -4.2959e+00
  1.8247e+00   6.0200e-01
  6.3848e+00  -5.7638e+00
 -1.6452e+01   1.7888e+01
 -6.2372e+00   1.2469e+00
 -2.0691e+00  -3.8765e+00
  1.1547e-01   1.1527e+01
  2.8797e+00   4.0767e+00
 -4.5462e+00  -9.1297e+00
 -4.5657e-02  -3.4136e+00
  2.6687e-01  -1.1041e+00
  4.9355e+00  -1.3028e+00
  5.9472e-01  -5.9442e-01
 -1.3207e+00  -4.0831e+00
  4.6508e+00  -1.7259e-01
 -1.3908e+01   2.9007e+01
 -1.8552e+00  -2.4957e+00
  2.9798e+00   3.1610e+00
 -3.3742e-01  -2.7133e+00
 -1.8642e+00  -4.3038e+00
  1.4696e+01  -3.2704e+00
  4.8286e-01   6.7754e-01
  1.1335e+00  -1.0227e+00
 -2.8693e+00   2.2570e-01
  2.8056e-01   2.4587e+00
 -7.6171e+00  -3.7617e+00
 -4.0882e+00   9.3995e-01
 -2.3949e+00   1.5586e+00
 -7.9341e+00  -9.3804e+00
  3.9024e+00   3.2109e+00
  8.9772e-01   4.5915e-01
  3.9148e+00   1.7971e+00
  1.9060e+01   2.4291e+01
  9.4390e-01  -2.1448e+00
  1.2959e+00   6.4303e+00
  1.2794e+00   5.9870e+00
 -1.5529e+00  -4.4977e-01
  2.0397e+00   6.0497e+00
  5.2039e-02  -1.2234e+00
  2.2498e+00   4.6270e+00
 -2.9748e+00   2.3763e+00
  8.2512e-01   1.3884e+00
  3.1336e+00  -1.1558e+01
 -6.1305e-01   2.4563e+00
  6.4280e-01   9.2113e-01
 -2.2568e-01  -3.0981e-01
  5.4046e-01  -1.0058e+00
 -6.4535e+00   2.9172e-01
 -7.0499e-01  -2.8276e+00
  3.3640e+00   4.6383e+00
  3.2201e-01  -1.6190e-01
  5.4498e-01  -7.1733e-01
  5.9173e-01   2.7845e-01
  1.8482e+00  -7.2341e+00
 -2.0177e+00  -9.4832e+00
 -2.2838e+00  -7.6940e-01
  5.7380e+00   9.4678e-01
  5.8822e+00   4.4128e+00
 -2.9648e-01  -2.1133e+00
  6.0259e+00   3.7584e+00
 -4.5242e+00  -2.9655e+00
 -1.5503e+00   3.2833e-01
  2.3549e+00   4.6235e-01
 -3.4660e+00  -1.9067e-01
 -2.4554e+00   7.3181e-01
  2.1993e+00  -2.8658e+00
  7.8266e-01   2.0174e+00
  2.2574e+00   9.5711e-01
 -4.3479e+00  -4.6240e+00
  4.3792e-01   1.1936e+00
 -3.0103e+00  -1.4567e-01
 -1.1729e+01  -2.0991e+00
 -1.0281e+00   7.1891e-01
 -5.1758e-01   1.5046e+00
  2.5001e+00  -3.7612e+00
  2.7379e+00  -8.7926e-01
 -2.7470e+00   1.6013e+00
  5.8351e-01   1.9584e+00
 -7.6960e-01  -5.0320e+00
  1.2705e+00   5.0405e-02
 -4.2126e-01  -1.3455e+00
 -1.9244e+00   2.8282e+00
  8.5291e+00   3.7527e+00
  1.0090e+00  -1.0324e+00
 -1.4171e+00   1.4479e+00
 -1.3709e+01   1.8046e+00
 -1.5492e+00  -2.6215e+00
 -1.6519e+00   2.2093e+00
 -6.5459e+00   4.4830e+00
  1.6401e+01  -3.6242e+00
 -6.9145e-01   1.8608e+00
 -9.0236e+00   1.4110e+01
  5.1527e+00  -1.7181e+00
 -9.1962e-01  -8.1526e-01
  1.7194e+00   7.1436e-01
  8.4624e-01  -1.3128e+00
 -6.7538e-01  -3.1490e+00
 -2.9872e+00   6.4921e+00
 -7.6303e-01   9.1997e-01
 -8.3577e-01  -1.4220e-01
  1.4398e+00  -4.4357e+00
 -7.8988e+00  -1.8536e+00
  6.1291e+00  -1.0528e+01
  2.6341e+00  -7.1636e+00
  2.3384e+00  -2.2735e+00
 -1.4515e+01  -2.3255e+01
  2.8573e+00   4.0234e-01
 -7.9303e+00  -2.8531e-01
 -1.9641e+00   1.6616e+00
 -4.7558e+00  -1.2161e+00
 -9.0947e-01   3.6608e+00
  3.4596e+00   2.6835e+00
  6.2095e+00   1.3094e+00
  2.1344e+00   1.1160e+00
  1.7603e+00  -1.4578e+00
  7.2592e+00   2.8999e-01
 -2.1931e-01   4.8441e+00
 -3.2377e+00  -4.1475e+00
  9.0344e+00  -4.2924e-01
 -1.0156e+01  -8.0549e+00
 -4.6872e+00   2.3525e+00
 -6.0446e+00   4.3119e+00
 -3.3722e-01  -6.1517e-01
 -7.9086e+00  -6.8606e+00
 -3.5659e+00  -3.2373e+00
  9.7892e-01  -5.3590e+00
  4.1785e+00  -1.9991e+00
  6.5102e+00  -7.9069e-01
 -4.3362e+00   2.0182e+00
  5.9459e-02  -1.8236e+00
  4.3808e+00   1.3160e+00
  1.8776e+00  -6.2992e-01
 -9.6239e+00  -9.3331e-01
 -1.4485e+00  -6.1737e+00
 -1.7678e+01  -4.9515e+00
  4.5980e+00   4.3932e+00
 -2.9330e+00   3.6219e+00
 -3.0332e-01  -4.5029e+00
  8.0969e+00   8.6568e+00
  1.4218e-01   1.0815e+00
 -4.7175e-01  -4.6818e+00
  2.9296e+00  -2.1435e+01
  5.6956e-01  -1.1757e+00
  7.0101e+00   2.5419e+00
 -6.4747e-01  -1.4020e+00
  9.8996e+00   6.2650e+00
  1.7432e+00  -2.1541e+00
  4.5170e+00  -2.9208e+01
 -4.4411e+00   3.9407e+00
 -1.7783e+00  -1.9006e+00
 -5.3033e+00  -5.6855e-01
 -4.3468e-01   6.6037e-01
 -1.7088e+00  -4.3231e+00
  3.8211e+00   2.6921e+01
  1.1679e+00   7.2483e-01
 -1.0223e+01  -9.6318e+00
 -8.0248e+00  -4.4619e+00
  9.8743e-01  -1.1875e+00
  2.5917e+00   4.7908e-01
 -2.9560e+00  -1.6009e-01
 -3.4434e-02   1.6095e+00
 -1.3378e+00   2.2863e+00
  8.2439e+00   8.6385e+00
 -4.1278e+00  -6.7055e-01
  1.1793e+00   8.7753e-01
  2.6800e+00   2.3960e+00
 -3.2071e+00  -8.5371e+00
 -6.3313e-01  -1.1239e+00
 -1.7069e+00  -8.9881e-01
  1.6923e+00  -1.1122e+00
 -8.1081e-01  -4.0277e-01
 -7.1444e+00   3.4051e+00
 -1.8210e+00  -5.8298e+00
  9.8556e+00  -9.4263e-01
 -6.2314e-01  -2.5642e+00
 -1.0870e+01   2.5978e+00
 -7.3514e-01   2.5016e+00
  4.2075e-02   4.6391e-01
  9.9646e-01  -2.2805e+00
  1.3180e+00   5.4937e-02
  1.4847e-01   3.2939e+00
 -2.4034e+00   8.9889e-01
 -1.0271e+00   1.7542e+00
  4.7434e+00   6.7724e+00
  3.8449e-01   6.0794e-01
 -8.1845e-01  -3.1292e+00
 -4.9379e+00   5.0170e+00
 -4.1345e+00   1.6811e+01
  5.3386e+00   9.1416e+00
  7.5093e+00  -4.1179e+00
 -2.2997e+00   1.7724e+00
  1.3506e+00  -1.9199e+00
  3.2096e+00   2.1725e+00
 -1.0319e+01  -1.4191e+01
  2.6032e+00   3.9444e+00
  2.6569e+00   2.2401e+00
 -3.0405e+00  -1.8466e+00
 -1.4437e-01  -1.0410e+00
 -1.7298e+00  -2.6185e+00
 -6.5258e+00  -9.8913e+00
 -2.4804e+01  -5.5323e+00
  1.7712e+01  -1.7184e+01
 -2.7470e+00  -3.3440e+00
  5.0865e+00  -7.6811e-01
  1.8822e+00   7.3620e+00
 -4.2330e+00   3.7947e+00
  5.0846e+00  -1.2440e+00
  7.7383e-01  -1.9099e+00
  1.8070e+00  -4.8453e+00
  3.0032e+00   4.6562e+00
 -1.9709e+00  -2.2870e-01
  7.3281e-01   1.3588e+00
  3.4750e+00  -2.3263e+00
 -1.3965e+00   1.1861e-01
 -4.8223e+00   4.6765e+00
 -3.1388e+00  -7.2814e-01
 -1.0463e+01  -3.4726e+00
 -3.6798e+00   1.6592e+00
  1.2187e+00  -3.1012e+00
  1.0280e+01   3.2609e+00
 -1.7197e+00  -4.5011e+00
  8.4820e-02  -2.0461e+00
  2.4352e+00  -1.0156e+01
 -1.0748e+00  -2.0966e+00
 -1.5328e-01   6.8590e-01
  3.5313e+00   6.0988e+00
 -3.0541e+00  -3.9984e+00
 -6.9853e-02   2.1609e+00
 -2.4102e+00   4.2915e+00
 -4.8909e+00   5.8855e+00
  3.6968e+00   4.0888e-01
 -9.0123e-01   1.4698e+00
  2.2992e+00   7.4251e+00
 -7.8019e+00  -6.7822e+00
  8.3401e+00  -4.4234e+00
  4.4439e+00   2.9286e+00
  5.6870e-01  -4.8261e+00
 -6.5052e+00  -5.2119e+00
  3.8287e+00   7.5384e-01
  5.0569e-01   1.3406e+00
  6.7819e+00  -6.1685e-01
 -1.7182e+00   2.2455e+00
 -2.8058e+00  -2.7412e-02
  6.0887e-01   2.6435e+00
 -6.3383e+00  -8.1468e-02
  3.7042e+00   1.0152e+00
 -9.4996e+00   1.1641e+01
  1.3644e+00  -1.5646e+01
  1.9680e+00   2.7580e+00
 -3.2454e+00   3.8016e+01
 -2.5734e+00   2.3951e+00
  6.6340e-01  -2.1997e+00
  2.6088e+00   2.7223e+00
  6.0753e-02   2.0992e+00
 -2.0322e+01   1.8150e+01
  1.3943e+00   1.1309e+00
 -2.3517e+00   4.4859e-02
 -3.0179e+00   2.8831e+00
 -1.0027e+00   1.7161e+00
  7.6445e-01  -2.6023e+00
  1.0988e+01  -4.0089e-01
  2.7530e+00   9.6162e-01
 -4.1003e+00   1.0072e+00
 -4.1089e+00  -4.3105e+00
 -7.0575e-01  -2.8793e+00
  1.3164e+00  -3.2744e-01
 -4.1518e+00  -5.5179e+00
 -2.1622e+01  -3.6979e+00
 -1.2901e+01  -3.2859e+00
  1.3112e+00  -2.9803e+00
 -2.2028e+00  -1.3167e+00
  2.7841e+00  -2.8650e+00
  3.0398e+00   2.2836e+00
  3.5627e+00  -1.0184e+01
  6.8504e+00   2.0622e-01
 -1.0504e+00   4.9802e+00
 -2.5395e-01   1.4322e+00
 -1.8466e-01   5.8305e+00
  7.7025e-01   5.6130e-01
 -4.0981e+00  -1.0543e+01
  1.0549e+01  -2.6651e+01
 -1.0722e+00  -1.2139e+00
 -5.9637e-01   4.0646e+00
  2.6953e+00  -6.3848e+00
 -1.4367e+00   1.9897e+00
  2.4060e+00   6.6506e-03
 -2.4240e-01  -2.1566e-01
  1.3187e+00  -1.3345e+00
  6.7643e+00   3.1665e+00
  2.2698e+00   2.1757e-01
  8.0953e-01  -1.1897e+01
  1.5201e+01  -1.1045e+00
 -3.3117e+00  -5.9327e+00
 -2.6949e+00  -2.0339e+00
 -9.6461e+00   1.8283e+01
  2.6359e+00  -2.6447e+00
 -3.6124e+00  -4.9245e+00
 -1.0812e+00   4.0168e+00
  7.8906e-01   1.2737e+00
  1.3788e+00   2.1238e+00
  1.2055e+01  -1.6900e+01
  2.0684e+00   1.0663e+00
  2.6830e+00   5.9256e+00
  6.8587e+00  -2.4023e+00
  3.7875e-01   1.6664e+01
  5.5750e-01  -8.7387e-01
 -3.0300e-01   1.9176e-01
  2.3757e+00  -5.6895e+00
 -1.8041e+00   2.3530e+00
  2.8418e+00  -1.3348e+00
  4.0913e+00   1.4880e+01
 -7.3353e-01  -8.0910e-01
  1.1540e-01  -1.6241e+00
 -2.4314e+01   9.8789e-01
  2.9951e+00  -8.6169e-01
  5.7716e-01  -3.9305e+00
  1.4213e+00  -1.6518e-01
  1.3227e-02   2.9719e+00
  1.0395e+00  -4.1661e-01
  2.0413e-01   2.1586e+00
 -1.0246e+01  -2.0724e+01
 -5.7417e+00  -5.1837e+00
  3.6032e+00  -6.2924e-01
  7.6864e+00   1.7853e+00
  2.2237e+00   3.0026e+00
 -3.8647e+00  -3.1479e+00
  6.8114e-01  -2.0536e+00
  2.2743e+00   1.1621e+01
 -6.5596e-01  -7.7914e-02
 -1.1732e+00  -3.2922e+00
  1.3305e+01  -1.2425e+01
 -4.0660e+00  -1.7857e+01
  2.1405e+00   5.4217e-01
  9.0341e-01  -3.1997e+00
  8.9578e+00   8.1663e-01
 -1.4100e-01   1.6432e+00
  3.8825e+00   3.8107e+00
 -2.6842e+00  -2.4803e-01
  1.8384e+01  -1.2125e+01
  1.5505e-01   1.1218e+00
 -4.0463e-01   1.9261e+00
  2.2208e+00   2.9210e-02
 -2.5523e+00  -3.3176e+00
 -3.7601e+00  -3.2821e+00
  2.4695e+00   1.4833e+00
  1.9344e+00   1.0704e-01
  5.1733e+00  -1.4279e+00
 -4.9895e+00   2.4430e-01
  3.2374e+00   3.6979e+00
 -1.0628e+00   2.4837e+00
 -3.3821e-01   2.1564e+00
  5.3209e-03  -1.8794e+00
  1.0172e+01   2.4228e+01
 -1.0030e+00   3.2980e+00
 -2.8433e+01  -1.8984e+01
  1.0708e+00   2.4069e-01
 -2.6754e+00  -4.5984e-01
  2.8589e-01  -9.8057e-01
  6.7812e-01   1.8541e+00
  1.0637e+00  -1.1969e+01
 -5.8925e+00  -7.6281e-01
  1.2499e+00   5.1928e-01
  8.0634e+00   1.7510e+01
 -3.0003e+00  -6.5810e+00
  1.0555e+00   1.9674e-01
  7.1980e+00  -2.9726e+00
 -6.3659e+00  -1.3639e-01
 -1.5442e+00   2.1177e-01
  5.3954e+00   5.7030e+00
 -1.3810e+00   5.3088e+00
  2.3199e+00   1.9307e+00
  6.9479e-01   6.3437e-02
 -4.9403e+00   1.5072e-01
 -6.6452e+00   2.9282e+00
  1.3990e+00   1.8874e-01
  7.0028e-01  -1.1242e+00
  2.5467e+00   1.4208e+00
 -1.1297e+00   2.2810e+00
  1.7283e+00  -3.7275e+00
  3.4051e+00   2.6789e+00
  1.3426e+00   8.8597e+00
  6.4919e+00   1.4513e+00
 -1.3948e+00  -1.1215e+00
 -2.1714e+00   5.1245e-01
 -1.4519e+00  -2.2107e+00
  4.2754e+00   9.9276e+00
  1.2281e+00  -8.0333e-01
  2.0537e+01   1.0059e+01
 -4.1742e+00  -8.8780e+00
 -1.4924e-01   6.1407e-01
 -3.1969e+00   1.8072e+00
  6.4148e-01  -1.7120e-01
 -2.1662e+00   2.3065e+00
 -2.7117e+00   4.9219e+00
 -4.0139e-01   9.4770e-01
 -7.6381e-02   1.5068e-01
  4.6148e+00   2.8066e+00
 -2.3471e+00  -1.0183e+01
 -2.8171e-01   2.6034e+00
  3.9920e+00   6.2285e+00
 -2.0178e+00   1.6321e+00
  3.6749e+00  -5.7749e-01
  2.3974e+00  -2.5101e+00
  3.2064e+00   1.4094e+01
 -9.9583e-01   2.0021e+00
 -7.1687e+00   7.3769e+00
  1.9811e+01   6.6001e-01
  6.8581e+00   5.0380e+00
 -1.0642e+00  -3.7107e+00
  2.5742e+00   7.2403e-02
  2.7230e+00  -1.3904e+00
  3.1642e+00  -2.6920e+00
 -5.9107e-01  -2.0311e+00
  4.4432e+00   1.0338e+01
 -8.9991e-01   1.3727e+00
  3.6022e-01  -1.1258e-01
  1.7851e+00  -1.1515e+00
 -8.2688e-02  -2.6956e+00
  2.6221e-01   5.9125e-01
  4.3841e+00   1.0998e+00
 -1.9508e-01  -4.6865e+00
  5.9746e-01   2.9615e+00
  1.9764e+00   4.3041e-01
 -4.8939e+00   3.2771e+00
  4.8928e+00  -6.7962e+00
 -1.0861e+01  -8.4152e+00
 -2.4722e+00   2.0077e+00
 -3.8179e+00   1.4453e+01
 -1.3858e+01   2.6499e+01
  1.7385e+00  -2.0453e+00
 -9.6066e-01   1.7878e-01
  1.7360e+00   2.1986e-01
  2.7036e+00   1.2727e+00
  2.1539e+00   4.8824e+00
  4.2299e+00   1.6985e+01
  1.6966e+01  -1.1807e+01
  2.7530e+00  -1.5715e+01
  8.4107e-01  -3.1709e+00
  2.7190e+00   1.7316e+00
  1.0024e-01  -5.8337e-01
 -6.3339e-01   1.0906e+00
 -1.1651e+01   5.9562e+00
 -4.5652e+00   1.0509e+00
  8.7213e-01   5.2067e+00
 -3.0892e-01   3.5858e+00
 -9.8578e-01   1.1880e+00
 -2.7170e+00  -4.9794e+00
 -1.5617e+00  -1.7077e+00
 -1.0137e-01   4.0195e-02
  6.8535e-02   2.7878e+00
  1.9259e+00  -1.0808e+00
 -2.3293e+00   4.1299e+00
  7.1687e-01   3.8929e-01
 -4.7873e+00   2.9579e+00
 -1.5279e+00  -2.1784e+00
  2.2597e+00  -4.5599e+00
 -3.7343e+00   2.9799e+00
 -1.1188e+00   3.8814e-02
  1.0401e+00   4.6102e-01
 -2.9319e+00   9.8460e-01
  6.2103e+00  -6.2562e+00
  3.7511e+00   7.4443e+00
 -4.2929e+00  -1.0143e+00
  3.2942e+00  -9.5827e-01
 -1.1031e+00   6.3166e-01
  4.2047e+00  -3.7319e+00
  6.7163e+00  -7.8840e+00
 -4.8424e-02   6.6591e-01
  7.3442e-02  -1.3671e-01
  1.4798e+01  -2.1677e+01
 -1.9541e+00  -2.4229e-02
  4.9469e-02  -5.8934e+00
  1.3915e-01  -7.2377e+00
 -1.3459e+01   3.7028e+00
 -2.1901e+00   7.5159e-01
 -1.5660e+01  -6.6123e+00
 -1.6776e+00  -3.8279e-01
  3.1389e+00   1.5820e-01
  4.3443e+00   4.6152e+00
  3.6756e+00  -1.1945e+00
  7.8231e+00  -2.0520e+00
  1.8173e+01  -8.0845e-01
 -5.5340e+00  -2.2348e+00
 -1.4941e+00  -9.0997e-03
  1.5615e-01  -8.9412e-02
 -6.0776e+00  -1.8563e+01
  2.2394e+00   3.6913e+00
 -2.6705e+01   1.1377e+01
 -9.2204e+00   2.5935e+01
  1.9474e+00   3.9945e+00
 -1.5334e+00   4.1109e-01
  2.1136e+00  -3.5807e-01
  6.4574e-01   3.3838e+00
  4.2273e+00   7.8658e-01
  1.5034e+00  -3.8045e-02
 -5.1609e+00   1.3128e+01
  1.2553e+00   3.5751e+00
 -2.0471e+00   1.1770e+00
  4.4531e+00   3.4495e+00
  5.9864e-01  -1.8372e+00
  2.5160e+00  -4.3114e+00
  1.5672e+01  -1.7481e+01
 -8.2207e-01  -6.1364e-01
 -3.7480e+00  -6.0900e+00
 -1.6658e+00   6.1872e+00
 -2.1392e+00  -4.1565e-01
  3.3255e+00   1.1233e+01
  3.0147e+00   7.9693e-01
 -2.3512e+01  -1.7646e+01
  3.9302e-01  -1.6729e-01
  2.2153e+00   2.0961e+00
  1.0339e+00  -3.3898e-01
  1.3301e+00   2.2538e+00
 -7.7241e+00   4.2357e-01
  6.2162e+00   1.9189e-01
 -7.4912e-01   4.8653e-01
  7.1205e+00  -1.4401e+00
 -2.4731e+00   3.6512e-01
  3.3351e+00   1.3505e+01
 -1.4284e+01   1.0394e+01
 -1.8429e-02   4.1646e-02
 -1.1152e+00  -1.1192e+01
  2.6443e+00   1.5526e-01
 -8.6783e+00  -3.1207e+00
 -4.5681e-01  -1.8353e+00
  6.5346e+00   1.6790e+00
  6.1336e-01   3.4597e+00
  1.7912e+00  -6.3709e+00
  2.1863e+01  -2.0340e+01
  4.8488e+00   2.8828e+00
  1.4325e+00  -2.4538e+00
 -1.7726e-01   2.2927e-01
 -3.2240e-01  -6.5143e-01
  1.9963e+00   2.0206e+00
  1.8060e+00  -7.3405e+00
 -1.7920e-01   2.4999e-02
  2.1080e-01  -1.9149e+00
  1.9614e+00   1.2446e+00
 -1.1665e+01   1.5712e+01
 -6.3739e-01  -9.9953e-01
  2.7511e-01   1.6892e+00
  4.2868e-01  -1.9806e+01
 -3.9976e+00   3.9379e+00
 -1.2375e+00   3.1199e+00
 -4.6939e+00   6.5385e+00
 -1.0346e+00   4.1578e+00
 -6.0712e-01   1.8071e-01
 -2.5088e+00  -4.3219e+00
  6.5368e+00   1.3259e+00
 -8.7626e-01   3.2741e+00
  8.0713e+00  -9.8294e-01
  3.7177e+00  -2.2194e+00
 -4.8989e-02  -2.6765e+00
  2.8124e+00  -1.5557e+00
 -5.6088e-01  -8.4753e-01
  1.1066e+00  -4.8315e-01
  8.8032e-01  -1.3628e+00
 -2.0887e+00   4.8923e+00
  1.4136e+01   2.4167e+01
 -9.9818e-01   3.1977e-01
  1.1202e+00  -1.1096e+00
  1.2728e+00  -4.5461e+00
 -1.4448e+00   3.2539e+00
 -1.5686e+00  -1.8784e+00
  3.0504e+00   1.9065e-01
 -1.7550e+00   5.6343e-01
 -7.2511e+00   1.4462e+01
 -3.6573e-05   3.1979e+00
  1.9942e+00   2.9391e+00
 -9.3870e+00   3.0555e+00
 -1.2240e+00   1.9673e+00
  4.5215e+00   9.2571e+00
 -3.3141e+00  -1.9340e+01
 -2.5528e+00  -2.2177e+00
  3.5606e+00   4.3767e+00
 -7.1531e-01   1.5387e+00
 -4.7872e+00   2.4183e+00
  2.8887e+00  -1.7336e-01
 -2.6348e-01   9.0601e+00
 -5.0107e+00  -1.4210e+01
 -2.2266e+00   7.0384e-01
  8.7824e+00   2.6666e+00
 -6.5734e-01  -1.6667e-02
 -1.9090e+00  -1.8206e-01
  1.2104e+00  -8.7885e-03
 -8.1690e+00  -8.1748e+00
  4.5377e-01   2.2037e+00
 -7.3277e-01  -4.0100e+00
  3.1978e+00   2.7304e+00
 -1.3989e+00  -1.0824e+00
  7.7386e+00  -5.4114e+00
 -7.0429e-01   2.2948e+00
  6.3508e-01  -1.8051e+00
  4.4371e+00   1.4666e+00
  8.3394e+00   2.7039e+01
 -8.9806e+00  -2.6311e+01
  4.5564e+00  -7.0213e+00
  2.2176e+00   1.7871e+00
 -1.7500e+00  -1.1710e+00
 -2.5561e+00   4.2475e+00
 -4.1175e+00  -1.6657e+01
 -1.2644e+00   6.1408e-01
  1.3092e+00  -1.6355e+00
 -6.9718e-01   1.9367e+00
 -9.7000e-01   3.1214e+00
  5.2747e-01  -4.1766e+00
