 -2.6431e-01  -1.5256e-01
 -5.0337e-01   7.9118e-02
  1.4322e-02  -1.1687e-02
 -5.4239e-01  -8.0062e-01
 -1.8034e-02   6.2528e-01
  5.3547e-01  -1.3619e-01
 -5.9390e-02   6.1912e-02
 -1.8009e-02  -3.1198e-02
 -2.5000e-01   4.3537e-01
  6.2644e-01   3.3642e-02
 -6.9532e-02   1.1531e-01
 -1.2732e-01   7.1252e-01
  5.5590e-01   5.8259e-01
  4.5521e-01  -1.5395e-02
  6.7400e-01  -2.6328e-02
  3.5965e-01  -4.6131e-02
  4.0070e-01  -4.1532e-01
 -3.7528e-01  -2.5707e-01
 -6.7323e-01   3.5954e-01
 -1.9201e-01   1.6138e-01
  2.2251e-01  -6.3888e-01
  2.6984e-02  -3.4808e-01
 -1.3140e-01   1.1563e-01
 -1.8975e-01  -3.8474e-01
  6.7359e-01   2.4890e-01
  4.1255e-01  -5.4761e-01
 -3.3080e-01   2.1161e-01
  4.2053e-02   1.2396e-01
 -4.6083e-01  -2.7793e-01
  4.4753e-02   1.8729e-01
 -5.4566e-01  -1.9710e-01
  1.0585e-01   1.6062e-01
 -2.5710e-01  -3.4132e-01
  2.7480e-01   7.0091e-01
  6.9164e-02   1.5948e-03
 -1.5637e-02  -5.7908e-01
  7.2674e-01  -3.5088e-01
  5.0479e-01  -5.7203e-02
  2.8932e-01  -1.2089e-01
  6.4612e-01   1.3025e-01
 -5.5697e-01   8.2250e-01
 -6.6719e-01   5.8056e-01
  7.5067e-01   7.2472e-02
 -1.5344e-01   5.6346e-01
  9.9893e-02  -5.9334e-01
  2.0968e-01   4.5940e-01
 -1.0774e-01  -3.1373e-01
  1.9226e-02  -3.3857e-01
  2.8866e-01   1.8823e-01
 -8.1362e-01   4.8959e-01
 -9.4067e-02  -1.7242e-02
  1.3057e-01  -9.1589e-02
 -2.2654e-01  -3.9720e-01
  1.1540e-01  -8.7713e-01
 -5.8176e-01  -1.6428e-01
 -6.5552e-01  -4.6289e-01
 -3.4314e-01  -8.1961e-01
 -6.1421e-01  -7.6862e-01
 -6.3934e-01  -2.9044e-01
 -3.1067e-01   8.8189e-01
 -3.2022e-01   1.2679e-01
 -2.1747e-01  -4.3436e-01
  6.2259e-02  -1.2243e-01
 -4.3236e-01   4.9235e-02
 -6.8663e-01   6.0756e-01
  8.9299e-01   7.0134e-02
  8.5911e-01   3.1070e-01
 -6.2990e-01   6.6383e-01
  2.2249e-01  -6.8764e-01
 -6.6084e-02   1.2529e-01
  3.2265e-01  -1.1817e-01
  1.0357e-01   9.1929e-01
  5.3063e-01  -3.4150e-01
 -4.3696e-01   7.5790e-01
  1.7514e-01  -4.4353e-01
  2.7586e-01  -5.7433e-01
  1.7899e-01   1.7433e-01
 -3.7762e-01   3.2373e-01
  8.6391e-01  -3.8981e-01
  5.7321e-01  -6.5334e-01
  2.9652e-02  -3.1586e-01
  1.0547e-01   8.7073e-01
  2.1496e-01  -7.9145e-01
 -5.7996e-01  -1.6008e-01
 -2.4957e-02  -5.9149e-01
  7.9989e-01  -3.4246e-01
  1.9267e-01  -6.5986e-01
 -6.9936e-02   1.5249e-01
  6.7912e-01   1.8627e-01
  2.7354e-01   5.9149e-01
 -2.0586e-01   8.2723e-01
  1.8597e-03   1.3929e-03
 -4.1172e-01   7.4483e-04
 -3.1084e-01   3.7816e-01
 -2.7275e-01   3.3534e-01
 -6.9858e-04  -2.2412e-01
  9.9419e-02   7.3391e-02
  9.1962e-01  -3.3959e-01
 -7.7755e-01  -4.4002e-01
 -4.8452e-01   4.4482e-02
 -2.0204e-01   2.5489e-01
  4.1972e-01   3.3468e-02
 -1.2885e-01  -8.0426e-02
  2.0473e-01  -2.6022e-01
  6.2772e-01  -6.8199e-02
 -3.6962e-02   3.7570e-03
  2.6328e-01   6.6677e-02
 -2.3848e-01  -5.3549e-01
  4.7932e-01   2.4693e-01
  4.2128e-02  -7.6419e-03
 -4.6127e-02   4.3193e-01
 -6.7366e-01  -2.5679e-01
 -1.1098e-01  -3.5101e-01
 -3.6398e-02   5.0034e-01
  2.8245e-01  -2.0938e-02
 -5.8010e-01  -4.7060e-01
  1.6987e-01   3.0016e-01
 -6.2101e-01   1.2537e-02
  7.2302e-01  -2.2373e-01
 -2.6943e-01   2.2789e-01
 -7.2057e-01   5.9585e-01
  2.3484e-01   8.3993e-01
 -4.1488e-01   1.1116e-01
  8.7277e-01  -1.7390e-01
  4.8706e-01  -2.1903e-01
  9.2171e-01  -1.8525e-01
 -1.0584e-01  -1.6931e-01
 -4.7933e-01  -2.1756e-01
  3.5673e-01   6.3541e-02
 -5.0598e-01  -6.5715e-01
 -1.4440e-02  -7.5136e-03
 -1.6337e-01   1.9454e-01
  5.2696e-01  -5.2577e-01
 -8.5794e-01  -6.6871e-03
  2.0151e-01   8.0250e-01
  6.9419e-02  -8.8679e-01
  4.3926e-02  -5.9927e-01
  9.5143e-01   1.8391e-01
  1.3912e-01  -1.7040e-01
  2.5263e-02  -9.9877e-01
  7.3469e-01  -2.9502e-01
  7.2140e-01  -3.9094e-02
  4.3322e-03   6.0029e-01
  5.4387e-01  -1.3001e-01
 -2.1176e-01   1.7842e-01
 -1.6301e-01   5.8597e-01
  6.2561e-01  -7.3464e-01
 -1.6543e-01  -6.3310e-01
 -7.3524e-01  -5.7042e-02
 -1.9331e-01  -8.3465e-02
  5.8488e-01   4.2531e-01
 -1.4684e-01   2.9251e-01
 -2.4739e-01   8.2544e-01
  3.0876e-01   1.7404e-01
 -9.4049e-02   1.2360e-01
  7.8984e-01  -2.7307e-01
 -2.7341e-01  -1.0464e-01
  7.3442e-01  -5.8416e-01
 -8.0693e-01   1.2149e-02
  7.3946e-01   4.3064e-01
 -8.6353e-01   1.9906e-01
  2.2377e-01  -3.0355e-01
  3.1985e-01   6.4092e-02
  5.1619e-01   2.1824e-01
  7.1500e-02  -5.3908e-01
 -6.6872e-02   6.2496e-01
  8.3773e-01  -2.3864e-01
 -6.3874e-02  -5.8755e-01
  2.3751e-01  -8.4755e-02
 -6.8070e-01   4.4720e-01
 -1.7547e-01  -2.4206e-01
 -2.9726e-01  -1.9318e-01
 -5.5507e-02   2.0082e-01
  4.8252e-01   4.6748e-02
 -4.2565e-01   6.6615e-01
 -4.4137e-02  -8.8955e-02
 -7.9562e-01   1.1876e-01
  3.5974e-01   3.8621e-01
  4.3184e-01   2.6734e-01
  1.8415e-01   6.2003e-02
  3.7962e-01  -7.7080e-01
 -3.9415e-02  -3.1621e-01
  6.5658e-01  -4.1860e-01
  4.5436e-01   8.9173e-02
 -1.4694e-01   8.4239e-01
  2.4846e-01   3.6111e-01
  2.4673e-01  -8.9424e-01
  4.8967e-01   5.6253e-01
  1.0439e-02   8.5129e-02
  1.0790e-01  -1.0617e-01
 -2.4316e-03   5.7107e-01
 -3.9226e-01   3.8977e-01
  6.3542e-01   3.5342e-01
  4.7673e-02   5.0390e-01
 -5.1765e-02  -1.6089e-01
  2.8218e-01   5.0561e-02
 -4.1281e-01  -3.2159e-01
 -2.4324e-01   7.1842e-01
  9.1700e-02   5.0677e-01
 -2.2799e-01   2.4244e-01
  6.6073e-02  -4.9460e-01
 -4.6951e-01   2.3312e-01
 -7.0685e-02   5.5954e-01
 -3.3144e-01  -4.5468e-01
 -1.1217e-01  -4.8785e-01
  4.7362e-01   2.2891e-01
  8.4821e-01   4.5957e-01
 -1.5989e-01  -4.1760e-01
  1.5298e-01  -4.6213e-02
 -4.4045e-01   8.1544e-01
  1.4875e-01   6.3662e-01
  1.5796e-01   3.2019e-01
  6.1243e-01   5.4348e-01
 -2.4073e-01   4.1413e-01
  1.2764e-01  -3.1192e-01
  3.6220e-01  -6.0358e-01
  7.9915e-02   5.7745e-01
  1.5845e-01   2.0950e-01
  2.2706e-01  -4.4335e-01
  7.9666e-01  -6.5449e-03
 -2.3798e-01   4.8402e-01
 -7.0322e-02  -1.7985e-03
 -3.9933e-01  -4.4096e-02
 -1.8140e-01  -7.3897e-02
  3.3776e-01   3.2800e-01
  6.3125e-01   6.2794e-01
  5.4373e-03   3.3609e-01
  1.6965e-01   2.4941e-01
  6.9480e-02  -3.5623e-01
 -1.5111e-01  -4.6479e-01
  2.0889e-01   5.5443e-01
  2.4204e-01   4.7823e-01
  1.2666e-01  -4.0125e-01
  2.8140e-01  -1.5729e-01
  4.5739e-01   4.2446e-01
  4.7522e-01   7.8493e-01
  4.4052e-01  -3.3507e-02
  3.7009e-01  -5.5542e-01
  3.3017e-01  -3.8267e-01
  4.0060e-01  -6.0266e-02
 -2.7805e-01   9.4594e-01
 -4.4124e-02   9.0648e-02
 -4.4411e-01   3.1231e-01
  3.9600e-01  -2.6597e-01
  1.7889e-01  -3.9078e-02
  9.6989e-02  -5.9803e-01
  9.9573e-02   1.2322e-01
 -8.3570e-01  -4.5393e-01
 -1.3774e-01   9.3036e-01
 -4.5774e-01  -1.9635e-01
 -3.3861e-01   1.9840e-01
  3.6751e-01  -6.2825e-01
 -3.1930e-01   2.4680e-01
  5.6995e-01  -3.6682e-01
  2.2428e-01   1.2867e-01
  3.0382e-02   8.8470e-01
  3.7694e-01  -3.3156e-02
  4.9880e-01  -2.6883e-01
  3.7396e-01   1.0526e-01
 -7.4488e-01  -3.5973e-01
 -8.6169e-03   3.8558e-03
  1.7133e-01   3.0198e-01
 -1.7150e-01   5.4869e-01
 -7.4358e-01  -7.2009e-02
  1.7478e-02   5.7134e-01
  7.7830e-02  -1.7880e-02
  2.3437e-01  -6.1782e-01
  7.3395e-01   3.1401e-01
 -2.0069e-01   3.0381e-02
 -9.4506e-01   2.3285e-01
  3.5237e-01  -4.3394e-01
  6.5215e-01  -2.7067e-01
 -1.2017e-01   8.3599e-01
  9.1138e-02   8.5386e-01
 -1.2399e-01  -2.9108e-01
 -3.6906e-01   7.1506e-01
  6.8774e-02   9.7045e-02
 -1.7070e-01  -4.6325e-01
  2.6125e-02   4.4933e-01
  2.0723e-01   2.8433e-02
 -1.1798e-01   4.7135e-01
  5.9598e-01   7.8520e-01
  2.0547e-02  -9.4532e-02
 -6.4851e-02   2.0080e-01
  1.0431e-01   2.3832e-01
  3.2041e-01  -6.9056e-01
 -4.1987e-02   8.7341e-03
  5.7518e-01  -4.9143e-01
 -5.5441e-01  -4.9026e-01
  1.1304e-01   4.1881e-02
  2.6852e-01  -1.3633e-01
 -3.3512e-01   1.8398e-01
  5.4863e-02  -5.4177e-02
 -1.1224e-01  -1.9370e-02
 -5.1747e-02   1.0466e-01
 -4.3864e-01  -3.2998e-01
 -5.9765e-01  -1.3225e-01
 -1.9158e-01  -7.2441e-01
  3.0887e-01  -7.8627e-02
 -7.5384e-03  -4.0753e-03
  1.7987e-02  -1.4354e-01
  1.5219e-01   3.6777e-01
  1.3389e-01   1.9580e-01
  7.4260e-02  -1.0674e-02
  2.5816e-01   7.2520e-01
  3.0455e-02   1.4549e-02
 -1.0438e-01   6.0800e-02
  1.5787e-01   4.6495e-01
 -2.3086e-01  -1.7889e-01
 -6.0932e-01   3.9307e-01
 -1.3941e-01   9.1747e-01
 -1.1102e-02  -2.8590e-03
  5.4735e-02  -8.0680e-01
  1.7339e-01   1.7866e-01
 -3.4131e-02   7.2030e-01
  4.6963e-01  -5.2749e-01
  2.1707e-02   1.6680e-02
 -4.8765e-03   5.3105e-02
  1.7912e-01   1.8683e-01
  2.3796e-01   4.3231e-02
 -5.1890e-02   3.1974e-01
 -9.3589e-02   3.3880e-02
 -5.8269e-01  -3.7265e-01
  6.3926e-01  -6.5622e-02
 -1.3176e-01   1.4440e-01
  2.8020e-01   2.7491e-01
 -5.2848e-01   3.6403e-01
 -6.3161e-01   2.0354e-01
  1.4053e-01  -8.6040e-02
  4.3552e-01  -3.7966e-01
 -3.6091e-02   1.6623e-01
  2.4359e-01   7.1110e-01
  1.3152e-01  -3.6535e-01
 -2.7830e-01  -3.6884e-01
 -2.6656e-01  -8.9447e-01
 -3.0843e-02   6.7502e-01
  1.5481e-01  -9.6720e-01
 -3.3365e-01  -6.1763e-01
 -2.0488e-01   3.0306e-01
 -6.0692e-01  -2.4603e-01
  6.8094e-01   2.0914e-01
 -4.1651e-01   5.4355e-01
 -2.6160e-01   3.6790e-01
 -5.9938e-01  -5.3654e-01
 -1.9268e-01   1.7597e-01
 -4.5570e-01   2.1080e-01
 -1.5727e-02   6.6605e-01
  5.9197e-01   2.1121e-01
  4.9492e-02   3.1656e-02
  7.0080e-01  -3.4834e-02
 -5.7017e-01   5.5326e-01
  3.7428e-02  -2.4654e-01
  1.4558e-01  -4.5940e-02
 -4.4216e-01  -5.1547e-02
  2.3939e-01   1.7402e-01
  7.9658e-02   4.1572e-03
  1.3457e-02  -1.4685e-01
 -2.9463e-01  -2.1094e-01
  5.6376e-02   9.7841e-02
 -1.5100e-01   1.5318e-01
 -1.1239e-01  -5.3739e-01
  1.7432e-01   7.8580e-01
 -8.8722e-01   3.9444e-01
  2.6512e-01   5.0048e-02
  5.1559e-01  -9.3435e-02
 -9.0863e-03   1.9806e-02
 -4.6231e-02   3.4579e-01
 -9.2431e-02  -8.8204e-04
 -2.1633e-01  -5.2058e-02
 -1.9855e-02  -2.3140e-03
  5.1642e-01   3.7400e-01
  1.1520e-01  -5.1401e-01
  6.6291e-01  -5.5459e-01
  3.8006e-01  -5.4770e-02
 -4.5436e-02  -3.2610e-02
 -2.7749e-01  -2.1508e-01
  1.7614e-01   2.6267e-01
 -1.9001e-01   7.9789e-01
  4.9765e-01   3.1581e-01
  2.3982e-01   2.0716e-01
 -3.2508e-02   5.2166e-02
 -3.6510e-01   2.3064e-01
 -6.0276e-01  -9.2678e-02
  4.5104e-01  -7.9249e-01
  5.6278e-02  -2.5693e-02
 -1.0947e-01  -3.3330e-01
  2.2699e-02  -2.1975e-02
  3.8456e-01  -2.9485e-01
  5.1978e-01  -5.6361e-01
  3.8475e-01  -7.8377e-01
  7.5486e-02   4.6151e-01
  9.0393e-02  -4.1791e-01
  5.3271e-03   3.8014e-01
  6.9816e-02  -1.3507e-02
 -2.5755e-01   2.1853e-01
 -6.6893e-02   4.9094e-02
 -7.2356e-01  -6.7577e-02
 -4.1889e-01   6.9277e-01
 -6.9863e-03  -3.8473e-02
  1.3604e-01   1.0011e-01
 -6.4824e-01  -8.0730e-02
 -3.1863e-01  -7.3431e-01
 -8.6767e-02   3.8771e-01
  2.9876e-01   4.9799e-01
 -1.4719e-01   4.3919e-02
 -7.1392e-01  -6.8099e-01
 -5.8187e-01   3.4809e-01
  3.7833e-01   1.4494e-01
 -6.5462e-01   9.8384e-02
  2.7813e-02  -4.6300e-05
  6.6319e-01   5.5420e-01
 -3.3554e-01  -2.1585e-01
  1.6116e-01   6.0449e-01
 -4.7360e-01  -7.9751e-01
  7.6438e-01   5.2963e-01
 -6.6344e-01  -3.8225e-01
 -5.6372e-01  -2.4874e-01
  2.6708e-01   2.2632e-02
  4.9497e-01  -6.9247e-01
  1.7737e-01   5.3330e-03
  1.5555e-01   2.5958e-01
  6.2141e-01  -7.5866e-02
  5.6722e-01   1.1255e-01
  2.3828e-03   3.8820e-02
  4.6351e-01   2.0651e-01
 -1.6614e-01   1.7317e-01
 -1.1404e-01  -1.3601e-01
  3.1529e-01  -9.0959e-01
  6.5373e-01  -5.3931e-01
  8.0206e-02  -4.6089e-01
  1.0213e-01   9.8136e-01
 -2.8795e-01  -2.1709e-01
 -5.5233e-01  -5.7823e-01
 -3.5968e-01  -5.0042e-01
  1.2951e-01  -4.5951e-01
  1.2298e-01  -6.4396e-01
 -1.8908e-01   9.3895e-01
 -7.4124e-01  -1.7096e-01
  9.5896e-02  -2.9774e-01
  3.3157e-01  -7.0195e-01
  8.6176e-01   8.8549e-02
  1.8472e-01   5.2148e-02
  3.6959e-01   5.4106e-01
 -8.4677e-01  -1.4489e-02
 -1.7734e-02   4.1185e-02
  2.7468e-01   5.5079e-02
 -3.4743e-01  -4.2406e-01
 -3.6585e-01   5.1817e-01
 -9.7806e-04   2.6940e-01
 -1.9954e-02  -9.9846e-01
 -2.5070e-02  -3.6522e-02
  5.2681e-01   6.9464e-03
 -2.1877e-01   9.0995e-01
  4.4486e-03   5.3816e-01
 -3.4353e-02   8.0085e-02
  6.5990e-02  -1.9876e-02
 -2.2548e-02   3.3002e-01
  9.9339e-01  -8.7401e-02
  2.3165e-01  -3.4491e-01
 -4.7364e-01   1.2060e-01
  1.8819e-02  -1.5772e-01
 -1.3112e-01  -4.7402e-01
  2.8762e-01   2.9172e-01
 -2.3665e-02  -4.9532e-02
  3.5558e-01   1.2438e-01
 -3.7449e-01   2.0282e-01
  6.7683e-01  -2.0712e-01
 -2.6206e-01  -3.3218e-01
  2.3321e-01  -5.7890e-02
 -4.1723e-01   7.8883e-01
  2.6765e-01  -6.6402e-02
 -2.2024e-01  -1.7431e-01
 -3.9021e-02   2.1870e-01
 -3.8448e-01  -4.5093e-01
  1.0661e-01   5.9788e-02
 -1.9000e-02   9.6093e-02
 -7.1855e-01  -4.5455e-01
 -6.1470e-02   9.8620e-01
  6.8991e-01   1.9113e-01
  7.8447e-01   5.1601e-01
 -6.3795e-02   7.2494e-02
  1.7209e-01  -4.8392e-01
  2.9281e-01  -1.2300e-01
 -4.1877e-01  -1.5938e-01
 -4.8330e-01   7.5683e-01
  4.0812e-01   7.8563e-01
  1.5167e-01   2.6086e-01
 -7.7152e-01  -1.1674e-01
 -3.0998e-01   3.1828e-01
 -1.4763e-01  -6.5558e-02
 -2.7063e-02   4.5344e-01
 -2.8455e-01   7.9839e-01
  4.3551e-01  -7.2909e-01
 -5.1776e-01  -2.2465e-01
 -8.7852e-01  -1.8601e-02
  6.4984e-01  -1.0176e-01
  4.1176e-01   7.6437e-01
  3.0596e-01   7.1711e-01
  1.5073e-02   1.0701e-01
  7.4316e-01   2.8224e-02
 -3.9152e-01  -4.1175e-01
  1.2301e-01  -1.3112e-01
  7.7033e-01  -1.9730e-01
  2.6027e-02   3.9296e-01
 -3.1305e-01  -1.1350e-01
  1.8684e-01  -7.8403e-01
 -4.6406e-01  -6.6979e-01
 -4.7135e-02  -7.8687e-02
 -2.7215e-01  -4.0659e-01
 -1.5480e-01   1.6910e-01
  1.2096e-01  -1.0395e-01
  3.3806e-01   5.9475e-02
  4.1813e-02   4.0730e-02
  1.0704e-01   1.8477e-01
  3.3806e-01  -9.3097e-02
  1.5052e-01  -8.4211e-02
 -3.5130e-01   4.6933e-01
 -5.7980e-01   5.3474e-01
  1.2842e-01   2.8474e-01
 -3.7948e-01  -4.9145e-01
 -6.6143e-01   3.2718e-01
 -4.0902e-01  -1.4082e-01
 -7.9520e-02  -1.2240e-02
 -1.9640e-01  -9.1998e-02
 -1.7019e-01   5.9906e-02
 -5.0205e-01   7.9198e-01
 -6.4390e-02   3.2687e-01
 -2.8549e-01   2.3162e-01
 -3.5247e-01  -1.9716e-01
  1.5807e-02  -5.5773e-01
 -6.6038e-02  -5.3433e-01
  4.7719e-01   4.7503e-01
 -8.0356e-02   1.9522e-02
 -3.9998e-01   3.1004e-01
  4.5014e-01   4.6145e-01
 -2.9893e-02   2.7180e-02
 -5.4591e-01   9.3562e-02
 -6.2153e-01  -6.9896e-01
  5.7494e-01   8.1489e-01
  8.9512e-02   1.8336e-01
  3.7633e-01   4.6518e-01
  4.7042e-01  -2.1600e-01
  3.1756e-01  -2.7898e-01
  1.4947e-01  -2.8635e-01
  3.4196e-01  -3.1723e-01
  5.8081e-01   1.7692e-02
 -1.6919e-02   6.1116e-01
 -4.4557e-02  -1.2158e-01
 -4.7193e-01  -5.3909e-01
 -5.7301e-02   6.8288e-02
  5.2357e-01   5.5437e-01
 -3.0132e-01   6.7989e-01
 -2.5994e-01  -5.4357e-01
 -7.6977e-01  -5.5796e-01
  4.6824e-01   6.8678e-01
 -7.0263e-01   3.3300e-01
 -8.3054e-02   2.8464e-01
 -6.9428e-02  -3.5432e-01
 -7.2638e-02  -1.6520e-01
 -3.2931e-01  -4.3523e-01
  3.9487e-01   4.0416e-01
  2.9065e-01   5.8336e-01
  7.4360e-02  -3.7393e-01
  7.1150e-01   5.0158e-01
  4.0349e-01  -1.0449e-01
  1.9711e-01   4.1434e-01
  2.6226e-02   8.5273e-02
 -1.7742e-01  -4.6289e-01
 -8.3208e-01   2.9107e-01
 -6.7645e-02  -2.8361e-01
  5.4540e-01   2.5295e-01
  1.1391e-01  -8.5288e-02
 -3.6422e-01  -7.6703e-03
 -5.9268e-01  -1.7123e-01
  9.7740e-02   1.5992e-01
  2.9585e-03  -1.9165e-01
  1.6037e-01  -2.4107e-01
 -4.4345e-01  -8.1620e-01
  1.9085e-01  -5.9480e-01
  7.4258e-01   1.9798e-01
  1.0762e-01   7.5142e-01
  1.2787e-01  -1.8000e-01
 -8.9759e-02  -4.2040e-01
 -2.0319e-01   5.0036e-01
  7.9955e-02  -1.4200e-01
  2.1452e-03  -2.4032e-02
  4.5155e-01   7.7937e-01
 -6.2405e-02   6.5893e-01
 -1.2051e-01   6.5885e-01
  5.0511e-01  -6.3295e-01
  4.4146e-01   4.0521e-03
 -7.2555e-02  -6.0532e-01
 -8.2023e-01  -2.0262e-01
 -3.9448e-01   7.6388e-02
  1.6221e-01   2.9649e-01
  4.1893e-01   2.9265e-01
 -4.5326e-02  -3.9509e-01
  4.4264e-01  -8.3531e-01
 -4.4646e-01   4.1092e-02
 -1.0633e-01  -8.9443e-02
  1.6466e-01   2.7089e-01
  7.5593e-02   3.6779e-01
  3.2047e-01   7.6627e-02
  4.8276e-01  -2.1989e-03
 -8.3529e-02   3.0491e-01
  4.1020e-02  -8.5549e-01
 -2.8738e-01   6.2110e-02
  3.1406e-01   3.7435e-01
  3.6044e-03  -2.9650e-03
 -3.3447e-01   5.0829e-01
  4.4430e-02   4.1454e-02
 -4.2477e-01   1.1349e-01
 -6.3864e-01   5.6291e-01
 -8.7779e-02   2.7220e-01
 -7.7541e-01   3.9542e-01
  3.4904e-01   8.4143e-01
 -1.3343e-01   5.7268e-01
  3.5196e-01  -2.0069e-01
  2.4677e-01  -2.0963e-01
 -5.8469e-01  -7.0616e-01
  2.6290e-02  -1.7855e-01
 -3.9246e-01   6.3440e-02
  1.8076e-01  -1.5696e-01
  2.2898e-02   6.1297e-01
  1.3660e-01   7.6453e-01
  3.0625e-01  -5.0041e-01
  3.3668e-01   5.6270e-02
  1.0431e-01   2.7685e-01
 -3.5816e-01  -2.0237e-01
 -9.7665e-02   4.8252e-01
 -5.5835e-03   3.8846e-03
 -3.8836e-01  -2.6330e-01
  4.8572e-01  -4.8964e-01
  5.1051e-01   4.3324e-02
 -6.8797e-01   3.2829e-01
  6.1160e-01  -2.2997e-01
  1.9212e-01   6.3713e-02
 -3.8966e-01   1.4921e-01
  9.1984e-01   1.7937e-01
 -1.5464e-01  -6.6819e-01
 -3.5638e-02   2.4998e-01
 -4.5811e-01  -3.0654e-01
  1.7120e-01  -2.4501e-01
 -1.9431e-01  -7.6213e-01
 -7.7221e-02   4.2191e-01
 -9.1224e-01   3.8987e-01
 -6.6196e-01   1.6440e-01
 -2.1153e-02   2.2033e-02
 -3.2350e-01  -8.9348e-02
  3.1462e-01   2.2230e-01
  9.4352e-01   2.3367e-01
  1.8587e-02   3.6159e-02
 -8.6489e-02   2.3422e-02
  6.0753e-01   1.0315e-01
 -1.5703e-01   4.6264e-01
 -4.1525e-02  -7.3941e-01
 -1.4912e-01   5.5493e-01
  2.3461e-01  -2.3903e-01
  1.0035e-01   9.5956e-02
 -5.3166e-01  -2.4112e-01
 -3.5567e-01  -1.8357e-01
  3.0296e-03   1.7234e-03
  3.6246e-02   7.8702e-03
 -3.1642e-01   3.2567e-01
  3.0699e-01  -4.8845e-01
 -4.4853e-01  -1.4245e-01
 -8.7575e-01  -6.2070e-02
  7.0839e-01  -1.4648e-01
 -5.1727e-01   8.1959e-01
 -9.5945e-01   2.6098e-01
 -6.0849e-02  -6.3879e-01
  4.1779e-02   1.9436e-01
 -2.6070e-02  -5.6094e-03
  4.5470e-02   7.7454e-02
 -3.0258e-01  -5.8111e-01
  6.8928e-01   2.5018e-01
 -2.0721e-02  -2.4857e-01
 -3.1327e-02   1.3412e-01
 -6.4608e-01  -4.2036e-01
 -3.7977e-01   5.3885e-01
  2.9545e-01   3.1395e-01
 -3.2509e-01   8.3564e-01
 -4.6726e-01  -4.3894e-01
 -2.1283e-01  -1.7666e-01
 -1.2571e-01   9.5136e-01
 -5.4677e-02  -4.0420e-02
 -6.1050e-04   5.7626e-03
  8.0067e-01   1.6561e-01
  6.6890e-01  -4.3980e-01
 -1.9035e-01   5.4401e-02
  5.2766e-01  -2.4324e-01
  2.4751e-01  -4.4718e-01
 -3.9658e-01  -5.3756e-01
 -1.0843e-01   4.3874e-02
  3.9435e-02  -2.3739e-01
 -3.7131e-01  -6.9335e-01
 -3.6936e-01  -8.2732e-01
 -9.3812e-01  -2.8617e-01
 -1.4081e-02   3.0287e-01
 -1.2675e-02   1.5688e-01
  8.1392e-02   5.2200e-01
 -8.4439e-01  -1.8373e-01
 -2.0461e-01  -4.4763e-01
 -1.5022e-01   5.4628e-01
  5.3734e-02  -5.8674e-01
  3.5964e-01   6.5633e-01
 -4.1575e-02   6.9454e-01
 -4.4283e-04   5.0997e-04
  6.7128e-01   6.1196e-01
  4.7584e-01   6.4634e-01
 -7.5731e-01  -4.7482e-01
  2.5303e-01  -7.8077e-01
  8.6655e-02  -2.5815e-01
 -3.0868e-01  -1.5851e-01
 -5.8916e-02  -1.6252e-03
 -7.1551e-01  -4.3687e-01
 -2.1467e-01  -6.9748e-01
  2.1273e-02   1.1946e-01
 -1.4615e-01  -3.5537e-01
  5.0751e-01  -8.5488e-02
 -3.7104e-02   4.5091e-01
  8.5734e-02   1.1527e-01
  3.2201e-01   4.1158e-01
 -4.6457e-01   2.1528e-01
 -1.0350e-01   2.4067e-01
  3.2345e-01   4.8136e-01
 -7.3343e-01   5.2808e-01
  4.2815e-01   8.5445e-01
 -6.5765e-02   1.9123e-01
 -5.2680e-02   7.4972e-01
 -6.8172e-01  -4.3207e-01
 -8.2573e-01  -1.9483e-01
  2.8712e-01  -5.5243e-02
 -3.3755e-01  -6.7962e-01
 -9.6713e-02   6.5050e-01
  5.0067e-01   4.1464e-01
  1.4559e-01  -5.1643e-01
  2.4068e-01   9.3790e-02
  1.1953e-01  -9.3042e-01
  1.5128e-01   4.6614e-01
  7.6883e-02   3.6186e-02
  3.5500e-01  -2.5154e-02
 -1.7768e-01   4.3587e-01
 -7.6735e-02  -1.4586e-01
  5.3147e-01  -3.0810e-01
 -8.2254e-01   4.4265e-01
  1.0265e-01  -4.9578e-01
  2.8854e-01  -9.1383e-01
 -1.5425e-01  -7.3626e-01
 -4.0114e-01   2.5496e-01
  6.9881e-01   7.0214e-01
 -5.1241e-01  -8.8365e-02
  1.6246e-01  -9.0464e-01
  3.6567e-01  -4.5831e-01
  4.8662e-01   2.5334e-01
 -3.8231e-02  -4.2596e-02
 -1.2513e-01   7.6006e-02
 -4.6134e-01  -4.1769e-01
  1.6760e-01  -7.0509e-01
 -1.5394e-01   2.4580e-01
  1.1393e-01   6.9424e-01
  1.8997e-01   7.3637e-01
 -1.2872e-03  -6.4775e-03
  4.7170e-04  -8.4793e-03
 -4.3365e-01   4.4294e-02
 -1.5107e-01   7.5152e-02
 -2.2885e-01  -5.6456e-01
 -9.3868e-01  -1.6864e-01
 -4.5229e-01  -1.1622e-01
  3.8362e-01   3.7727e-02
 -5.7692e-01   2.1713e-01
  5.2298e-02  -6.4708e-01
 -1.1536e-01   8.4803e-01
 -3.3229e-01  -1.8422e-01
 -2.8271e-02  -5.1398e-02
  7.0341e-02  -9.1692e-01
 -3.8020e-01  -8.0921e-01
  7.8880e-01  -5.6797e-01
  3.9588e-01  -4.8764e-02
  3.3496e-01  -5.6813e-01
  2.1921e-01  -4.0929e-01
  2.3396e-01   1.1640e-01
  1.1268e-01   5.0454e-01
  5.9871e-01  -6.0577e-02
  7.5263e-01  -6.0489e-02
 -6.9102e-01   7.2222e-01
 -2.5546e-01  -3.4583e-01
 -2.9945e-02   1.3094e-01
 -9.1657e-01  -8.2349e-02
  8.5876e-01  -1.1441e-01
  4.1278e-02  -1.7954e-01
  6.5321e-01   3.5007e-01
 -1.0707e-01  -4.5360e-01
  6.4711e-01  -7.3461e-01
 -4.4713e-01  -5.3025e-01
  3.8271e-01   5.8578e-01
  4.5284e-01  -1.1313e-01
  2.3016e-01  -2.3619e-02
  8.7842e-02  -1.5259e-01
  8.7848e-01  -4.0580e-01
  8.0304e-01  -1.6773e-01
 -5.9771e-04   3.0261e-01
 -5.6825e-01   2.3773e-01
 -5.2226e-01  -1.2100e-01
 -7.7803e-01   5.4722e-01
  3.3965e-01   3.8733e-01
 -7.4094e-03   1.8826e-01
 -1.2072e-01  -1.7637e-01
  3.4149e-01   9.0722e-01
 -2.7008e-01  -4.4367e-01
  1.6024e-01   8.1561e-01
 -2.4366e-01   7.8387e-01
  1.7055e-01   5.8075e-02
 -1.7437e-01   2.2124e-01
  3.5217e-03   8.8536e-01
 -7.8892e-02  -2.7632e-01
 -1.8290e-01  -1.1603e-01
  4.7404e-01  -8.3025e-01
 -2.6879e-02   1.3273e-03
  3.6532e-01  -5.0564e-02
  6.6714e-01  -5.9600e-01
  9.8441e-02   5.6561e-02
 -6.5421e-02   1.2402e-01
  5.6946e-01   4.6860e-01
 -2.2459e-02   5.1947e-01
 -4.5866e-01   6.2167e-01
 -3.9633e-01  -2.6363e-01
 -3.6093e-01  -5.3954e-01
  5.8562e-01  -2.7189e-01
 -1.2161e-02  -2.4011e-03
 -5.5417e-02   1.7145e-01
 -1.8869e-01   1.4301e-01
  3.1286e-01   8.3291e-01
  1.9861e-01  -1.1471e-01
 -5.5878e-01  -3.9615e-01
 -7.8529e-01  -4.2884e-01
  4.8146e-01   2.5087e-02
 -4.7631e-01  -4.6055e-01
 -2.7149e-01   1.9718e-01
  4.5041e-01  -5.7691e-01
 -6.5664e-01  -1.8420e-02
  1.3870e-01   1.5321e-01
  6.0380e-02  -7.7043e-02
 -3.2012e-02  -7.8842e-01
  2.4995e-01  -7.4585e-01
  2.6862e-01  -5.6853e-02
 -1.0096e-01  -7.1987e-03
  3.6300e-01  -2.0667e-02
 -5.8745e-01  -3.8822e-01
 -6.9604e-01   5.8245e-01
  6.1720e-02  -1.8085e-01
 -4.4947e-01  -8.5806e-01
 -5.5041e-01  -5.9512e-01
  1.7941e-01   2.3484e-01
  3.0771e-02   5.3579e-03
 -6.3330e-04  -1.5464e-03
  1.3766e-01   5.1378e-01
 -5.6285e-01  -5.9775e-01
 -4.9387e-02  -4.0912e-02
  2.2085e-01  -3.0099e-01
 -2.4630e-01  -3.2974e-01
 -8.1491e-01  -6.5627e-02
  6.6758e-02   1.4455e-01
  3.2923e-01  -3.8126e-01
 -6.5702e-01   4.0930e-01
  2.4645e-01  -5.4799e-02
  3.8556e-02   2.1016e-01
  6.3096e-01   9.7087e-02
  7.7989e-01  -3.4385e-01
  1.2685e-01  -1.1388e-01
  4.5176e-01   8.4859e-01
 -5.7119e-01   2.4251e-02
 -2.9730e-01   2.3744e-01
 -1.1566e-01   4.1961e-02
 -2.8489e-03   6.5202e-05
 -2.5368e-01   1.5127e-01
  1.0945e-01   9.3965e-02
 -3.0569e-01   8.7537e-01
 -2.6681e-01   1.2361e-01
  1.5178e-01   6.9259e-02
 -7.3631e-01   4.0900e-01
  3.1273e-02   1.1470e-02
 -3.0254e-01  -5.6446e-01
 -8.0164e-02   3.6498e-03
 -2.7248e-03   6.0560e-01
 -3.4352e-01  -1.5367e-01
  4.0051e-01  -1.3564e-01
  1.9796e-02  -5.6847e-02
  1.3881e-01   3.1122e-01
 -1.3758e-01   2.0627e-01
 -6.5459e-01  -1.8260e-01
  3.3919e-01  -6.7792e-01
 -2.5966e-01  -6.0264e-01
  1.2114e-01  -3.9146e-02
 -3.1818e-02   1.1176e-01
  1.7765e-02  -4.7432e-03
  6.7614e-01   2.2769e-01
 -8.7590e-03   1.1458e-02
  5.9914e-01   4.0536e-01
 -4.0316e-01   7.4448e-01
  5.8403e-02   3.4041e-01
  1.0247e-01  -8.9006e-01
  1.6453e-01  -4.6532e-02
 -5.7002e-01  -4.2181e-02
  5.8953e-02  -1.2628e-01
  3.5906e-01  -7.7636e-01
 -2.7452e-01  -2.3721e-01
  6.3820e-01   7.6625e-02
  3.7597e-02  -2.9629e-01
 -8.3387e-01   4.9411e-01
  6.4039e-02  -4.9752e-03
  6.4603e-02  -3.6771e-01
 -2.9970e-02   2.5511e-02
  1.0526e-02  -1.3113e-01
  4.7791e-01  -6.5914e-02
  4.3089e-02  -8.0990e-02
  2.0054e-01  -1.5557e-02
 -4.1381e-01   4.2901e-01
  4.6692e-01   8.2022e-01
  7.6591e-01   4.4117e-01
 -6.6551e-02  -9.8491e-01
 -5.3009e-01   7.2995e-01
 -3.3874e-01  -9.8178e-02
 -2.1435e-01  -3.0033e-01
 -1.6585e-01   2.6779e-01
 -4.8042e-02   4.5560e-02
 -3.0269e-01   1.2083e-01
 -1.0396e-01   1.1751e-01
 -1.9794e-01   8.0328e-01
 -4.6937e-02   1.1911e-01
  5.0360e-02   2.6184e-01
 -1.3475e-01   2.7656e-02
 -2.1307e-02  -2.0634e-01
  4.8834e-01   6.8336e-01
 -1.4769e-01  -8.8907e-01
  1.7912e-01  -1.5122e-01
  3.0285e-01   3.5030e-01
  9.5687e-02  -2.1833e-01
 -5.3220e-01  -4.2558e-01
  4.6697e-01  -1.0489e-02
 -9.2499e-01  -1.9638e-01
 -5.0649e-02   3.7221e-01
 -9.5258e-01  -1.9754e-01
  1.9738e-01  -6.0544e-01
  7.6327e-02  -8.1744e-01
  9.3658e-02   5.7503e-02
  1.5679e-02   9.8445e-01
  1.9791e-01   5.1896e-01
 -7.7647e-01   5.9970e-01
  2.5367e-01  -2.3126e-01
 -1.0522e-01  -5.5869e-02
 -6.7023e-01  -3.8060e-01
  7.1305e-01   4.0957e-02
 -3.1545e-01   2.4258e-01
  4.0775e-01  -4.6238e-01
 -3.6262e-01  -1.4913e-01
  4.4295e-02  -3.9585e-01
 -5.7507e-01   6.0351e-01
 -2.9511e-01   5.5488e-02
  1.2394e-01   1.1827e-01
 -4.5849e-02   2.3073e-01
  3.9384e-02   2.0516e-01
  4.7531e-02  -5.2654e-01
 -4.1105e-01  -2.5276e-02
  5.1085e-03  -1.5958e-01
 -7.0555e-02   3.8572e-01
  1.7320e-01   2.8416e-01
  8.2371e-01   2.5061e-01
 -9.6414e-03   1.7174e-01
  1.0604e-01  -4.2978e-01
  6.2935e-02  -1.0678e-01
 -3.4717e-01  -4.8883e-02
  2.4199e-01   5.5177e-01
  7.3185e-01  -5.1245e-01
  6.0122e-01   2.5901e-01
  1.8521e-02  -1.5346e-02
  3.6966e-02   3.4398e-01
  7.7392e-02  -7.7736e-02
 -9.8819e-01  -1.3445e-01
  2.1216e-01   3.2057e-01
  4.5920e-02  -2.7278e-01
 -3.3680e-01  -2.7647e-01
 -2.7190e-01   8.9921e-01
  5.0197e-01   4.2295e-01
  4.5143e-01   3.2398e-01
 -3.8519e-01  -8.1333e-01
 -3.1101e-03   9.3383e-01
 -1.9663e-01  -4.5686e-02
  3.5912e-01   2.4503e-01
  3.7166e-01   2.3386e-01
 -1.5577e-01   3.6710e-02
 -9.7857e-01  -3.6883e-02
  5.9019e-01   3.6915e-01
 -1.3250e-01  -3.5684e-01
  5.7697e-02  -6.0775e-01
  6.4521e-01  -5.5392e-01
 -1.2183e-01   5.2773e-01
 -4.9297e-01   5.9032e-02
  3.3397e-01   4.7767e-01
  3.8193e-01   4.5293e-01
