  1.2216e+00  -7.6323e+00
 -2.3289e+00  -9.8939e-01
  5.6368e+00  -3.5536e+00
  6.3588e+00  -7.6974e+00
 -4.8845e+01  -5.7907e+01
 -5.1271e+00  -8.4538e+00
  1.4250e-01   1.6891e+00
 -4.2646e+00  -4.8396e+00
  6.1515e-01  -1.8601e+00
 -7.8634e+00  -4.0883e+00
  5.3815e+00  -5.6370e+00
  1.0911e+00  -6.6450e+00
 -7.2554e-01   3.6686e+00
 -4.2018e+01  -2.3070e+00
  1.9965e+00   7.4160e+00
 -5.1916e+00   5.3210e+00
 -4.4696e+00  -3.2012e+00
  9.3085e+00   8.1099e+00
  1.8236e+00  -1.6148e+00
 -1.7984e+00   2.8530e+00
  2.1193e+01   3.8960e+00
 -7.5604e+00   3.0006e+00
  5.5075e+00  -3.9563e+00
  7.8207e-03   1.8222e+00
 -1.7525e+01  -1.0947e+01
 -7.0805e-02  -1.8296e+00
  8.9637e+01   2.3654e+01
 -5.7507e+01   1.4890e+02
  1.3339e+02  -8.0517e+01
 -6.4782e+00   3.0641e+00
 -4.3834e+00  -4.7515e-01
 -3.1049e-03   1.7998e+01
 -5.5779e-01   2.5967e+00
 -6.0915e-01   8.8398e-02
  9.6210e+00  -6.3767e-01
 -4.7106e-01   1.7356e+00
  3.0065e+01   6.3270e+01
 -1.7180e+00  -5.0785e+00
 -4.0179e+00   4.1002e+00
 -5.4134e+00   1.0596e+01
 -2.1656e+00   5.1286e+00
  9.4462e-01  -7.0190e+00
 -3.3881e+00  -1.6998e+00
 -8.2305e-01   2.0327e-01
 -2.8228e+01  -1.0895e+01
 -1.6101e+01  -2.5653e+00
 -2.2681e+00  -4.6613e+00
 -6.8975e+00  -1.2572e+01
 -2.1669e+00  -8.9418e-01
  1.3279e+01   2.1526e-01
  5.0278e+00  -1.4624e+00
 -2.3383e+00  -3.3684e-01
 -2.9541e+00   3.6036e+00
  2.7950e+00   3.1892e+00
 -7.1794e+00  -1.6009e+00
  3.3716e-01   9.5984e-01
 -1.9245e+00   4.1525e+00
 -3.0589e+00   4.7545e+00
 -3.0079e+01   9.3881e+00
 -2.0553e+00   3.3590e+00
  6.5066e-01   1.3626e+00
 -8.1394e+00   3.5573e+00
  1.0304e+00  -2.7107e+00
 -8.3704e-01  -3.2317e+00
  1.8490e+00   6.8768e+00
 -4.6764e+00   4.3537e+00
  7.6901e+00   3.6956e+00
  8.1612e+00   1.6790e+00
  3.0867e+02   6.7649e+00
  4.5607e+00   2.0945e+00
  1.7982e-01  -6.1234e+00
 -6.9219e+00  -1.9254e+00
  4.0981e+00  -6.9871e+00
  4.0515e+00   2.4444e-01
  7.9355e+01  -3.1224e+01
 -1.4661e+00   4.1823e-02
 -7.4287e+00   2.1821e+00
  4.4829e+00  -4.0319e+00
  1.9430e+00   1.0162e-01
 -8.7750e+00   2.5553e+00
 -3.2666e-01  -7.4592e+00
  1.5014e+00   2.2396e+00
 -3.9892e+00  -1.9691e+01
  1.8829e+00  -4.0338e+00
  6.3934e+00   5.9616e+00
 -4.7672e+00   4.9677e-01
  1.6093e+01   3.4080e+01
 -5.9857e+00  -9.9011e-01
  8.6893e+00   1.2466e+00
 -2.6012e+00  -4.4818e+00
 -1.0130e+00  -3.2241e-01
 -3.5958e+00  -9.3656e-01
  7.7166e+00  -1.2621e+00
 -2.8261e+00  -1.7842e+00
  2.6834e+00   7.1694e-01
  7.9374e+00  -2.1377e+00
  6.1099e+00  -5.1610e+00
  5.8534e-01  -5.5169e+00
  8.5818e-01   1.8030e+00
 -1.5609e+01  -1.4421e+01
  1.2409e+00   3.2704e+00
 -9.6428e-01  -7.0973e+00
 -1.8280e+00  -6.2160e+00
  6.5510e+00  -1.4785e+00
 -1.0230e+00   1.1773e+00
 -4.3619e+00   3.6568e+00
 -7.2892e+00  -8.9750e+00
  6.6441e+00   1.5517e+01
 -7.1231e+00  -4.0749e-01
 -4.4999e+00  -1.1037e+00
 -7.4562e-01   5.5391e+00
 -9.4659e-01  -1.4909e+00
 -7.0617e+00   4.8947e+00
 -1.9998e-01  -2.3917e+00
 -1.6471e+01   8.1385e+00
 -4.0213e+00  -3.2008e+00
 -2.3032e+00  -3.0569e+00
 -7.5104e+00  -2.4411e+00
 -1.7143e+01   5.2512e+00
 -7.8886e-01   4.8217e+00
 -4.7165e-01  -2.3995e+00
  3.1183e+00  -5.1619e+00
  5.4793e+00  -1.0505e+01
 -2.2261e+00   2.4827e-01
  8.4444e+00  -1.3972e+00
 -3.1454e+00   3.2792e+00
 -9.6165e+00   5.5198e+00
 -1.8554e+00   6.1784e+00
  6.5403e-01   8.0522e+00
 -1.1178e+00  -7.7350e-01
  4.1817e+00  -2.5487e+00
 -1.2977e+00   2.8338e+00
  4.9134e-01   3.1399e+00
 -1.3017e+00  -4.7008e+00
 -3.3450e+00   5.8798e+00
  4.3270e+00  -1.1430e-02
 -3.2149e+00   8.3094e+00
  4.9564e-01  -1.7844e+00
 -7.3597e+00  -6.4486e-01
  5.0675e+00   2.4073e+00
  4.3624e+00   4.8423e+00
 -5.3839e+00  -4.0602e+00
  4.8095e+00  -1.4494e+00
  1.6035e+00  -1.0221e+00
 -7.4114e+00   2.3976e+00
 -1.1551e+00  -1.0873e+01
 -3.4738e+00  -5.1625e-01
  3.2535e+00   8.0685e+00
 -2.8434e+00   1.2885e+00
  7.0552e+00   8.2158e-01
 -2.9951e+00  -2.3271e+00
  3.3933e+00  -2.6727e+00
  2.7977e-01  -1.0726e-01
 -3.8443e+00   4.7534e+00
 -4.1047e+00  -2.2142e+01
  3.0587e+00   7.0787e+00
 -5.4281e+00   4.8059e+00
  2.5715e+02   2.3781e+02
 -5.3854e+00  -2.8296e+00
  3.3871e+00   4.7919e+00
 -6.4801e+00  -1.7446e+00
  8.1134e+00   4.0199e+00
 -8.8125e+00  -3.1788e+00
  7.1040e+01   2.5976e+02
  1.7228e+01  -1.4899e+01
 -5.1051e+00   2.1703e+00
  4.2798e-01  -3.4156e+00
 -2.4474e+00   5.2821e+00
  5.5334e-01   4.7659e+00
 -1.6856e+01  -2.8055e+01
  6.0211e+00  -1.9483e+00
 -9.8873e-01  -5.1399e+00
 -1.3407e+02   9.0642e+01
 -6.2662e+00   5.1343e+00
 -1.8911e+00  -2.6643e+00
  3.0387e+00  -3.0545e+00
 -1.5874e+00  -7.3331e+00
 -1.7077e+01   1.8105e+01
  6.8724e+00   3.3370e-01
 -1.7881e+00   3.9426e+00
  1.9682e+00   6.6163e-02
 -5.5388e+00  -6.5457e+00
  1.6603e-02  -1.6946e+00
  4.4681e+00   2.0234e+00
 -6.2811e+00   4.1343e+00
 -1.3039e+00  -8.4951e+00
 -1.5479e+00   1.4769e+00
  3.9673e+00   5.7754e+00
  2.2176e+00   5.1226e+00
  4.5260e+00   4.4070e+00
 -3.3805e+00  -3.4922e+00
  5.0666e+00  -1.4948e+00
  5.1370e+00  -1.3123e+01
 -4.4535e+00   4.0666e+00
 -4.2982e+00   3.9237e+00
 -8.3440e+00  -1.4920e+00
  1.8467e+01  -4.8895e+01
  7.2381e-01  -1.2562e+00
 -2.1516e+00  -3.7590e+00
  8.6822e+00   6.6105e+00
  1.2294e+02  -1.0991e+02
 -7.4293e+00   1.8868e+00
  1.0043e+01   1.8024e+01
  2.1899e+00  -2.4492e+00
 -2.9957e+00  -7.6989e-01
 -1.8073e+01  -3.7887e+01
 -2.6508e-01   1.4111e+01
  2.1987e+00  -2.0289e+00
  5.6358e+01   2.6217e+01
  2.9914e+00   6.1140e+00
 -9.5565e-01  -8.7077e+00
 -4.5867e+00   9.8744e+00
 -1.0541e+01  -7.3595e+00
  1.2460e+00   3.4026e-01
 -7.0846e-01  -9.6640e-01
  7.2027e-01   5.7069e+00
 -4.2355e+00   3.0044e+00
 -3.7283e-01   8.4259e-02
 -2.7887e+00   7.3330e+00
  5.7139e+00   1.5682e+01
 -5.7424e+00  -8.3028e+00
  1.1653e+01  -4.4340e+00
  6.5918e-01   2.4171e+00
  8.0258e+00  -1.4522e+01
  5.3540e-01   1.4423e-01
  6.9602e+01   3.8686e+00
  2.8732e+00   3.8408e+00
  1.7642e+00   5.4566e+00
  2.3644e+00   9.6255e-02
 -1.1270e+00   4.9034e+00
  9.6600e-01   2.5424e+00
  8.8532e-01  -4.3990e+00
  6.4017e+00  -3.5320e+00
 -5.6058e-01   1.2496e+00
  3.2786e+00  -7.9480e+00
  2.9894e+00  -1.3293e+00
 -6.9694e-02   7.0919e+00
 -6.3631e+00  -2.4993e+00
 -6.6719e-01   9.8987e+00
 -2.6543e+00  -7.1226e+00
 -4.7059e+00   4.1271e+00
 -1.4147e+01  -3.7275e+01
  6.0126e-01   1.2111e+01
  8.9618e+00  -5.1398e+00
  1.8183e+00   1.1249e+00
 -8.6189e+00   4.3319e+00
  2.0410e+00  -4.6889e+00
 -2.6342e+00   4.3774e+00
  6.6376e+00  -6.2547e-01
  5.9389e+00  -5.6439e+00
  2.3373e+00   1.9816e+00
  2.6756e+01   1.7512e+01
 -1.8455e+00  -4.9371e+00
 -9.4555e-01  -1.6613e+00
 -3.6242e+00  -1.6653e+01
  1.9947e+00  -7.9792e+00
 -1.0240e+00   5.7964e+00
  3.4737e+00  -4.7240e+00
  2.3799e+00  -1.6662e+00
  9.6174e-01   1.9873e+00
 -3.6506e+00  -2.3527e+00
  4.9046e-01   1.3190e+01
 -2.3454e+00  -4.3161e+00
  2.5439e+00   2.4523e+00
 -6.3988e+00  -4.7099e+00
  5.5962e-01   3.9384e+00
  6.4679e+00   5.3843e+00
 -4.3356e-01  -1.2416e+01
 -3.8784e+01   1.0711e+02
 -7.0652e-01  -8.0982e+00
 -2.0178e+01   3.9917e+01
 -5.2148e+00   4.9541e+00
 -7.9212e+00   1.4105e+00
 -1.7220e+00  -1.3984e+00
  1.0133e+01  -4.1105e+00
  5.6234e+00  -1.9591e-01
  7.9779e-01  -3.1950e+00
 -3.1145e+00   7.8238e+00
 -9.8863e-01  -2.7489e+00
  4.9103e-01   5.6625e+00
 -1.7750e+00   2.8427e+00
  4.7201e+00  -3.3890e+00
 -1.5901e+00  -1.2277e+01
 -1.5534e+00   3.9046e+00
 -6.7089e+00  -1.5219e+02
  7.5731e+00   1.8812e+00
  8.5019e+00  -5.2719e+00
 -5.4348e+00  -4.2820e+00
 -3.1124e+00  -1.1599e-01
  5.7808e+00   5.8911e+00
  2.5118e+00   9.1758e-02
  4.3007e+00   2.7746e+00
  1.1207e+00   1.0123e+00
  7.2946e+00  -4.0286e+00
  3.1641e+00   3.3250e+00
  1.6316e+01   1.5969e+00
 -3.4238e+00  -3.3352e+00
 -6.2578e+00  -9.5888e-01
 -5.1645e-01   1.2641e+00
  3.7629e+01  -2.9999e+01
 -4.3112e+00   4.2032e+00
  6.7806e+00   2.5811e-01
 -1.2225e+01   1.0922e+01
 -1.1182e+00  -2.2058e+00
  4.3716e+00   3.6508e+00
 -5.9967e+00   2.9997e+00
 -2.6528e-01  -8.9120e+00
  1.5493e+01   6.3185e-01
  1.8736e+00   3.0389e+00
  1.1658e+01   5.7080e+00
  1.5668e+00   2.0035e+00
  1.5835e-01   3.4687e+00
 -1.2149e+00   2.7655e+00
 -4.4587e+01  -1.5218e+01
 -1.4356e+00  -7.4219e+00
  9.9213e+00  -2.3820e+00
  5.9654e-01   7.1324e+00
 -2.9543e+00   1.1209e+00
 -2.2584e-01   2.3243e-01
  7.6590e+00  -8.5068e+00
 -4.4603e+00   1.1486e+00
  9.6496e-01  -3.4327e+00
  8.1634e+00   3.4887e+00
 -5.7548e+00   2.9058e+00
 -2.1828e+00  -9.2534e-01
  2.0214e+00  -8.7589e+00
 -5.7436e+00   5.3609e+00
  3.3578e+00   2.3593e+00
 -4.2518e+00   8.1468e+00
  8.2993e-01  -2.5877e+00
 -1.0467e+01   1.4818e+00
 -3.0606e+00  -1.9926e+00
 -2.0825e+00   8.5115e-01
 -8.7098e+00  -1.3913e+00
  6.7373e+00  -1.4679e+00
  5.9672e+00  -6.3378e+00
  5.4275e+01  -1.6471e+01
 -2.0943e+00  -5.0972e+00
  5.1224e+00   4.3982e+00
 -2.9693e+00   8.8849e+00
 -2.6133e+00  -1.3531e+01
  2.3820e+00   1.1715e+00
  8.5393e+00   2.3074e+00
 -6.7872e+00   7.2371e+00
 -1.6452e+00   1.5712e+00
  3.1341e+00  -2.8144e+00
  6.3399e+00   7.8177e+00
 -1.1300e+00   4.2938e+00
 -4.3117e+01  -3.9191e+01
  2.0411e+00   8.2534e-02
  1.1552e+00  -2.1759e+00
  2.9243e+00  -3.4191e-01
  4.8763e+00  -4.4170e+00
 -1.0062e+00   1.4564e+00
 -5.5762e+00   6.3551e-01
 -6.3802e+00  -1.0190e+01
  4.3282e+01   3.2110e+01
  4.2624e-01   1.0213e+00
 -7.6425e+01  -2.8532e+01
  8.6889e-01   3.5565e+00
 -2.9983e-01   1.1192e+00
  4.6282e+01  -1.4488e+00
 -2.0680e+00  -3.5808e+00
  7.6262e+01  -4.5283e+01
  1.2915e+01  -6.6600e+00
 -3.1871e-01  -5.0772e-01
 -1.3582e+00  -7.8575e+00
  4.5958e+00   7.1991e+00
 -2.6885e+00   9.1793e+00
 -4.6239e+00   9.6857e-01
 -9.6542e-02   1.5279e+01
 -7.7678e+00   1.7471e+00
 -3.1346e+00  -3.6330e-01
  5.0814e-01   5.8264e+00
  3.7712e+00  -2.4385e+00
 -9.2192e-01   4.5610e+00
 -4.2689e+00   4.2885e+00
 -1.2878e+01   1.0029e+01
 -6.2284e+00   6.7776e+00
 -6.3648e+00   1.5494e+00
 -4.9689e+00   3.8707e+00
  4.3358e+00   6.1941e+00
 -6.8562e+00   1.2141e+01
 -4.1616e+01   2.2163e+01
  1.1621e+00   5.2171e-01
  3.6601e+00  -8.0878e-01
  7.2920e-01   1.0093e+00
  1.2929e+01   2.4897e+01
  8.4717e+00   1.7114e+00
 -1.5619e+00  -5.6749e+00
  3.2343e+00  -1.4146e+01
  5.9147e+00  -4.1236e+00
 -4.8392e+00   7.1227e+00
  5.9365e+00   3.7996e+00
 -5.7044e+00  -2.6949e+00
 -8.0882e+00  -1.2099e+00
 -4.7884e+00  -4.8877e-01
  1.9002e+00  -7.7390e-01
  8.2386e+00   1.5596e+00
 -6.5341e+00   3.9523e+00
  6.9812e-01  -1.8894e+00
  4.1239e+01   1.1361e+00
 -1.6399e+00   5.7866e-01
  4.7025e-01  -4.8099e-02
  3.4862e+01   4.2434e+01
  4.2383e+00  -3.9399e+00
  3.3016e+00  -3.3312e+00
  6.2018e+00  -4.0003e+00
  7.4972e-01   7.6699e-01
  4.2680e+00  -3.5666e+00
  8.7193e+00   3.5185e-01
 -5.7932e+00   4.2718e+00
  2.4136e+00   3.0963e+00
 -2.4574e+00  -2.3042e+00
  1.3249e+00  -5.6414e+00
  2.5325e+01  -6.6215e+00
  9.6423e+01   1.1160e+02
 -5.5622e+00  -8.3071e+00
 -2.7041e-01  -2.3652e+00
 -7.7728e-01   9.1680e-01
  3.5069e+00   2.1766e+00
 -2.1821e-01   2.4006e+00
 -3.4443e+00  -3.7547e+00
  2.3860e+00  -6.7505e+00
  2.0392e+00   1.5611e+00
  2.4822e+00   1.3308e+00
 -7.6571e-01   8.3934e-01
 -1.1180e+00  -6.6085e+00
 -6.9627e+00   1.8951e+00
 -3.0679e+00  -2.5434e+00
 -5.5624e-01  -2.5816e+00
  2.9321e+00   1.6310e+00
  1.2772e+00   3.5744e+00
  1.0628e+00  -1.9673e+00
 -1.2084e+00   2.9523e+00
 -5.0080e+00  -8.1620e+00
 -2.3110e+00  -3.0578e+00
  3.3480e+00   1.6678e-02
  8.6980e-01  -3.9877e+00
 -6.4443e+00   5.7672e+00
 -4.1435e+00   7.9946e+00
  2.0803e+01   5.7356e+00
 -3.0929e+00  -1.5177e+00
 -3.9265e+00   8.1150e-01
  1.9257e+00   3.9250e+00
  4.7284e+00  -8.5383e-01
  2.0010e+00   6.7492e-01
  3.2693e+00  -6.9992e-02
 -3.1363e+00   3.7118e+00
 -4.8884e-01  -1.3075e+00
  1.4542e+01  -1.3522e+01
  7.0245e+00  -3.9102e+00
  1.9147e-01   7.5584e+00
 -1.1308e+00   5.9685e+00
  7.8695e+00   1.6561e+01
 -8.2010e+00   6.0973e+00
 -5.7364e+00   5.7526e-01
 -8.0220e+00   2.3012e+00
 -1.8173e+01  -2.0815e+01
 -1.5643e+01  -3.0144e+01
 -1.0256e+00   6.9096e+00
  3.1903e+00   4.6428e+00
  6.8331e-01   5.6799e+00
  9.5837e-01  -3.6927e+00
  2.2111e+00  -1.9815e+00
  3.7879e+00  -3.9149e+00
  7.3428e+00  -7.6434e-01
  7.5383e+00  -7.9401e-01
  2.2351e+00  -3.4909e+00
 -7.8742e+00  -3.1158e+00
 -6.6409e+00  -6.1581e-01
 -1.1395e-01  -6.0781e-01
 -8.0518e+00   6.0322e+00
 -4.1813e+00  -7.2649e+00
 -1.1194e+00  -1.0635e+00
  4.4387e+00  -4.0579e+00
 -1.0118e+01  -1.6870e-01
 -3.9105e+00   5.3455e+00
  1.0294e+01  -1.0610e+01
 -2.4040e+00  -5.5307e-01
 -1.8887e-02  -1.1404e+00
 -2.0047e-01   3.2193e+00
  1.7584e+01  -1.5365e+01
  1.5903e-01   2.1903e+00
 -6.5366e+00   1.3422e-01
 -1.4554e+00  -7.0270e+00
 -1.0909e+00   4.0645e+00
  3.2768e-01   2.6246e+00
 -2.0543e+00   3.3706e+00
  5.2061e+00  -9.0069e-01
  6.0466e+00   2.1650e+01
  8.1093e+00  -1.8637e+01
 -1.5451e+01   9.0248e+00
 -1.1458e+01   8.3396e+00
 -3.0159e+00   3.6898e-01
  8.2380e+00  -8.7212e-01
  6.9479e+00  -4.5625e+00
 -4.1029e+00   3.5852e+00
 -5.4376e+00  -9.5450e-01
  1.4298e+02   1.5950e+01
 -3.0299e+02  -1.0866e+03
  8.8911e-02   7.4547e-01
  2.8659e+01   1.5765e+00
 -7.4683e-01  -3.2826e+00
 -4.5322e+00   6.6179e+00
  1.6994e+00  -1.3634e+01
 -5.5110e+00  -3.1088e+00
  9.8522e+00   6.1776e+00
  1.1814e+00   1.3940e+00
  1.2705e+01   4.9396e+00
 -5.6338e-01   2.0099e-01
  4.8910e+01   5.5368e+01
  7.6802e+00  -1.5450e-01
  6.7067e+00  -6.9322e+00
 -5.3637e+00   2.9193e+00
  2.5542e+00  -1.0721e+01
 -1.5815e+01   1.2818e+01
  4.0774e+00  -2.2365e+00
  6.7465e+00  -1.9121e+00
 -2.0315e+01  -1.0414e+00
 -9.0631e-02  -1.9136e+00
 -7.9656e-01   2.1278e+00
 -5.2274e+00   1.3834e+02
  1.4518e+01   1.5598e+01
  1.2573e-01   2.3450e+00
  9.3399e+00   1.6030e+00
  8.8349e-01   2.9282e+00
  9.0461e+00   1.3982e+00
  1.9709e+00   7.2171e-01
 -4.5171e+00  -5.9244e+00
 -8.3982e+00   1.6670e+00
  2.6994e+00   2.4111e+00
 -9.8760e-01   1.0096e+00
 -3.8116e+00  -1.2555e+01
 -8.0967e+00   3.0599e+00
 -1.3720e+01  -6.2632e+00
  2.9071e+01  -1.0046e+01
 -4.0900e+00  -4.1509e+00
  2.4985e-01   3.3555e+00
  3.8473e+00   8.0017e-01
 -4.1195e+00  -2.2636e+00
  2.4169e+00  -1.7803e+00
 -4.1974e+00  -7.3691e+00
  5.0865e-01   3.3895e-01
  3.9895e-01   2.9368e+00
 -5.6479e+00   6.6349e+00
 -6.2065e+00  -1.1024e+01
  1.4497e+00  -2.5755e+00
 -2.8946e-01  -1.3717e+00
  1.1655e+00   7.1061e+00
  4.0535e+00  -1.6883e+00
  3.0311e+00   2.9107e+00
  4.8587e+00  -5.9092e+00
 -4.2879e+00   3.6197e+00
 -5.1924e+00  -4.0698e+00
  5.7834e+00   2.9001e+00
 -2.9504e+00   4.3754e+00
 -5.4932e+00  -6.9000e+00
 -1.1987e+00   6.7365e+00
  7.2076e+00   3.1083e+00
  1.6839e-01  -5.1727e+00
 -5.9241e+02  -1.2120e+03
 -1.3382e+00   4.4003e+00
  7.3308e-01  -2.0123e+00
  1.1879e+01  -2.0908e+00
 -3.5423e+00  -7.9297e-01
 -3.1254e+00  -6.5909e+00
  1.1627e+00  -1.3281e+01
 -3.5520e+00  -1.0996e+01
 -3.3143e+01   3.8905e+00
  5.3410e+00   3.4639e+00
 -4.1590e+00  -3.1549e+00
  3.8019e+02   8.3667e+00
 -2.5136e+00  -6.4997e-01
  4.1223e+00   9.4673e+00
  1.4927e+00   1.7869e+00
 -6.7312e+00  -7.5579e+00
 -7.5408e-03  -6.4031e+00
  2.8712e+00   2.8665e+00
  1.0375e+00   3.8983e+00
 -4.4468e+00   5.2334e-01
  6.0497e+00   4.6219e-01
  3.3289e-01  -1.8441e+00
  4.5456e+00  -2.1571e+00
 -6.0277e-01  -4.5420e-01
  9.2714e-01   3.5868e+00
  3.7971e+00   2.8720e+00
 -7.0366e+00   5.6473e+00
 -6.5692e+00   6.5129e-02
 -1.1754e+02  -1.0448e+02
 -3.4356e+00   7.5464e+00
 -2.1293e+00  -1.2141e+01
 -2.2538e-01   4.8070e+00
 -2.8325e+00  -4.4515e+00
 -2.3225e-01   1.5140e+00
 -6.6489e+00  -2.6176e+00
  2.3298e+00   2.9340e+01
 -2.4622e+00   7.0252e+00
 -5.8059e-01  -3.0500e+00
  1.3639e+00  -6.2838e+01
  7.1779e+00   4.3882e+00
  2.2439e+00   4.5765e+00
  1.5639e+00  -4.1960e+00
 -6.8489e+00  -1.9354e+00
 -3.0814e+00   1.5128e+00
  2.9835e-01  -1.5757e-01
  1.7622e+00  -1.4413e+00
  6.5509e+00   7.1294e+00
  3.9317e+01   7.4024e+00
  1.0792e+00  -8.7925e+00
 -4.9315e-01   1.7280e-01
  5.8550e+00  -5.6709e+00
 -5.1181e-01   3.0385e+00
 -7.2931e-01  -4.7504e-01
  8.9251e+00   5.0521e+00
 -1.0980e+01   7.0756e+01
  3.0314e+00   1.5968e+01
  6.9932e+00   1.2663e+01
 -4.8515e+00  -3.9439e+00
  2.4903e+00   4.6709e+00
 -9.2352e+00  -3.7066e+01
 -6.5997e+00  -2.9799e+00
 -5.1540e+00  -9.1601e-01
 -2.1142e+00   3.0792e+00
  2.9108e+00  -4.0164e+00
 -5.8548e-02   4.3662e-01
 -3.5076e+00   8.4776e-01
  2.9921e+00   1.0186e+01
 -4.0890e+00   2.6550e+00
  4.6664e+00  -5.4023e+01
 -9.3858e+00  -1.3200e+01
  1.4009e+01  -2.8841e+00
 -4.4465e+00  -3.0231e+00
  2.0134e+01   3.2131e-01
 -4.1056e+00  -5.2665e+00
  6.3520e+00   2.0365e+00
  1.7639e-01  -2.4882e+00
 -5.0263e+00   4.2205e+00
 -2.0516e+00   9.0701e+00
 -5.6404e+00  -1.9199e+00
  6.9194e+00  -6.6927e-01
  2.0458e+00  -2.4640e+00
 -3.2762e+00  -2.9859e-01
  1.7811e+01  -2.0775e+00
 -1.2402e+01   3.7389e+00
 -4.9564e+01   3.7432e+01
 -3.5494e+00  -3.4851e+00
 -3.3790e+00  -9.7494e-01
 -3.4061e+00  -1.1876e+00
 -2.7861e-01  -5.9514e-01
 -7.7781e+00   2.4444e+00
  1.8610e+01   5.6216e+00
 -1.0465e+00  -3.5149e+00
  1.8437e+00   1.7180e+00
  1.3786e-01   2.2610e+00
 -8.7171e+01   2.8868e+01
 -2.3950e+02  -2.4236e+02
  1.5878e-01  -2.0846e+00
  7.6410e+00  -1.8420e+00
 -6.7770e-02  -1.4681e+00
 -1.3444e+00  -4.1508e+00
  4.2014e-01   2.8993e+00
  3.4418e+00   2.5539e-01
 -2.6926e+00   3.1809e-01
 -1.3924e+01  -1.4650e+01
  1.2305e+02   1.1350e+02
 -3.5984e+00   4.5049e+01
  1.1481e+01   2.7597e+00
  1.6203e-01   2.6112e+00
 -2.4797e+00  -1.1178e+00
 -4.0533e+01  -6.3532e+01
  5.4815e+00  -3.3218e+00
  3.5045e+00  -3.1643e-01
 -2.5709e+00   1.9491e+00
 -1.9626e+00   3.9838e+00
 -3.9161e-03   8.3739e-01
 -2.2941e+00  -2.6537e+00
  5.2944e+00  -6.8023e+00
 -2.0885e+00   2.5079e+00
 -5.4928e+01  -4.9923e+01
  1.7335e+00  -7.0454e+00
  6.9909e-01  -6.7610e+00
 -1.1656e+00   3.0577e+00
 -5.2566e-01  -3.4036e+00
 -1.0078e+01  -2.3530e+00
  9.2463e-01   4.5905e+00
  6.6746e-01  -8.2231e+00
 -1.8416e+00  -7.6518e-01
  5.9206e+02   1.2137e+03
  1.9161e+00   2.4516e+00
  4.1332e+00   4.7353e-01
 -5.5037e+00   7.7176e+00
  1.1912e+00   3.5702e+00
 -7.1773e+00   6.8625e-01
 -6.3235e+00   7.3883e+00
 -2.1085e+00   1.4533e+00
  4.0043e-01  -2.3668e+00
 -4.1239e+00   6.6014e-01
 -7.5622e-03  -9.8902e-01
  7.0092e+00   2.1052e+00
 -3.3149e+00   6.1012e-01
 -6.7467e+00   5.2277e+00
 -5.6110e+00  -5.1575e+00
 -3.8866e+02  -1.1445e+01
 -2.4196e+00  -1.3855e+00
  2.2791e+00   9.5579e+00
  3.6141e+00  -6.6068e+00
 -5.3352e+00  -2.4835e+00
 -7.0878e+00  -4.3827e+00
 -7.0536e-03   1.1464e+00
 -6.4623e+00   1.3334e+00
 -1.8006e+01  -1.5724e+00
 -8.4239e+00  -8.5010e+00
 -9.6050e+00  -4.7771e+00
  1.5832e+01   8.7603e+00
  7.6176e+00   6.3926e-01
  4.2599e+00   1.5955e+00
 -9.1538e-01  -1.3367e+00
 -7.9791e+00  -3.2296e-02
  1.3916e+00  -1.6064e+00
  2.4729e+00  -2.3629e+00
  4.3133e+00  -1.8660e+00
 -5.2595e+00   6.6656e+00
 -3.0985e+00   1.0076e+01
  5.7923e+00   4.8352e+00
  6.9826e+00   7.8780e-02
  4.8539e+00   6.4268e+00
  4.1433e+00  -1.7852e+00
 -5.1587e+00   4.9065e-01
  3.6809e+00  -3.2599e+00
 -7.6515e-01  -5.3720e-01
 -6.3187e+00   2.0517e+00
 -7.7111e-01  -3.2370e+00
 -5.8793e+00   4.4912e+00
  1.2043e-01  -6.1467e-01
 -6.8326e+00  -2.5711e+00
 -2.5077e+00  -4.7651e+00
 -6.0037e+00   2.4629e+00
 -4.2965e+00  -6.0629e+00
  1.0082e+01   5.8573e+00
  3.3595e+00   2.1754e+00
  1.2411e+00  -6.7972e+00
 -4.9932e+00   1.0282e+00
  1.1260e+00   1.5055e+00
 -1.4547e+01   3.7485e+00
  2.9708e+00  -3.1504e+00
  2.4821e+00   4.7238e+00
 -8.6924e+01   1.5367e+02
 -2.6183e-01   4.3191e+00
  4.4229e+00  -1.1776e+00
  4.9002e+00  -1.2145e+00
 -1.3881e-02  -2.1113e+00
 -2.0100e+00   3.1212e+00
  7.6409e+00   4.5064e-01
 -5.0778e+00  -3.2663e+00
 -6.7151e+00  -7.1347e-01
 -5.6274e+00  -6.6555e+00
  2.4226e+00  -2.9228e+00
  7.1167e+00   4.6722e+00
 -2.4868e+00  -2.5520e+01
  2.2627e+00   1.6634e+00
 -1.7329e-01   2.6688e+00
  3.1187e+00  -1.0801e+00
  1.3871e+01   5.7830e+00
  1.2696e+00   1.0809e+00
 -3.5267e+00   1.8190e+00
  1.1524e+00   2.1182e+00
  1.0482e+00  -3.1154e+00
 -5.4449e+00   5.3155e+00
  5.4569e+00  -3.0157e-01
  2.4076e+00   9.8331e-01
 -1.6984e+00  -3.3739e+00
  7.4366e+00   1.2449e+00
  2.8156e-02   5.8642e+00
  2.5924e+00   8.7714e+00
  9.0914e+00   1.1220e+01
 -8.4889e+00   4.9575e-01
  5.5604e-01   8.9430e+00
 -4.9256e+00   1.1939e+00
 -1.2592e+01   7.9850e+00
 -6.5409e+00  -2.5733e+00
 -4.0880e+01   7.7164e+00
  9.8300e+00   1.8473e+00
  4.2118e+00  -2.5252e+00
  5.4056e+00   3.8107e+00
  1.3365e+00   4.4070e+00
 -2.1838e+00  -4.8010e+00
  4.4715e+00  -1.3317e+00
  1.0473e+01  -1.0556e+01
  3.2312e+00  -4.3232e+00
  7.4146e-01  -1.3952e-01
 -4.2281e+00  -2.3074e+00
 -3.5377e+00   1.9045e+00
 -1.7417e+00   5.4742e+00
 -3.3129e+00   1.1407e-01
 -3.2274e+00  -7.3118e-01
  4.9479e+00  -7.8349e+00
 -1.7747e+01  -8.6024e+00
 -3.6974e-02  -1.5672e+00
 -1.2963e+02   1.2044e+02
 -7.2587e+00  -5.1526e+00
 -7.0362e+00   1.4595e+00
  2.8991e+00   7.0492e+00
  1.4217e+00  -3.8083e-01
 -2.3729e-02   2.7275e+00
  2.2203e-01  -1.9313e+00
  5.3115e+00   3.2319e+00
 -3.9220e+00   7.0657e+00
 -4.0768e-01  -1.7615e+00
 -1.9852e+00  -6.6099e+00
  2.2068e+00   8.2230e-01
 -1.1264e+00   7.6596e+00
  5.0176e+00   1.3156e+00
 -8.3286e+00  -3.1766e+00
 -6.6428e-01  -8.4952e-01
  4.0452e-01  -7.6066e+00
 -9.7372e+01  -1.1000e+02
  3.4594e+00   3.1728e+00
  4.9716e+00   5.2569e+00
 -9.3041e-01   4.9123e+00
  4.8857e-01  -1.0045e+01
 -5.3486e+00   1.8930e+00
  2.3302e+00  -2.2754e+00
 -1.5809e+01  -2.2886e+01
  6.7840e+00  -1.2438e+00
  7.2898e+00  -6.8654e+00
  5.6265e+00  -2.4977e+00
 -8.9170e+01  -2.0314e+01
  2.5445e+00  -8.3057e-01
 -4.9343e+00  -2.2431e+00
  6.4924e+00   5.3985e+00
 -1.9076e+00  -3.9658e-01
  4.6496e+00  -5.8219e+00
 -4.1307e+00   1.6528e+01
  4.2135e+00  -5.5132e-02
 -1.6644e+00   1.2923e-01
 -1.0290e+01   5.3575e+01
 -5.4617e-01   1.6040e+00
  1.6520e+01  -1.0639e+01
 -2.3591e-01   7.2476e+00
 -2.0807e+00   1.1012e+00
  8.0811e+00   1.1563e+00
 -6.0760e-02  -3.6728e-01
 -4.3905e+00  -5.9853e+00
 -2.6036e-01  -5.4420e+00
  1.7215e+00   1.5454e+01
  2.2578e+00   6.2617e-01
 -6.4329e+00   3.9270e+00
 -5.6862e+00  -2.8853e+00
 -9.7200e-01   2.5345e-01
 -6.2714e+00   4.8100e+00
 -7.0386e-01   7.9326e+00
  1.3530e+00   1.8712e+00
 -1.2101e+01   3.5975e-01
 -7.8834e+00   4.1913e+00
  4.4628e+00   1.6331e+00
 -2.7634e+00  -8.8659e+00
  2.8981e+00  -2.5645e+00
  1.1244e+00   2.2609e+00
  8.6585e+00  -1.6581e+01
  7.3594e+00   3.1833e+00
  3.9387e+00   1.2716e+01
 -2.4673e+00   6.8028e+00
 -7.4945e+00   2.1449e+00
  2.4140e+00   4.8896e+00
  1.2126e+00  -1.1078e+00
  5.5806e+00   3.0168e+00
  9.9432e-01   6.8360e-01
  2.9353e+00  -7.3989e+00
  3.2463e+00   1.5394e+00
 -4.9772e+00  -6.9262e-01
  2.5965e+00  -4.0972e+00
  1.1631e+00  -2.8214e+00
 -2.2147e+00  -3.3652e+00
 -7.2413e-01   7.2645e+00
  1.1222e-01   5.8328e+00
  4.3161e+00  -5.9517e-01
  1.1690e+01   1.2884e+00
  2.4633e+00  -7.0278e+00
  2.5841e+01  -4.1717e+01
 -4.6079e+00   2.2465e+00
  5.4305e-02  -2.9879e+00
 -2.8362e+00  -1.6471e+00
  8.1730e+00  -2.3215e+00
 -7.1017e+00  -2.4583e+00
 -9.7311e-01  -5.3362e+00
 -7.9487e+00   7.7593e+00
 -3.2105e+02  -1.3109e+01
 -6.8106e+01  -1.4247e+00
  3.9778e-02  -2.4824e+00
 -5.0959e+00  -4.1134e+00
  4.3923e+00  -3.6508e+00
  1.1469e+02  -1.3917e+02
  4.3037e+00  -6.4484e+00
  6.5914e+01   3.6195e+01
 -1.4464e+02  -5.7883e+00
 -6.5083e+00   9.4296e-01
  3.9593e-02   6.7554e+00
 -3.9436e+01   9.0881e+01
  2.4914e+00   4.4474e+00
 -9.6982e+00  -4.3193e+00
  1.2370e+00  -2.4569e+00
 -8.2316e-01   1.0898e+00
  5.4052e+01  -1.4600e+02
 -2.7308e-01  -2.5000e+00
 -2.8052e+00   5.5897e+00
 -2.6873e+00  -4.7622e+00
 -1.2980e+01  -1.5381e+01
 -1.9771e+00  -1.2237e+00
 -1.2897e+00   4.8706e+00
  5.6961e+00   3.0970e+00
 -5.3197e-02   3.1959e+00
  1.2497e+00  -5.5983e+00
  4.4967e-01   7.4076e-01
  2.0345e+01   2.0483e+01
  4.1055e+00   2.7961e+00
  3.4170e+00   2.2345e+00
  3.0350e+00   7.7657e+00
  2.7678e+00   6.9388e+00
  5.6090e+00   2.9237e+00
  4.5848e+00   1.0401e+01
  7.9701e+00  -3.1149e+00
 -2.4420e+00  -2.5240e+00
 -1.1739e+00   2.8721e+00
  8.1405e+00   2.5704e+00
 -7.6195e-01  -3.4819e+00
  4.9550e-01   1.7710e+00
  8.4226e+00   7.3872e-01
 -3.7163e+00   2.3681e-01
  1.0695e+01   2.9916e+01
  8.0104e+00   3.1179e+00
 -1.2982e+01  -4.8075e+00
  1.1013e+00  -7.5738e-02
 -3.0928e+00   9.4022e-01
 -3.6005e+00  -2.3151e+00
 -2.5108e+01  -9.4980e+00
  2.6533e+01  -1.2213e+02
  4.9869e+00   7.1091e-01
 -9.0747e+00   5.2807e-01
  1.7688e+00  -3.7890e+00
 -1.1777e+01  -3.0924e+00
 -1.5145e+00   2.1977e+00
  3.1351e+00  -8.0045e+00
  1.6596e+00  -1.3857e+00
 -8.3988e+01  -2.6280e+02
 -5.2225e+00   4.0329e-01
 -5.3702e+00   6.6660e+00
 -9.6229e+00   5.6229e+00
 -8.0580e+00  -2.5813e+00
 -3.9269e+00   1.0771e+00
 -2.2805e+00  -7.5007e+00
 -3.9558e+01   2.8956e+01
  3.0744e+00   5.4984e+00
  3.9754e+00  -3.3220e+00
  3.4452e+00   4.2357e+00
  8.1353e+00  -2.4041e+00
 -2.7111e+00   7.8467e+00
  1.2325e+00   6.4420e+00
  7.4201e+00  -4.3747e+00
  2.3638e+01  -9.1923e+01
 -8.8678e+01   4.1016e+01
  2.9001e-01   5.6887e+00
  3.5631e+00  -1.5364e+00
 -7.9461e+00  -1.9670e-01
  3.2451e+00   1.9421e+00
  7.9607e-01  -3.0782e+00
  8.1547e+00  -3.6364e+00
 -1.9577e+00   2.7780e+00
  5.0579e+01   6.0395e+01
  5.3220e+00   6.3493e+00
 -2.4097e+00   1.9990e+01
  3.4184e+00   7.9031e+00
 -3.2972e+00  -9.9492e+00
  4.5208e+00  -9.6251e+00
  5.3171e+00  -4.0756e+00
 -3.3924e+00  -4.1664e+00
  3.0864e+02   1.0748e+03
  7.7255e-01  -2.4639e+00
 -1.9869e+00  -4.2391e+00
 -4.1618e+00  -2.2196e+00
  9.8106e-01  -5.5820e+00
  2.9385e-01   2.0535e+00
 -3.9143e+00   1.2043e+00
  1.0561e+01   2.0527e+00
  6.7322e+00   2.6213e+01
 -2.6000e+00   1.7407e-02
 -5.3367e+00   1.7687e+00
 -1.1772e+01  -8.7790e+00
  6.7906e-01  -8.6760e-01
 -1.9077e+01   9.9495e-01
  4.1764e+00  -1.6590e+01
  1.1934e-01  -3.3441e+00
 -5.7402e+00  -1.6304e-02
  7.3680e-01   1.9244e+00
  3.6791e+00  -5.7756e+00
 -2.4961e+00  -3.0653e-02
  3.1199e+00  -7.5565e-01
 -3.0188e+00  -6.5050e-01
 -5.0166e+00   8.3975e-01
 -2.5902e+00   2.5236e+00
