  2.8132e+00  -9.3231e+00
  2.6173e+00  -5.9743e-01
  7.4511e+00   1.2070e+01
  3.4109e-01  -1.7002e+01
 -1.2554e+02  -1.5172e+02
 -7.7161e+00  -2.2329e+01
 -7.5998e-01   2.5278e+00
 -4.8929e+00   4.1263e+00
  7.6645e-01  -3.0224e+00
 -3.2283e+00  -2.0775e+00
 -2.9448e+00  -5.3805e+00
 -1.1280e+01  -1.5758e+01
  9.3754e+00  -8.3790e-01
 -1.1386e+02  -6.3331e+00
  1.3289e+01   2.3271e+01
 -1.6791e+01  -1.5641e+00
 -4.6757e+00  -7.1949e+00
  2.7190e+01   1.9294e+01
 -4.1704e+00  -5.3049e+00
  2.0613e+00  -6.2062e+00
  5.3432e+01   1.1864e+01
 -2.0620e+01   9.6704e+00
  1.2683e+01  -7.4256e+00
  1.7541e+00   2.6115e+00
 -5.0041e+01  -2.2366e+01
  3.3617e+00  -1.0154e+01
  2.1956e+02   5.8792e+01
 -2.7290e+02   7.0940e+02
  4.3572e+02  -2.7618e+02
 -2.2815e+00   1.5308e+01
  5.8294e+00  -3.0769e+00
  1.1969e+00   3.3711e+01
  1.8273e+00   1.9527e+00
  5.3851e+01   2.5890e+00
  1.1865e+01  -1.1255e+01
  3.3984e+00  -1.6562e+00
  8.6382e+01   1.7740e+02
  3.1537e+00  -3.5061e+00
 -5.6147e+00   4.3380e+00
 -8.3839e+00   3.1442e+01
 -1.6064e+01   1.4081e+01
  1.5124e+00  -1.4302e+01
 -1.2303e+01  -4.9058e-01
  8.3731e+00   2.1869e+00
 -1.1641e+02  -4.5150e+01
 -3.6021e+01  -1.2435e+01
 -2.8270e+00  -2.3240e+01
 -2.6399e+01  -2.6107e+01
 -2.3839e+00  -5.3147e+00
  3.1098e+01  -9.6031e+00
 -2.0078e+01   2.1745e+01
  4.7323e+00  -7.4125e-01
  6.9753e+00   9.8971e+00
  5.9883e+00   4.0597e+00
 -1.3838e+01  -4.8330e+00
 -6.3020e+00   8.2568e+00
 -1.3712e-01  -1.7618e+00
 -8.2007e+00  -1.8031e+00
 -7.6073e+01   1.9655e+01
  1.5596e+01   3.8276e+01
 -9.1561e+00   4.1284e+00
 -5.3922e+01   4.9282e+00
 -5.2519e+00   1.2683e+00
  3.1816e+01   1.3013e+02
  1.6203e+00   2.3279e+01
 -4.2326e+00  -5.5206e+00
  3.3822e+00   2.8022e+00
  2.7455e+00  -5.5509e+00
  8.7307e+02   2.4675e+01
  9.9543e+00   1.3271e+01
  6.4967e+00   1.7955e-01
  2.0339e+00  -1.0959e+00
  6.5809e+00  -1.5263e+00
  2.1732e+01  -1.7407e+01
  2.1796e+02  -9.1252e+01
  2.5645e+01  -1.3341e+01
 -6.8211e+00   9.7671e+00
  1.1891e+01  -1.8913e+01
 -2.5134e+00   7.4645e+00
 -2.0470e+01   4.2441e+00
  1.3780e+01  -2.6580e+01
 -6.6550e+00  -3.7149e+00
 -2.5875e+01  -5.8186e+01
 -1.3620e+00  -1.7140e+00
  1.6851e+01   1.3354e+01
  6.0583e+00   3.7952e-01
  4.9045e+01   9.6700e+01
 -2.1450e+00  -6.4770e+00
  6.8356e+00   8.7038e-01
 -1.4715e+01   1.0792e+01
  8.3262e+00  -1.7622e+00
  4.2813e+00   2.9683e+00
 -7.3512e+00  -1.8137e+00
  9.8785e+00   1.0337e+01
  2.7526e+00   4.5298e+00
  4.6468e+00  -5.2102e+00
  3.6329e+01  -2.0917e+01
  8.6787e-01  -2.3122e+01
 -4.1425e+00   5.0890e+00
 -5.0918e+01  -2.6795e+01
 -4.4936e+00   7.3729e+00
 -3.2064e-01  -1.3935e+00
  1.6469e-01  -7.9523e-01
 -1.8996e+00  -2.2317e+00
  1.8595e+00  -6.7434e-01
 -8.2818e+00   1.5795e+00
 -1.5546e+01  -2.1024e+01
  1.5184e+01   3.6447e+01
 -2.4300e+01   1.2457e+00
  2.7579e+00  -8.1520e+00
  3.1102e+00  -2.9210e+00
  1.1278e+00  -5.0704e+00
 -6.8836e+00   1.1258e+00
  1.8623e-01  -4.8737e+00
 -4.5495e+01   2.6603e+01
 -7.2810e+00  -8.7201e+00
 -6.4634e+01  -4.6854e+00
 -1.2438e+01   1.2869e+01
 -4.4141e+01   1.2542e+01
  4.1561e+00   3.1970e+00
 -4.6500e+00   4.3800e+00
  3.8760e+00   2.1466e+00
  9.9841e+00  -2.2638e+01
 -1.7359e-01  -6.4280e+00
 -2.1264e+00   1.7367e+00
 -7.0811e+00   2.6077e+00
 -2.3571e+01   1.8924e+01
 -6.2217e+00  -7.6133e-01
 -3.1215e+00  -4.6477e-01
  2.8133e+01  -1.5198e+01
  1.2530e+01  -3.4628e-01
  2.9156e+00   5.4790e-02
  3.8960e-01   2.0474e+00
 -8.5078e-02  -7.6101e+00
 -1.0314e+00   1.8079e+00
 -9.8914e-01   3.8173e+00
 -3.9300e+00   1.2334e+01
 -1.1228e+01   1.2696e+01
 -3.5312e+00  -2.8659e+00
  9.8585e+00   5.9887e+00
  1.8291e+00   1.3900e+00
  5.8981e-01  -6.6578e+00
  1.1395e+01  -7.9512e-01
  2.9988e+00  -4.7953e+00
 -4.4033e+00  -9.3833e+00
  5.5521e+00  -1.6962e+01
  3.7934e+00  -2.9679e+00
 -7.8811e-01   4.2022e+00
  7.7437e-01  -4.2630e-01
  3.2626e-01   3.0490e+00
 -9.2992e+00  -2.8795e+01
 -1.7337e+00   4.4728e-01
  7.5206e+00   7.6111e+00
 -3.1159e+00   3.5636e+00
 -9.6010e+00  -8.1909e+01
  4.7729e-01   4.3402e+00
 -2.6693e+00  -4.2984e+00
  7.0081e+02   6.6830e+02
 -1.5459e-01  -2.6214e+00
 -1.9953e+00   3.9515e+00
 -8.8425e+00   2.3171e+00
  2.8738e+00   9.9349e+00
 -9.1380e+00  -5.6233e+00
  1.9760e+02   6.8201e+02
  5.0333e+01  -4.4299e+01
 -1.9363e+01  -5.1940e+00
  4.4038e+00  -1.7871e-02
  4.0160e-01   2.7763e+00
  3.8709e+00  -4.8107e+00
 -5.8149e+01  -9.1599e+01
  1.6991e+01   3.4534e+01
 -6.6236e+00  -1.7742e+01
 -4.3800e+02   2.8294e+02
 -2.6323e+00   3.8627e+00
  2.2797e-01   6.0663e+00
  1.2307e+01   8.5587e+00
  2.7087e+00  -4.9181e+00
 -4.7552e+01   5.0869e+01
  6.2050e+01   1.2226e+01
 -1.4193e+01   5.3820e+00
 -2.4142e+01  -3.8419e+01
  5.2985e+00  -2.4338e+01
  4.0624e+00  -2.0272e-02
  3.7115e+00   6.1206e+00
 -2.0428e+00  -2.7210e+00
  5.8447e+00  -3.0147e+01
 -1.0675e+01   2.3352e+00
  2.8501e+00   3.9351e+00
  1.9173e+00   2.2568e-01
  7.5376e+01   8.8057e+01
 -7.6813e+00  -7.1258e-01
 -8.2372e+00   1.4276e+01
  7.0540e+00  -2.5760e+01
 -5.6722e-01   4.7565e+00
 -8.5454e-01   4.6656e+00
 -2.8604e+00  -2.3664e+00
  4.6945e+01  -1.2768e+02
  2.2344e+00  -9.9559e-01
 -4.2817e-01  -1.1404e+00
  1.0679e+01   7.3693e+00
  3.0098e+02  -2.6964e+02
 -5.3522e+00   3.5624e+00
  1.9588e+01   6.3815e+01
  1.7928e+00  -6.0645e+00
 -1.6233e+01  -4.7956e+00
 -6.9517e+01  -1.1373e+02
 -3.7365e+00   3.3750e+01
 -6.4290e+00   8.2598e+00
  1.5693e+02   8.3897e+01
  7.3501e-01  -3.2109e-01
  1.0799e-01  -2.8415e+00
 -8.7522e+00   2.2870e+01
 -3.0797e+01  -2.2507e+01
 -4.3120e-01  -9.7707e+00
 -4.3990e+00  -6.9479e+00
 -1.3516e+00   2.6353e+00
 -1.0768e+01   6.9771e+00
 -1.3477e+00   6.3946e+00
 -1.6805e+01   1.3617e+01
  2.7104e+01   3.5763e+01
 -1.2509e+01  -1.1650e+01
  3.6350e+01  -1.0543e+01
 -3.6674e+00   1.5197e+00
  2.1393e+01  -3.7070e+01
 -2.4530e+00   3.1908e-01
  1.6983e+02   1.0225e+01
  5.0811e+00   2.0968e+01
 -3.8182e+00   8.9752e+00
  5.2123e+00   8.4271e+00
 -1.2443e+01  -1.1709e-01
 -8.2404e-01   2.4809e+00
  3.1324e+00  -4.7595e+00
 -2.6446e+00  -8.4927e-01
  1.5567e+00  -2.5509e-01
  1.5213e+00  -2.2308e+01
 -4.9899e+00   1.2501e+00
  7.2059e-01   4.6968e+00
 -3.9699e-01  -2.8198e+00
  3.9560e+00   1.7345e+01
 -1.2656e-02  -3.0769e+00
  1.1102e+00   1.2163e+01
 -6.3377e+01  -1.1432e+02
  1.0095e+01   2.6810e+01
  2.3444e+01  -5.3997e+00
 -3.6627e+01   2.0578e+01
 -4.4749e+01   1.6828e+01
  2.4592e+00   1.4301e+00
 -2.1041e+00  -2.0813e+00
  2.3565e+00   6.5300e+00
  3.6471e+00  -1.9212e+00
  7.6150e+00   9.7466e-01
  1.0814e+02   7.0981e+01
  5.5178e+00  -4.7805e+00
  7.7151e+00  -8.7817e+00
 -1.6573e+01  -5.1669e+01
  2.6989e+01  -4.7617e+00
 -8.9951e-01   4.4608e+00
  9.5437e+00  -9.7001e+00
  7.0244e-01  -5.5304e-01
 -5.8738e+00  -3.7797e+00
 -1.4948e+01   7.7259e+00
  2.6232e+00   4.1860e+01
 -9.4956e+00   5.9779e+00
 -6.9268e+00   3.5299e+00
 -2.5573e+00  -1.1600e+00
 -7.2968e+00  -6.1236e+00
  2.7341e+01   1.4970e+00
 -5.3279e-01  -3.8868e+01
 -9.8884e+01   3.0000e+02
  1.1262e+00  -9.7936e+00
 -5.5667e+01   1.0252e+02
 -2.5542e+01  -5.0826e+00
 -8.8261e+00  -2.5790e+00
 -8.9437e+00   5.1020e+00
  1.9437e+01  -7.7027e+00
  1.0937e+01   7.2843e+00
  4.6916e-01   3.9531e+00
 -8.1627e-01  -4.1722e+00
  1.9466e-03  -1.9680e+00
 -1.3089e-02  -9.8655e+00
 -2.0870e+02  -6.5601e+01
 -9.7451e-01  -7.5814e+00
 -4.7360e+00  -2.9497e+01
 -1.3087e+01   5.7275e+00
 -6.9184e+00  -4.4226e+02
  3.0480e+00   1.2637e+00
  4.1376e+01  -2.3244e+01
  3.0201e-01  -5.5308e+00
  2.6790e+00  -2.3426e+00
  9.1745e-01   3.1497e+00
  5.0752e+00   5.0849e+00
  9.1386e-03   1.0361e+01
  2.5943e+00   3.8294e+00
  5.1026e+00   3.4456e+00
  4.9284e+00   8.5498e+00
  3.5617e+01  -4.6782e+00
 -5.5272e+00   1.6579e+00
 -1.5255e+01  -8.9502e+00
 -2.8852e+00  -5.9022e+00
  1.0862e+02  -8.4154e+01
  4.3982e+01  -8.9612e+01
  4.5501e+00  -5.6464e-01
 -5.1789e+01   5.0553e+01
 -4.9936e+00  -8.3353e+00
  4.5113e+00   1.6815e+01
 -1.9064e+01  -9.6951e+00
 -1.3850e-01  -4.0070e+00
  3.0578e+01  -4.8795e+00
 -6.9318e+00   1.7320e+00
  1.2642e+01   1.5579e+01
  4.0067e+00   1.6375e+00
  4.1739e-01   9.7121e+00
 -1.1063e+01   1.0464e+01
 -1.1606e+02  -4.1420e+01
 -5.1509e+00  -2.6159e+01
  2.8539e+01  -9.9407e+00
  1.7994e+01   1.2948e+01
 -7.4071e+00  -3.2700e+00
 -9.0980e-01   2.4233e+00
  1.6718e+01  -1.9796e+01
 -6.8141e+00   5.8856e+00
  7.0884e+00   1.5539e+01
 -1.7848e+01  -2.2846e-01
 -2.7639e+00  -1.1281e+00
  2.4325e+00   6.6308e+00
 -2.0156e+00  -8.4042e-01
 -3.9544e+00   6.9727e-01
 -9.8413e-01   1.1537e+01
 -6.8381e+00   1.6341e+01
  9.1135e-01   3.0188e+00
 -2.3694e+01   2.5921e+00
 -7.6907e+00  -6.6656e+00
  5.2490e+00  -4.1807e+00
 -1.4968e+01  -3.7255e+00
  3.2296e+01   5.6864e+00
  8.7513e+00  -1.2389e+01
  1.4861e+02  -5.4972e+01
 -3.0098e+00   3.4231e+00
 -1.2637e+02   1.5451e+02
 -2.4592e+00   1.5843e+01
 -7.6795e+00  -3.2867e+01
  1.2992e+01   2.6547e+00
  1.5151e+01   1.6152e+01
 -1.3099e+01   1.3953e+01
 -1.0550e+01   9.4762e+00
  9.4309e-01   3.2051e+00
  1.7616e+01   2.1725e+01
 -2.6362e-01   7.3376e+00
 -1.0911e+02  -9.3992e+01
 -1.1278e+01  -3.7004e+00
 -3.2027e+00  -3.8741e+00
  3.2166e+00   2.1093e+00
  1.6469e+01  -1.4077e+01
 -9.2265e+00   3.9604e+00
 -3.2650e+00  -8.2395e+00
 -1.4618e+01  -2.7070e+01
  1.1070e+02   8.6984e+01
 -1.9729e+01   5.1026e+02
 -4.8570e+02  -2.1145e+02
  2.3253e+00   3.3792e-01
 -2.7932e+01   1.7710e+01
  1.5609e+02  -7.1463e+00
 -1.2150e+01  -5.4058e+00
  2.4799e+02  -1.3342e+02
  2.9841e+01  -1.1618e+01
  2.1123e+00   6.9187e+00
  7.9286e-01  -4.0804e+00
  6.7518e+00   6.1306e+00
 -2.0067e+01   1.5163e+01
 -1.7427e+01   1.8300e+01
 -9.6291e+00   2.8166e+01
 -5.2336e+00   1.0339e+01
 -9.1021e+00  -7.1947e+00
 -9.4422e-01   1.3580e+00
 -3.8135e+00  -4.2467e+00
  9.4600e-01  -6.6691e+00
 -3.8151e+00   4.6398e+00
 -2.8785e+01   2.7022e+01
 -4.4911e+01   6.7549e+01
  1.2537e+01   1.3972e+01
 -3.3584e+00   1.8479e+00
  7.6643e-01   2.3532e+00
 -1.9684e+01   3.6326e+01
 -1.3892e+02   6.0771e+01
 -2.4951e+00   1.2106e+02
  7.6623e-01   3.9940e+00
  3.5602e-02  -3.4300e+00
  3.8454e+01   8.0727e+01
 -1.5335e+02  -9.3010e+01
  2.6558e+00   1.5616e+00
  6.8460e+00  -3.5458e+01
  3.3554e+00  -7.1126e-01
 -2.7654e+00   1.9336e+00
  4.9835e+00   4.7236e+00
 -3.5516e+01  -3.4666e+01
 -1.8431e+01   3.1180e+00
 -6.7360e+00  -3.7372e+00
  5.9732e+00  -8.1330e+00
  3.9820e+00  -1.4002e+00
 -1.5254e+00   6.7999e+00
  6.1631e+00   4.0272e-01
  1.1814e+02   3.3853e+00
 -3.1990e+01  -4.3441e+00
 -8.6822e+00   2.0388e-01
  8.3370e+01   1.1799e+02
 -1.1585e+02  -4.4353e+01
 -6.1139e+00  -1.8364e+01
  5.4262e+00  -5.5655e-01
  6.1559e+00  -1.2430e+02
  5.9805e+00  -7.9147e+00
  3.7798e+01  -2.8186e+00
 -5.6301e+00   7.2228e-01
 -1.7855e+01   2.7689e+01
  1.1260e-01   2.6911e+00
 -1.0277e+00  -1.2476e+00
  6.0364e+01  -1.4988e+01
  2.4450e+02   2.8188e+02
 -1.7789e+01  -2.6315e+01
  4.8919e+00   1.0242e+00
  8.7419e-01  -3.4058e+00
  2.5233e+00  -8.2064e+00
  2.9172e+00  -7.2914e-01
 -9.9289e+00  -4.5738e+00
  4.2422e+00  -1.1601e+00
  3.2732e+01   1.1528e+01
 -4.2339e-02  -4.7141e+00
 -4.3889e+00   3.4907e+00
 -2.6856e+00  -1.5153e+01
  2.6744e+01   1.1813e+01
 -1.0204e+01  -2.5278e+00
  6.7015e+00  -1.2570e+00
  6.7408e+00   2.9228e+01
  1.2350e+01   1.0897e+01
  6.2525e+00   8.7986e+00
  3.5531e+00  -5.9941e+00
 -5.8068e+00  -1.6260e+01
  5.5316e+01   2.3318e+00
  6.9221e+00  -1.4976e+01
  5.1235e+00  -9.7654e+00
 -3.8384e+00   3.1036e+00
 -7.4068e+00   6.5270e+00
  5.1485e+01   1.3174e+01
 -5.8967e+01  -1.0734e+01
  3.0384e+00  -1.1843e+00
 -3.5454e-01   1.2043e+01
  1.6567e-01   1.9874e+00
 -5.5110e+00   1.3724e+00
  4.2422e-02  -6.9645e+00
 -2.7294e+00  -5.2614e-01
  3.6296e+00   1.9802e+00
  2.9165e+01  -3.1563e+01
  3.4697e+00  -1.9962e+00
  1.6911e+00  -1.8205e+01
  1.4561e+00  -2.7679e+00
  1.7156e+01   5.2596e+01
 -1.2901e+01   1.0903e+01
 -1.8976e+00   6.4150e+00
 -7.9257e+00   3.3238e+00
 -3.6046e+01  -5.5017e+01
 -4.2310e+01  -8.1963e+01
 -1.3247e+01   3.0144e+01
 -1.8642e+00   7.9821e+00
  9.3344e+00   8.6134e-01
  7.0152e+00  -6.2406e+00
  1.4288e+01  -1.2606e+01
  1.2506e+01   9.2276e+00
  4.5747e+00   4.5769e+00
  1.4409e+00  -3.5896e-01
  5.2952e-01   2.2916e+00
 -2.2052e+01  -3.7242e+00
 -1.2769e+01  -2.2103e+00
  3.6007e-01  -1.9954e+00
 -2.8861e+01   4.4692e+00
 -2.3335e+00  -4.3094e+00
  3.9726e+00   3.2373e+00
  1.2349e+02   4.9655e+01
 -1.9997e+01  -1.0797e+01
 -1.2466e+00  -5.4349e-01
  1.9816e+01  -1.6658e+01
 -1.2599e+00  -3.3802e+00
  5.3315e+00  -1.8447e+00
  2.2685e+01  -8.3080e+00
  6.1552e+01  -4.9581e+01
  1.1156e+00  -7.0117e-01
 -2.6217e+01   9.9709e+00
 -3.2918e+01  -1.1667e+02
  1.2276e+01   9.0617e+00
 -6.1658e+00  -2.9028e+00
 -2.2853e+01  -1.8566e+01
 -6.1589e+00  -1.1388e+01
  1.2217e+01   6.1394e+01
  2.4398e+01  -4.8312e+01
 -3.8360e+01   1.8744e+01
 -2.1125e+01   1.7095e+01
 -1.6836e+00  -1.8236e+00
  5.9638e+00  -7.3422e+00
  3.4190e+00   1.8920e+00
  1.0779e+00  -2.9884e+00
 -7.4229e-01  -1.2920e+00
  3.9743e+02   4.3474e+01
 -7.9814e+02  -2.8355e+03
  9.7682e+00   4.7841e+00
  6.2181e+01   4.5138e+00
  5.2683e+00   4.8603e+00
 -1.8146e+01   5.5121e+00
 -2.0541e+00  -3.1105e+01
  4.3581e+00  -3.6776e+00
  2.2654e+01   1.3134e+01
 -4.9081e+00   3.2299e+00
  3.4878e+01   1.4244e+01
 -9.2068e+00   7.1915e+00
  1.3031e+02   1.4484e+02
  4.9513e+00   5.4807e-01
  2.1930e+01  -1.2358e+01
 -2.3282e+00   1.3067e+01
  1.1187e+01  -2.0887e+01
 -2.7876e+01   4.0611e+01
  1.2449e+01  -4.1850e+00
  3.3869e+01  -3.7282e+01
 -4.9678e+01  -1.7367e+00
 -2.2538e+00  -1.7680e+01
  1.4987e-01   1.2809e+00
 -2.6696e+00   4.2923e+02
  4.6283e+01   3.6188e+01
  2.0385e+00   4.3494e+00
  1.1861e+01   3.9571e+00
 -2.8066e+00  -1.9122e+00
  9.7985e+00   2.9584e+00
  2.5409e+00  -6.4039e+00
 -4.5581e+00  -1.3689e+00
 -1.2848e+01  -9.5267e-01
  2.1129e+02   6.7084e+01
  3.1407e+00   6.9758e+00
 -1.1574e+01  -3.2344e+01
 -1.8896e+01   8.2916e+00
 -5.6855e+01  -3.0457e+01
  7.3646e+01  -2.0850e+01
 -1.0752e+01  -1.0828e+01
 -4.4238e+00   1.1137e+01
  7.6864e+00   5.2053e+00
 -6.2637e+00   2.3127e+00
  4.8754e+00   3.4535e+00
 -2.0292e+00  -3.4066e+00
  6.0811e+00   9.8801e+00
  1.4734e+00   4.8175e+00
 -1.3157e+01   5.3529e+00
 -9.4333e+00  -1.7660e+01
 -5.1448e+00   2.8738e+00
  4.9094e-01   3.6534e+00
  2.0572e+01   1.5398e+01
  7.0441e-01  -5.1216e-01
  4.2531e+00  -3.7831e+00
  2.1427e-01  -2.4818e+00
 -9.1769e-01  -6.9075e+00
 -8.2405e-01   2.8961e+00
  2.2563e+00   1.7223e+01
 -1.7121e+01  -2.1118e+00
 -5.1656e-01   3.1161e-01
 -1.2711e+01   2.0241e+01
  1.6170e+01   5.6443e+00
 -5.3187e+00  -1.6008e+01
 -1.5505e+03  -3.1752e+03
 -4.0380e-01   8.9820e+00
  1.0203e+01  -2.1584e+00
  2.5917e+01   2.0172e+00
 -1.2914e+00   5.7216e+00
  3.7760e+00  -1.4493e+01
  2.3297e+00  -3.7591e+01
 -1.2737e+01  -3.0010e+01
 -8.2911e+01   1.3964e+01
  3.4432e+00  -1.5351e-01
 -1.3766e+00  -3.5106e+00
  9.4905e+02   2.2467e+01
 -8.2479e+00  -7.0971e+00
  2.0190e+01   3.0383e+01
 -7.7439e+00  -7.9983e+00
 -2.9656e+01  -2.7108e+00
 -4.9779e-01  -1.1749e+01
  2.1173e+01   3.4178e+01
 -1.6818e+01  -3.6548e-01
 -1.0479e+01  -2.2916e+00
 -6.0851e-01  -1.3522e+00
  2.9791e+01   9.7362e+01
  2.0503e+01  -2.1748e+01
 -3.0182e+00   9.2304e-01
 -2.2724e+00  -9.5516e-01
  2.6025e+00   1.7268e+01
 -9.7010e+00   1.8844e+01
 -2.8620e+00   3.4381e+00
 -3.0563e+02  -2.7180e+02
  1.2353e+02  -1.5231e+02
 -5.3210e+00  -3.1407e+01
 -1.1757e+00   1.2947e+01
 -1.8699e+00  -9.2961e+00
  7.6435e+00  -7.4846e+00
  5.6412e+01   2.7657e+01
  1.0549e+01   8.5412e+01
  8.9572e-01  -2.4211e+00
  2.5213e+01  -5.3867e+01
  9.4364e+00  -1.6098e+02
  1.3711e+01  -7.8242e-01
 -2.8822e+00   1.2246e+00
  4.5970e+00   5.7169e+00
 -3.5769e-02  -2.3291e+00
  6.1767e-01  -3.6701e+00
 -5.2821e+00  -1.6983e+00
  5.0133e+00  -3.5889e+00
  1.0307e+01   8.2773e+00
  1.0300e+02   1.8533e+01
  1.6969e+01  -9.0029e+00
 -1.1031e+00  -1.4829e+01
  3.5875e+00  -4.0125e+00
 -5.1636e+01   8.9433e+01
 -5.7804e+00  -4.3753e+00
  2.3015e+01   1.4971e+01
 -2.0836e+01   1.6952e+02
  2.1367e+01   4.6395e+01
  1.0852e+01   3.6868e+01
  5.1133e+00  -2.6701e+00
 -3.3104e+00   2.6168e-02
 -2.3246e+01  -1.0070e+02
 -5.1150e+00  -3.4447e+00
  1.1288e+00   2.4352e-01
 -8.0654e-01  -1.2234e+00
 -1.1260e-01  -2.5740e+00
 -7.7050e+00   1.4045e+01
  1.3704e+00  -3.2189e+00
  2.0298e+01   2.0016e+01
  8.1115e+00   4.8665e+00
  1.8441e+01  -1.4583e+02
 -2.0142e+01  -2.7103e+01
  5.2706e+01   4.2668e+00
 -2.1169e+01   1.3031e+01
  5.5098e+01   1.7319e+01
 -7.9027e-01  -1.9206e+00
  8.3760e+00   8.6071e+00
  1.7338e+00   6.3676e+00
 -1.3604e+01   1.1476e+01
  9.5157e+00   9.3691e+00
 -1.8216e+01  -4.7446e+00
  2.0189e+01  -1.7096e+01
  2.7914e+00   6.3970e+00
 -6.2732e-01   6.4144e+00
  7.0417e+01  -2.0610e+01
 -2.2892e+01   1.5165e+01
 -1.1956e+02   9.1994e+01
  3.5844e+00   5.9576e+00
  1.6196e+00  -8.3582e+00
 -1.6246e+01  -5.0121e+00
  4.9590e+01  -1.5988e+01
 -3.6664e+01  -1.0576e+01
  4.8667e+01   1.5184e+01
 -3.7148e+00  -1.7910e+01
 -1.0419e+01  -9.1169e+00
 -2.7170e+00   3.1314e+01
 -2.4231e+02   8.8954e+01
 -6.8460e+02  -6.7118e+02
  8.8941e+00  -7.0123e+00
  4.9728e+00   2.9137e+00
  7.5903e+00   1.8301e+01
 -3.7441e+00  -1.0077e+01
 -6.2426e+00   1.8213e+01
  1.3889e+01   9.1100e+00
 -6.8040e+00  -2.2279e-01
 -3.8205e+01  -4.2661e+01
  3.0692e+02   2.8295e+02
 -9.2080e+00   1.1091e+02
  1.7607e+01   4.7106e+00
  5.8371e+00   1.1167e+01
 -7.6321e+00  -5.9687e-01
 -1.1049e+02  -1.7614e+02
  2.7814e+01  -2.0145e+01
 -6.0610e+00   1.1973e-01
 -2.7173e+00  -1.0281e+01
  3.7400e+01   3.8173e+00
 -5.1246e+01  -2.5641e+00
  5.1436e+00   1.9453e+00
  2.9379e+00  -2.0573e+00
 -7.3097e+00   3.9475e+00
 -1.5036e+02  -1.5010e+02
 -3.4685e+00  -9.0510e-01
  2.0753e+01  -1.4848e+01
 -5.7921e-01  -2.9108e+00
 -4.8935e+00  -5.3088e+00
 -2.2913e+01  -1.0265e+00
 -3.5208e+00  -1.9578e-01
  9.3825e-01  -1.2743e+00
  6.8076e+00   1.2714e+01
  1.5520e+03   3.1778e+03
  1.4777e+00  -4.1462e-01
 -5.1787e+00  -2.5118e+01
 -3.9541e+00   1.7241e+01
  8.4795e+00   2.3067e+00
 -1.9094e+01  -7.4675e+00
 -1.4426e+01   5.5107e+00
 -1.3711e+00   3.2441e+00
  5.8407e+00  -1.5039e+01
 -6.1798e+00  -4.0771e+00
  4.4038e+00   1.0990e+00
  6.0218e+00  -3.2085e+00
 -1.7958e+01  -1.2056e+00
 -3.0492e+01   1.7686e+01
 -4.7177e+00  -1.5389e+01
 -9.5630e+02  -2.6631e+01
  3.5163e+00  -1.0846e+00
  4.8702e+00   9.7163e+00
  6.9351e+00  -1.1994e+01
 -1.9193e+01  -2.0750e+00
 -2.4132e+01  -2.7844e+00
  7.4403e+00   1.7588e+01
 -2.6139e+01  -4.0690e+00
 -5.2156e+01  -3.4913e+00
 -9.6766e+00  -1.8221e+01
 -9.7567e+00  -7.1159e+00
  6.1866e+01   3.4962e+01
  2.2525e+01  -7.6315e+00
 -6.6016e+00   1.2097e+01
 -3.6426e+00   6.0015e+00
 -4.8271e-01  -1.1598e+00
  3.3095e-01   1.2860e+00
 -5.4225e+00   3.4154e-01
  4.1284e-01  -1.2492e+00
  2.5215e-01   9.4939e+00
 -1.2297e+01   2.9149e+01
  8.0242e-01   3.6750e+00
  1.6326e+01   1.9676e+00
  3.8906e+00   9.6735e+00
  9.5690e+00   3.9412e+00
 -1.1897e+01   5.8793e+00
  2.3453e+00  -3.0920e+00
 -5.9347e+01  -1.1557e+00
  2.3960e+00   2.6188e+00
  1.1387e+00  -1.8060e+01
 -2.9938e+00   5.3915e+00
  1.8431e+01  -1.6427e+01
 -1.0265e+01   2.7790e+00
 -2.3591e-01  -1.6728e+00
  9.4072e+00   2.0987e+00
  1.1670e+01  -5.1364e+00
  2.4368e+01   7.4221e+00
  8.0910e+00   3.0593e+00
  1.4813e+00  -6.6603e+00
 -1.0647e+01   3.2836e+00
  1.1235e+01   3.4775e+00
 -4.7901e+01   1.5498e+01
  4.3414e+00   3.9377e+00
  1.2810e+01   2.1340e+01
 -2.6646e+02   4.5766e+02
 -7.5957e+00   5.1225e-01
  7.6632e+00  -1.0015e+01
  5.3159e-01  -7.5899e-01
 -2.0033e+00  -1.7941e+01
 -1.1376e+01   4.8275e+00
  7.5350e+00   1.1725e+00
 -8.4554e+00   3.3647e+00
  4.4954e+00   4.9018e+00
 -7.9980e+00   2.4016e+00
  3.2657e+00  -2.1683e+01
  2.6937e+01   1.0026e+01
 -1.7641e+00  -6.4350e+01
  1.2013e+01  -9.8751e+00
  1.3964e+00  -3.9155e+01
 -6.1316e+00   1.5835e+00
  3.2502e+01   1.3673e+01
 -2.9155e+00   2.9809e+00
 -4.0058e+00   3.4719e+00
 -4.2017e+00   4.7552e+00
 -4.2123e+00   1.7271e+00
  6.2967e+00   4.1510e+00
  6.3446e+00   5.5548e-01
 -3.5891e+00   4.4865e-01
  3.9626e+00  -3.8138e+00
  3.1554e+00   4.5321e+00
  5.6377e+00   8.1829e+00
 -5.8195e-01   1.1690e+01
  3.9872e+01   3.7253e+01
 -9.9688e+00  -8.1116e+00
  1.7455e+00   3.8070e+01
 -7.5576e+00   3.8256e+00
 -2.9882e+01   1.8457e+01
 -1.9818e+00  -1.4536e+00
 -1.4241e+02   2.4229e+01
  1.2399e+01   4.5679e+00
  1.1169e+01  -1.1602e+01
  1.1924e+01   6.9559e+00
 -4.8823e+00   4.1982e+00
  5.0770e+00  -5.7212e+00
 -4.2055e+00  -2.2711e+00
  3.0832e+01  -2.0114e+01
 -2.3053e+00   5.6205e+00
 -4.4791e+00   5.8567e+00
  6.3415e+00  -3.3172e+00
 -3.2057e+00  -8.8098e+00
 -6.2623e+00   2.0965e+00
 -1.8657e+00   4.8048e+00
 -6.8981e+00  -7.3436e+00
  4.2986e+00  -1.2929e+01
 -4.6491e+01  -3.2659e+01
 -7.1694e+00  -1.0971e+02
 -3.1926e+02   2.9623e+02
 -2.8616e+00  -2.1966e+00
 -3.5535e+00  -4.7831e+00
  2.9725e+00   1.6297e+01
  4.2267e+01   3.3374e+01
 -7.2803e+00   3.8865e+00
 -4.1321e+00  -1.2051e+00
  5.2603e+00   6.6854e-01
 -1.8305e+00   3.0620e+00
 -6.6613e+00  -8.5275e+00
  2.5261e+00  -4.8073e+00
  1.1834e+01  -3.0089e+00
  8.6546e-02  -7.6099e-01
  2.8454e+01  -4.6529e+00
 -7.0615e+00  -3.2534e+00
 -9.2148e+00   2.6954e+00
 -1.5641e+00   3.0133e+00
 -2.4881e+02  -2.8224e+02
 -2.6806e+00  -2.6468e+00
 -6.2650e-01   1.5598e+00
 -2.5752e+00   2.4787e+00
 -5.1755e+00  -1.8457e+01
 -6.1768e+00  -6.9734e+00
  2.4665e+00  -1.2356e+00
 -4.1471e+01  -5.1708e+01
 -2.7982e+01  -1.3586e+01
  1.5661e+01  -1.3313e+01
  8.7525e-01  -1.5720e-01
 -2.1990e+02  -4.9285e+01
  1.8903e+01   2.2669e-01
 -4.0732e+00  -9.0865e+00
 -7.2899e+00   7.0830e+00
  2.9527e+00   5.7937e-02
  2.2925e+00  -6.6858e+00
 -6.4974e+00   3.8261e+01
 -7.4573e-01   3.8928e-01
  5.4127e-01   1.1233e+00
 -2.1762e+01   1.4408e+02
  6.8133e+00  -3.8039e+00
  4.3043e+01  -2.5249e+01
 -2.0699e+01   3.3130e+01
  3.9103e+00   3.8343e+00
  1.7213e+01   1.5346e+00
 -1.8466e+00   1.0109e+01
 -2.4797e+00  -6.4912e+00
 -2.2110e+01   5.4023e+01
  3.9307e-01   3.2803e+01
  2.6177e+00  -1.2624e+00
 -3.0002e+00   3.0056e+00
 -2.1748e+00  -1.1470e+00
 -5.7294e+00   1.6090e+01
 -2.7143e+00  -4.0028e+00
 -2.5653e+01  -1.7540e+01
 -8.2577e+00  -8.7443e+00
 -2.8221e+01   2.5242e-01
 -1.3262e+01   1.6151e+01
 -9.1768e-01   1.3061e+00
 -8.4155e+00  -1.7052e+01
  2.5000e+00   8.1979e-02
 -1.0424e+01  -3.9299e+01
  1.8749e+01  -4.2043e+01
  7.4948e+00   4.2638e+00
  7.0312e+00   2.8330e+01
  4.5582e+00  -5.5261e+00
 -2.2372e+01  -1.1771e+01
 -4.8151e+00  -9.6191e+00
  1.3848e+01  -9.0108e+00
  6.3682e+00  -6.0045e+00
 -3.8814e+00   4.6420e+00
  3.6915e-01  -4.1222e+00
 -2.6157e+00  -4.7485e+00
  1.0854e+00  -2.2481e+00
  5.6715e+00  -4.1126e+00
  1.2914e+00  -8.0312e+00
 -1.3958e+00  -1.8224e+00
  2.3509e+01   3.5624e+01
  2.9008e+00   6.8936e+00
 -3.2791e-01  -2.0432e+00
  3.2264e+01  -1.3071e+01
 -1.9153e+00  -1.4326e+01
  6.1215e+01  -1.0482e+02
 -1.0357e+01   1.2256e+01
 -9.6637e+00  -4.1785e+00
 -1.1115e+01  -5.9968e+00
  5.0085e+00   1.1867e+00
 -4.5861e+00  -2.4627e-01
 -2.9631e+00  -2.8030e+00
 -3.5622e+01   3.7046e+01
 -8.8356e+02  -3.0788e+01
 -1.6842e+02  -2.8674e+00
  4.5010e+00  -5.1852e+00
 -1.6191e+00  -2.2107e+00
  1.1725e+01   2.4336e+01
  3.3834e+02  -4.2108e+02
  1.2381e+01  -1.5753e+01
  4.6322e+02   2.2002e+02
 -4.0443e+02  -1.6882e+01
 -6.4012e-01   1.3672e+00
 -5.1425e+00   1.2944e+01
 -8.9761e+01   2.3825e+02
 -2.8121e+01  -3.5320e+01
 -2.2688e+01  -8.9731e+00
  4.6279e+00  -7.0263e-01
 -1.4923e+01   1.3684e+00
  2.6012e+02  -6.9949e+02
  1.7485e+00  -6.7849e+00
 -4.9276e+00   1.0322e+01
  9.5621e+00   2.4638e+00
 -2.7086e+01  -3.6655e+01
 -1.5961e+00  -1.6461e+00
  2.4464e+00   5.2890e-01
  4.8301e+00  -5.7513e+00
 -1.3762e-01   2.9438e+00
  3.0416e+01  -5.0776e+01
  1.0476e+01  -5.0584e+02
  4.6520e+01   5.4491e+01
 -2.8013e+00   5.8344e-01
  1.2047e+00   9.2074e+00
  6.1861e-01   2.3088e+00
  3.4824e+00   9.8029e+00
  2.0930e+01   5.9814e+00
 -2.4818e+00   1.5614e+01
  1.8786e+01  -5.0733e+00
 -3.1182e+01   3.7501e+01
  1.7214e+01   1.4000e+00
  2.6049e+01   6.7879e+00
  2.0582e+00   3.2564e+00
  5.0863e+00   1.1625e+01
  1.6134e+02   9.5407e+01
 -5.0708e+00   1.5565e-01
  2.8538e+01   7.9146e+01
  1.4233e+01   4.2158e+00
 -3.2478e+01  -3.0708e+01
  2.0684e+00  -1.7918e+00
  1.8241e+00   6.3001e-01
  5.3123e+00   3.2207e+00
 -6.4035e+01  -2.5073e+01
  8.3294e+01  -3.3942e+02
 -2.7708e+00  -1.6542e+00
 -1.1157e+01   9.8237e+00
  1.6780e+01   2.9632e+00
 -1.7720e+01  -1.1131e+01
  2.0090e+01   1.5630e+00
  5.9213e+00  -1.3555e+01
  1.1394e+00  -1.3310e+00
 -2.0837e+02  -6.8658e+02
 -5.1385e+01  -5.8103e+01
 -1.1446e+01   7.6873e+00
 -3.1038e+01   6.7575e+00
 -3.6845e+00  -2.0887e+00
 -1.1140e+01   1.5228e+00
 -4.0636e+00  -4.7626e+00
 -9.5408e+01   6.9841e+01
 -1.9629e+00  -7.1097e-01
 -4.9219e+00   3.0427e+00
  5.0763e+00  -6.0018e-01
  1.0348e+01  -1.9242e+01
 -8.9592e+00   3.0409e+01
 -5.8900e+00   3.1312e+01
  2.6215e+01  -1.3345e+01
  7.5382e+01  -2.4045e+02
 -2.3563e+02   1.0381e+02
 -1.6429e+00   1.2480e+00
  5.2647e+00  -1.9280e+00
 -4.9369e+00  -8.7076e+00
 -6.3862e+00  -2.4459e+01
  4.7851e+00  -1.0450e+01
 -2.0434e+01  -1.2272e+02
 -3.4374e+00   3.3659e+00
  1.4381e+02   1.5759e+02
  6.1158e+00   5.4033e+00
 -7.4434e+00   4.6392e+01
  7.8457e+00   1.4861e+01
 -4.9795e+00  -2.4329e+01
  1.0715e+01  -2.7681e+01
  3.4651e+00  -5.2649e+00
 -4.6714e+00  -1.8882e+00
  8.0372e+02   2.8255e+03
 -3.5754e+00  -1.7930e+01
  7.3170e-02  -5.1109e+00
  1.9710e+00   6.0346e+00
  5.6941e+00  -2.6870e+00
 -3.2797e+01   6.3160e+00
  2.9092e+00  -3.6263e-01
  2.1407e+01   8.7187e+00
  2.4388e+01   5.9718e+01
 -8.7251e-01  -3.7297e+00
 -3.7266e-01   2.2765e+00
 -2.8911e+01  -3.8298e+01
 -2.6482e+00   4.0989e+00
 -4.9792e+01   4.1495e+00
  9.1173e+00  -3.8602e+01
  1.3570e+00  -5.6530e+00
 -1.6848e+01  -5.5012e+00
  1.5436e+01   4.6035e+01
 -4.8994e+00  -4.4009e+00
 -5.0279e+01   9.7432e+00
 -9.7326e+00   6.6036e+00
  4.8566e+00   4.7995e+00
 -1.2220e+01   5.3471e+00
  3.3871e+00   1.6702e+00
