  2.6228e+01  -4.0546e+01
  3.0779e+01  -5.2165e+00
  9.8295e+00   7.1631e+01
 -2.4632e+01  -5.0335e+01
 -4.3678e+02  -5.3245e+02
 -1.9578e+01  -7.7562e+01
 -4.7861e+00   1.2102e+01
 -1.1288e+00   5.0447e+01
 -1.4495e+01   6.4155e+00
  2.8443e+01   1.2026e+01
 -4.1586e+01  -4.7023e+00
 -5.9209e+01  -4.9922e+01
  2.3454e+02   1.5680e+01
 -4.0530e+02  -2.2670e+01
  5.7368e+01   8.5028e+01
 -1.5391e+02  -4.0123e+01
 -4.2678e+00  -1.1674e+01
  9.8495e+01   6.3559e+01
 -2.2842e+01  -4.5168e+00
  1.9902e+01  -3.9122e+01
  1.8389e+02   4.4016e+01
 -6.9575e+01   3.6117e+01
  2.9542e+01  -2.0948e+01
  1.0115e+02   7.4238e+01
 -1.8210e+02  -6.8857e+01
  1.2518e+01  -3.5497e+01
  7.4683e+02   2.0140e+02
 -1.1471e+03   2.9843e+03
  1.6628e+03  -1.0704e+03
  1.1133e+01   6.1661e+01
  2.0774e+02   1.0042e+02
  5.8091e+00   9.5760e+01
 -6.2095e+00  -1.4354e+01
  3.4703e+02   1.7058e+01
  3.2707e+00  -5.6383e+01
  2.8665e+01  -9.5010e+00
  3.1494e+02   6.4058e+02
  8.7307e+00   1.1300e+01
  1.9254e+00   6.5191e+00
 -2.0090e+01   1.1399e+02
 -7.0560e+01   4.7717e+01
 -2.6936e+00  -3.8554e+01
 -4.8087e+01   4.8267e+00
  4.5060e+01   2.2205e+01
 -4.7427e+02  -1.8404e+02
 -1.1577e+02  -5.1990e+01
 -3.7634e+00  -9.5648e+01
 -1.0464e+02  -8.0261e+01
 -1.2090e+01  -2.5692e+01
  1.0115e+02  -4.9205e+01
 -3.2739e+02   3.2277e+02
  2.5924e+01   7.9386e-01
  4.2530e+01   2.6086e+01
  2.6218e+00   2.0105e+00
 -4.2575e+01  -1.8381e+01
 -4.6964e+01   4.8154e+01
  1.1367e+01   5.8115e+01
 -1.7327e+01  -3.3904e+01
 -2.6247e+02   6.1227e+01
  8.6965e+01   1.7839e+02
 -4.7193e+01  -3.9097e+00
 -2.3891e+02   1.0310e+01
 -5.8166e+01   1.8208e+01
  9.4552e+02   4.5463e+03
  9.1088e-01   8.6671e+01
 -5.5921e-01  -3.4955e+01
 -1.7495e+01  -5.5724e+00
 -1.2062e+01  -9.7686e+00
  3.1639e+03   9.7367e+01
  2.7937e+01   5.4583e+01
  8.7730e+00   2.4433e+01
  2.4889e+01  -2.2013e-01
  2.4578e+00   2.2106e+01
  9.0765e+01  -8.6692e+01
  7.8052e+02  -3.3488e+02
  1.6836e+02  -8.4850e+01
  1.0800e+00   3.4873e+01
  3.4923e+01  -8.8508e+01
 -2.0669e+01   2.0901e+01
 -6.3969e+01   1.0208e+01
  7.0224e+01  -1.0222e+02
 -4.7828e+01  -2.5622e+01
 -1.1454e+02  -2.1396e+02
 -2.1861e+01   1.7080e+00
  5.8011e+01   4.3450e+01
  4.7864e+01  -3.3136e+01
  1.8271e+02   3.5071e+02
  2.0973e+01  -2.4521e+01
  1.6600e+01   3.1631e+01
 -6.6223e+01   8.1699e+01
  3.4321e+01   2.7128e+00
  2.3264e+01   1.2511e+01
 -9.3204e+01  -1.3602e+01
  1.4060e+02   7.5626e+01
 -7.3041e+00   9.9532e+00
 -1.1349e+01  -1.8664e+01
  1.5784e+02  -8.2828e+01
  3.5022e+01  -1.4962e+02
  7.4909e+00   1.6422e+01
 -1.9366e+02  -7.6644e+01
 -2.6376e+01   1.3661e+01
 -7.7838e+02   6.5455e+03
  1.7769e+01   2.5833e+01
 -3.8834e+00   2.2080e+00
  1.3839e+01  -5.9976e-01
 -1.2111e+01  -6.3897e+00
 -4.7437e+01  -6.8260e+01
  4.9278e+01   1.2053e+02
 -9.0167e+01   7.2836e+00
  3.8976e+01  -2.1611e+01
  1.1328e+01  -3.2863e+01
  2.4929e+00  -2.6565e+01
 -6.6957e+01  -7.1046e+01
  1.5181e+01  -1.3399e+01
 -1.6271e+02   1.0109e+02
 -1.7049e+01  -2.2525e+01
 -3.1660e+02  -1.1324e+01
 -3.0858e+01   7.0265e+01
 -1.4835e+02   3.7198e+01
  2.9753e+00  -1.3208e+01
 -1.5572e+01   2.5428e+01
  5.5946e+01   1.6633e+00
  2.6829e+01  -6.9332e+01
  8.6611e+00  -3.7207e+01
 -7.3383e+01  -2.0517e+00
 -1.2535e+01  -5.6920e+00
 -7.8474e+01   7.1925e+01
 -2.5861e+02  -1.4791e+01
 -2.0811e+01  -3.6294e+01
  2.2511e+02  -1.2903e+02
  2.7488e+02  -3.4799e+00
 -2.6034e+00  -1.4262e+01
 -2.6262e+01  -1.6635e+01
  3.2115e+00  -1.1859e+01
 -2.4831e+01  -2.7932e+01
 -2.0835e+01   3.9395e+01
 -1.9930e+00   1.6296e+01
 -5.8927e+01   6.5311e+01
  2.8058e+01   6.5890e+00
  1.1113e+01   1.9491e+01
 -8.7844e-01  -5.7875e+00
  2.9595e+01   3.1957e+00
  2.9763e+01   2.7951e+00
 -6.7824e+00  -2.5243e+01
  1.3804e+01  -5.0898e+01
  3.0104e+01  -3.8177e+01
  3.7858e+01   4.2503e+01
 -2.2192e+01  -1.9479e+01
  2.2528e+01  -2.2674e+01
 -4.1294e+01  -2.2417e+01
 -3.5675e+01  -1.4346e+02
 -8.5163e+01  -1.0251e+00
  3.0890e+01   2.9521e+01
  6.7128e+02  -3.8385e+00
 -3.1873e+01  -3.2420e+02
 -3.6874e+01  -7.9117e+01
  6.1450e+00  -6.7926e+01
  2.5016e+03   2.4156e+03
 -6.8713e+02   2.5101e+02
 -1.2006e+02  -1.1113e+02
 -1.2879e+01   1.8909e+01
 -2.9539e+01   4.0315e+01
 -5.0236e+00  -7.6554e+00
  7.1131e+02   2.3958e+03
  1.8440e+02  -1.6335e+02
 -8.1491e+01  -4.0707e+01
  6.2398e+00   2.4039e+01
 -8.8036e+00  -1.1618e+01
  1.0389e+01  -2.5000e+01
 -2.2565e+02  -3.4937e+02
  5.8123e+01   1.8621e+02
 -2.5206e+01  -6.6241e+01
 -1.6716e+03   1.0634e+03
 -1.1366e+01   5.0303e+00
  2.8764e+00   4.8247e+01
  4.6226e+01   5.6664e+01
  1.8409e+01   1.5016e+00
 -1.7101e+02   1.8353e+02
  2.8530e+02   6.0447e+01
 -3.3167e+01  -6.3710e+00
 -1.3286e+02  -1.9647e+02
  5.2587e+01  -9.4293e+01
  3.9502e+01   1.5803e+01
 -7.4172e+00   7.2567e+00
  5.9226e+00  -5.5639e+01
  3.4627e+01  -1.1617e+02
 -4.6228e+01  -8.2681e+00
 -4.2719e+00  -2.3090e+01
  3.3179e+01  -1.5392e+01
  3.6272e+02   4.2743e+02
 -2.3667e+01   2.9861e+00
 -1.5520e+02   1.5078e+02
  1.4552e+01  -7.4479e+01
  1.0478e+01  -1.5356e+01
  4.6828e+01  -3.6942e+01
  1.8645e+01  -3.3791e+00
  1.6250e+02  -4.4734e+02
 -1.1614e+01  -5.5999e+00
  2.8442e+01   3.6387e+01
  2.1028e+01   5.8637e+00
  1.0236e+03  -9.1792e+02
  6.5305e+00   6.9135e+00
  5.8216e+01   2.4925e+02
 -4.6041e+00   2.3506e+01
 -6.3860e+01  -1.3101e+01
 -2.7821e+02  -4.2149e+02
 -1.7717e+01   1.1205e+02
 -3.4467e+01   4.4979e+01
  5.6507e+02   3.1798e+02
 -6.0815e+01  -9.9232e+01
  7.2313e+02  -2.0346e+02
 -2.5125e+01   7.2882e+01
 -1.1189e+02  -8.3384e+01
 -1.9820e+01  -7.0165e+01
 -1.0429e+01  -1.9548e+01
 -1.1362e+01  -4.2123e+00
 -7.5236e+01   5.7994e+01
  3.7660e+00   1.3849e+01
 -6.9808e+01   3.8126e+01
  1.1324e+02   1.1656e+02
 -4.4356e+01  -2.5582e+01
  1.3516e+02  -3.5015e+01
  8.1964e+00   1.7878e+01
  7.5150e+01  -1.2781e+02
 -2.0196e+00  -3.0810e+01
  5.7655e+02   3.6021e+01
  1.3240e+01   8.5964e+01
 -2.7265e+01   1.3075e+01
  8.8336e+00   3.6925e+01
 -5.1604e+01  -1.9503e+01
  1.8011e+01   1.0141e+01
  6.7306e+00   9.5574e+00
 -5.5214e+01   5.4050e+01
 -3.3725e+00  -1.5289e+01
 -6.2227e+00  -7.7586e+01
 -3.7541e+01   1.3496e+01
 -5.4417e+00  -1.4830e+01
  3.8440e+01   1.1751e+02
  2.4297e+01   4.3007e+01
 -3.6587e+00   7.0202e+01
  1.9150e+01   4.3082e+01
 -2.6319e+02  -4.2692e+02
  4.8092e+01   8.4705e+01
  7.9511e+01  -6.0565e+00
 -2.3020e+02   1.2637e+02
 -1.8980e+02   6.5761e+01
 -2.9484e+00   2.0746e+01
  4.6874e+00  -3.6477e+01
 -2.1457e+01   3.2071e+01
  1.0084e+01  -2.5385e+01
  1.4459e+01  -7.3833e+01
  4.3836e+02   2.8794e+02
  2.4416e+01  -5.7219e-02
  2.4196e+01  -7.9920e+01
 -6.8952e+01  -1.9317e+02
  1.2632e+02   9.5849e+00
 -2.9354e+00  -1.1132e+01
  3.0852e+01  -2.4723e+01
  5.9426e+00   8.8559e+00
 -2.0583e+01  -4.4587e+01
 -5.4756e+01   4.6527e+01
  1.1105e+01   1.5692e+02
 -5.6246e+01   6.5290e+01
 -5.7216e+01   1.4100e+00
  1.8667e+01   5.3051e+00
 -1.2215e+02  -4.9970e+00
  1.0967e+02  -1.4790e+01
 -7.1475e-01  -1.4485e+02
 -3.4281e+02   1.0829e+03
  4.7603e+00  -5.5027e+00
 -1.9964e+02   3.5650e+02
 -1.0505e+02  -4.5112e+01
 -6.6939e+00  -8.3135e+00
 -2.7718e+01   2.7293e+01
  5.5905e+01  -1.7625e+01
  2.5051e+01   3.2995e+01
  3.7407e+01   4.3869e+01
  1.4630e+01  -5.6225e+01
 -3.6800e+00  -7.1840e+01
  2.2361e+00  -8.9664e+01
 -2.0026e+03  -6.4219e+02
 -2.2441e+01  -1.6455e+00
 -1.7781e+01  -9.7867e+01
 -5.4981e+01   6.0637e+00
 -7.7681e+00  -1.6196e+03
 -2.3550e+01   1.3631e+00
  1.7364e+02  -9.6153e+01
  4.6074e+01   1.1024e+01
  2.2637e+01  -7.3517e-01
 -4.0107e+01  -5.8932e+00
  1.3946e+01   1.4014e+01
 -1.4578e+01   3.1598e+01
  1.2617e+01   1.3611e+01
 -6.0943e+00   4.8628e+01
 -6.3679e+00   3.1404e+01
  1.1241e+02  -3.0514e+01
  2.4095e+02   2.1001e+02
 -4.6996e+01  -3.8333e+01
 -5.8570e-01  -3.4395e+01
  3.9667e+02  -3.0390e+02
  7.0685e+02  -1.3401e+03
 -3.0031e+01  -1.1297e+02
 -2.1197e+02   2.1119e+02
 -2.8935e+01  -2.1383e+01
  1.0054e+00   6.4743e+01
 -6.6341e+01  -6.2936e+01
 -8.5983e+01   1.4111e+01
  9.1924e+01  -2.4511e+01
 -2.9641e+01  -1.4442e+01
  1.4323e+01   5.2510e+01
 -2.7857e+01  -2.4315e+01
 -7.8225e+00   1.5614e+01
 -4.7553e+01   3.6661e+01
 -4.0602e+02  -1.4777e+02
 -2.0169e+01  -9.9374e+01
  1.0416e+02  -3.8792e+01
  8.5493e+01   3.2605e+01
 -1.5981e+01   6.7813e+00
  1.3296e+01  -1.4430e+01
  5.1786e+01  -6.3766e+01
 -3.9136e+00   1.9529e+01
  3.4325e+01   9.5362e+01
 -3.6991e+02  -5.5271e+01
 -4.1633e+00  -2.8828e+01
  1.4388e+01   2.4305e+01
 -5.6737e+01  -1.0698e+02
  1.7532e+01  -2.0804e+01
 -1.8296e+01   4.2217e+01
 -1.5125e+01   4.4953e+01
 -5.4504e+00   1.1962e+01
 -7.4500e+01   6.1035e+00
 -2.2224e+01  -2.3728e+01
 -8.3489e+02   1.8942e+03
 -3.4692e+01  -1.1988e+01
  1.3419e+02   3.4547e+01
  1.8962e+01  -2.2164e+01
  5.3141e+02  -2.1121e+02
 -3.2975e+01   3.1242e+01
 -2.5906e+03   3.1526e+03
  2.5797e+00   3.6552e+01
 -2.8062e+01  -1.0943e+02
  6.3765e+01   1.1891e+01
  3.8622e+01   6.9976e+01
 -3.5509e+01   3.7814e+01
 -5.2513e+01   4.9278e+01
 -2.1055e+01   1.0316e+01
  6.2370e+01   7.7106e+01
 -6.4527e+02   2.7518e+02
 -3.7690e+02  -3.1636e+02
 -7.9622e+01  -3.3677e+01
 -2.8399e+01  -1.3570e+00
 -2.7729e+00   1.5939e+01
  6.0336e+01  -5.0137e+01
 -4.1228e+01   2.3250e+01
  1.1529e+01  -4.2178e+01
 -4.7454e+01  -9.4132e+01
  3.8428e+02   3.0964e+02
 -1.0383e+02   2.6405e+03
 -2.1469e+03  -9.5387e+02
 -1.3342e+00  -1.7204e+01
 -2.4959e+02   1.2269e+02
  6.0172e+02  -3.0264e+01
 -4.5856e+01  -1.1443e+01
  9.4497e+02  -4.9115e+02
  9.5657e+01  -3.2779e+01
  1.1153e+01   2.8446e+01
 -4.3789e+00   1.6544e+01
  8.9004e+00   2.8133e+00
 -9.0221e+01   3.8137e+01
 -6.7094e+01   8.6486e+01
 -4.8488e+01   7.9238e+01
  1.7660e+01   3.4371e+01
 -2.4261e+01  -2.6229e+01
  2.9210e+00  -2.8902e+01
 -2.8256e+01   3.1748e-01
  3.8895e+00  -4.2286e+01
  1.9610e+00  -6.0240e+00
 -9.2497e+01   9.5216e+01
 -2.0171e+02   3.1388e+02
  1.1625e+02   5.5935e+01
 -1.1285e+02  -6.3423e+00
 -6.8514e+02  -4.1619e+01
 -7.1281e+01   1.3343e+02
 -5.3376e+02   2.1744e+02
 -1.7118e+01   6.2463e+02
  2.4846e+01   1.1527e+01
  3.7769e+01  -2.8172e+01
  1.4193e+02   3.0711e+02
 -1.2068e+03  -7.1292e+02
 -6.2039e+01  -1.6671e+02
  2.1701e+01  -1.2014e+02
 -6.0167e+00   1.8523e+01
 -7.8635e+00  -3.6221e+01
 -6.4266e+00   3.6817e+00
 -1.5577e+02  -1.6374e+02
 -5.6661e+01   1.9864e+01
 -2.3188e+00  -1.5336e+01
  7.0244e+01  -8.6143e+01
 -1.3083e+01   3.0513e+01
  5.0998e+01   1.0561e+01
  2.0375e+01   4.5505e+00
  4.3011e+02   1.2515e+01
 -1.5306e+02  -2.3812e+01
 -7.4512e+01   1.8906e+01
  2.8020e+02   4.2456e+02
 -6.5045e+02  -2.2636e+02
 -5.9966e+01  -9.5515e+01
 -2.2570e+00   1.0294e+01
  2.7641e+01  -6.4625e+02
  7.6938e+00  -2.3351e+01
  1.5465e+02  -1.6061e+01
 -2.2005e+01  -1.6775e+01
 -9.9249e+01   1.2558e+02
  1.2538e+01   4.0951e+01
 -1.2142e+01   1.9915e+01
  2.0232e+02  -4.8740e+01
  8.4550e+02   9.7301e+02
 -6.6075e+01  -9.8179e+01
  6.5110e+00   1.9657e+01
  1.2837e+02   1.3874e+01
  2.0045e+00  -5.7531e+01
  1.3191e+01  -8.9503e+00
 -3.2917e+01   9.4067e-01
  1.4862e+01   4.5495e+01
  1.5499e+02   5.2045e+01
 -1.6459e+01  -6.3970e+01
 -2.4212e+02  -1.6600e+02
 -6.9568e+00  -4.2823e+01
  1.9702e+02   6.1865e+01
 -3.2777e+01  -2.6907e+00
  1.9578e+01   7.6223e+00
  2.3004e+01   1.4721e+02
  8.4799e+01   7.2773e+01
  3.3835e+01   5.3324e+01
  1.1523e+01  -4.1491e+01
 -1.1297e+01  -4.5734e+01
  2.8543e+02   2.4983e+01
  2.2005e+01  -6.4819e+01
  1.6023e+01  -2.7086e+01
  2.9334e+01  -5.7722e+00
 -1.8770e+01  -5.4880e+00
  1.7564e+02   4.3092e+01
 -2.8499e+02  -4.8028e+01
  1.8734e+01  -2.7538e+01
 -2.6388e+00   8.5592e+01
 -1.1665e+01   3.2810e+01
 -2.2104e+01   4.7185e-02
 -9.3555e+00  -3.6589e+01
  1.7135e+01  -1.5209e+01
  1.9185e+01   2.7368e+01
  8.7685e+01  -1.0397e+02
 -2.4480e+01   8.5473e+00
  1.4977e+01  -1.3744e+02
  4.8367e+01  -4.3110e+01
  5.4725e+01   1.9820e+02
 -2.7515e+01   2.9896e+01
 -1.5449e+01   2.2856e+01
  7.5243e+00   1.1092e+01
 -1.0852e+02  -1.9358e+02
 -1.5045e+02  -2.9209e+02
 -6.3607e+01   1.2090e+02
 -3.3358e+01   1.1778e+01
  3.2959e+01  -2.0810e+01
  9.5117e+00  -1.0974e+01
  6.0400e+01  -5.1907e+01
  4.3446e+01   5.5694e+01
  1.3783e+01   8.3294e+01
 -1.5486e+01   1.8417e+00
 -3.1356e+01   4.4409e+01
 -7.6950e+01  -5.9026e+00
 -2.8842e+01  -7.3389e+00
  3.8896e+00   2.8249e+00
 -1.1131e+02  -2.2658e+00
  1.4738e+01   1.7409e+01
  2.5133e+01   1.4431e+01
  6.5383e+02   2.8603e+02
 -5.9271e+01  -5.0663e+01
  1.1222e+01  -3.0734e+01
  5.7285e+01  -3.9610e+01
  1.7647e+01   4.5250e+00
  2.3516e+01  -1.3065e+01
  2.0561e+02  -8.1192e+01
  2.3975e+02  -1.8824e+02
 -6.2705e+00   9.0332e+00
 -1.0352e+02   4.9256e+01
 -1.6056e+02  -5.6147e+02
  6.2305e+01   2.7109e+01
 -2.0462e+02  -4.4860e+01
 -1.0645e+02  -1.0534e+02
 -4.9429e+01  -4.7918e+01
  3.7234e+01   2.2222e+02
  9.0162e+01  -1.6820e+02
 -1.3046e+02   5.7775e+01
 -5.9154e+01   5.0675e+01
  4.9108e+01   5.8614e+01
 -9.0333e+00  -2.8430e+01
 -2.7247e+01   2.9579e+01
  2.8917e+01  -1.9396e+01
  1.6193e+01   5.7444e+00
  1.4302e+03   1.5519e+02
 -2.8079e+03  -9.9337e+03
  3.6675e+01   2.1128e+01
  1.9773e+02   1.6348e+01
  1.7929e+01   3.9423e+01
 -6.9579e+01   3.7669e-02
 -1.7833e+01  -1.0009e+02
  4.4116e+01  -1.4920e+01
  7.2245e+01   4.0455e+01
 -1.0900e+01   1.7891e+01
  1.2329e+02   5.1660e+01
 -1.1033e+02   7.1340e+01
  4.6066e+02   5.0794e+02
  2.3096e-01   2.3400e+01
  8.2952e+01  -2.8713e+01
  1.5766e+01   4.5474e+01
  4.6851e+01  -6.1227e+01
 -7.6455e+01   1.5270e+02
  4.0741e+01  -9.9577e+00
  1.4349e+02  -1.8090e+02
 -1.6914e+02  -5.2916e-01
 -9.4276e+00  -8.7453e+01
 -1.7312e+01  -4.3686e+01
  7.7115e+00   1.6099e+03
  1.7471e+02   1.1948e+02
 -2.1918e+01  -6.6896e-01
  2.2168e+01   1.7238e+01
 -6.4116e+00  -9.3198e+00
  4.9105e+00   6.7948e+00
  1.7716e+01  -3.4086e+01
  6.5313e+00   2.3346e+01
 -2.4370e+01  -9.1732e+00
  2.0376e+03   6.3359e+02
 -5.4334e+01  -1.2602e+02
 -4.2286e+01  -1.1100e+02
 -6.0095e+01   2.7611e+01
 -2.3132e+02  -1.2852e+02
  2.5418e+02  -6.4686e+01
  3.7518e+01  -8.2975e+01
 -2.2009e+01   3.2920e+01
  7.8956e+01   5.0007e+01
 -1.5242e+01   2.5882e+01
  6.7538e+01   6.6408e+01
  1.2638e+01   2.3402e+01
  2.1222e+01   4.2729e+01
 -9.5433e+01  -8.9309e+01
 -4.0706e+01  -8.0715e-01
 -2.5420e+01  -2.3161e+01
 -2.9192e+01   3.4490e+01
  2.4770e+01   4.1720e+01
  9.7049e+01   4.7669e+01
 -7.8966e+00   1.0683e+01
 -1.7425e+01  -1.6933e+01
  1.5230e+02  -3.0530e+02
  1.6711e+01  -4.5655e+01
  3.2959e+01   2.6727e+01
 -1.0545e+01   7.2555e+01
 -6.8217e+01  -2.9698e+01
  2.7501e+01   2.4361e+01
 -5.8213e+01   7.1879e+01
  4.7571e+01   1.3674e+01
 -3.3651e+01  -6.5986e+01
 -5.4391e+03  -1.1143e+04
  5.0680e+00   1.9043e+01
  4.2314e+01   1.8484e+00
  7.9614e+01   1.9847e+01
  5.2509e+00   2.3232e+01
  3.3452e+01  -3.9494e+01
  6.8017e+00  -1.3489e+02
 -4.9156e+01  -1.0576e+02
 -2.8462e+02   5.4813e+01
 -9.9151e+00  -1.8160e+01
  1.5415e+01   1.2887e+01
  3.2580e+03   7.9697e+01
 -2.7039e+01  -3.2428e+01
  8.4476e+01   1.1424e+02
 -3.9802e+01  -4.4712e+01
 -1.2035e+02   1.7680e+01
  2.9827e+01  -2.7024e+01
  1.5706e+02   2.4297e+02
 -1.2233e+02  -2.2798e+01
 -2.6514e+01  -1.2285e+01
 -4.6595e+01  -2.9362e+01
  1.5646e+02   5.3786e+02
  2.7314e+02  -3.1967e+02
  2.3526e+00   1.3845e+01
  2.2050e+02  -4.5017e+02
 -3.6513e+00   8.2110e+01
 -1.8933e+01   6.9794e+01
  2.1490e+01   5.5576e+01
 -1.0691e+03  -9.5093e+02
  2.5855e+03  -3.2029e+03
 -1.7914e+01  -1.0732e+02
 -8.8378e+00   4.2454e+01
  3.0463e+00  -1.9552e+01
  4.3015e+01  -4.0720e+01
  5.1718e+02   2.8460e+02
  4.3892e+01   3.1274e+02
  1.7793e+01  -4.1445e+01
  1.2952e+02  -2.5912e+02
  4.2191e+01  -5.5922e+02
  3.3305e+01  -2.2433e+01
 -1.3902e+01  -3.9403e+01
  3.4342e+01   3.5434e+01
  2.2999e+01   1.5229e+01
 -3.1520e+00  -1.7809e+01
 -4.5973e+01  -4.1350e+01
  2.7827e+01  -2.3040e+01
 -7.0769e+00   3.3804e+01
  3.6131e+02   6.3685e+01
  7.7820e+01  -1.1696e+01
 -2.0607e+01  -9.8942e+01
 -3.9320e+00   5.3943e-01
 -7.1810e+02   1.3153e+03
 -1.4872e+01   8.0830e+00
  7.8139e+01   5.3253e+01
 -6.0834e+01   5.7032e+02
  9.5465e+01   1.6928e+02
  2.5998e+01   1.3398e+02
  5.9300e+01  -3.7760e+00
 -1.5437e+01  -2.2406e+01
 -8.0086e+01  -3.5880e+02
  1.4062e+01  -1.3292e+01
  3.4795e+01  -3.8730e+00
  3.9985e+01  -4.0923e-01
 -9.5158e+00   6.8855e+00
 -3.5799e+01   6.2149e+01
  1.8796e+01  -1.0428e+01
  6.9198e+01   6.5743e+01
  4.7825e+01   2.3742e+00
  7.4334e+01  -5.1836e+02
 -6.2657e+01  -8.2397e+01
  2.0908e+02   3.3203e+01
 -1.0990e+02   9.9899e+01
  1.9590e+02   8.6252e+01
  1.5116e+01   1.8351e+01
  1.1910e+01   2.9507e+01
  1.1325e+01   2.6743e+01
 -4.2904e+01   3.6016e+01
  5.0473e+01   4.7489e+00
 -6.4626e+01  -1.4537e+01
  7.3909e+01  -8.7224e+01
  1.0169e-01   4.0469e+01
  6.6707e+02  -2.4104e+02
  2.8341e+02  -9.5721e+01
 -6.3348e+01   6.0082e+01
 -4.0362e+02   3.1340e+02
  3.3635e+01   5.3289e+01
  2.0619e+01  -4.2295e+01
 -6.8499e+01  -2.3965e+01
  2.5870e+02  -7.8890e+01
 -1.8666e+02  -7.3027e+01
  1.7019e+02   5.3693e+01
 -7.8437e+00  -8.2912e+01
 -6.5398e+01  -6.1112e+01
 -1.4860e+01   1.6552e+02
 -8.7197e+02   3.3283e+02
 -2.4912e+03  -2.4117e+03
  3.7693e+01  -2.0011e+01
  8.5562e+01   2.1984e+02
  4.6759e+01   1.3234e+02
 -1.2032e+01  -2.5401e+01
 -3.3089e+01   7.5396e+01
  4.9941e+01   4.2575e+01
 -1.4465e+01   3.1352e+00
 -1.3636e+02  -1.5594e+02
  1.0532e+03   9.7071e+02
 -3.1958e+01   3.7809e+02
  3.8716e+01   1.3399e+01
  3.7683e+01   4.7557e+01
 -2.6333e+01  -2.7337e+00
 -3.9439e+02  -6.3314e+02
  1.1718e+02  -8.7417e+01
 -8.9456e+00  -8.8738e+01
 -9.2173e+00  -6.1872e+01
  6.8414e+02   1.5639e+02
 -3.3755e+02  -1.5157e+01
  3.5648e+01   4.4054e+00
  3.0123e+01  -4.5748e+00
 -1.9001e+01   6.1833e+00
 -5.3765e+02  -5.5668e+02
 -2.6269e+01   4.4339e+01
  1.0041e+02  -4.6046e+01
  2.1435e+01   2.0415e+01
 -1.4987e+01  -7.6541e+00
 -7.2603e+01   3.3539e+00
 -9.4197e+00  -1.6913e+01
 -1.5122e+01   1.4357e+01
  5.1028e+01   7.5844e+01
  5.4484e+03   1.1150e+04
 -1.9074e+01   1.6208e+00
 -4.4307e+01  -1.2459e+02
  2.9178e+00   5.1527e+01
  4.3068e+01   4.0452e+00
 -6.4372e+01  -3.8082e+01
 -6.1662e+01   1.0960e+01
  1.1324e+01   7.5474e+00
  3.1935e+01  -7.3816e+01
 -6.3786e+01  -4.2618e+01
 -2.5724e+01  -4.9624e+01
 -1.4684e+01  -3.3412e+01
 -7.3604e+01  -7.6043e+00
 -1.2533e+02   6.7804e+01
  5.6994e-01  -5.3524e+01
 -3.2603e+03  -8.8269e+01
  1.3413e+03  -5.9250e+02
  8.2238e+00   1.9411e-01
  1.6347e+01  -3.0822e+01
 -7.0092e+01  -1.1460e+00
 -8.9954e+01   4.6010e+00
  2.9443e+01   8.7001e+01
 -1.0180e+02  -2.6735e+01
 -1.8912e+02  -1.5085e+01
 -1.1743e+01  -5.3601e+01
 -1.7702e+00  -1.7285e+01
  2.4836e+02   1.4110e+02
  7.9252e+01  -4.5386e+01
 -4.5111e+01   5.3590e+01
 -4.2567e+01   4.2720e+01
 -1.6644e+02   2.8938e+02
  1.7229e+01   4.6984e+00
 -7.1916e+01   1.7570e+01
 -3.0464e+01  -3.3667e+01
  8.9566e+01   1.6836e+02
 -4.7279e+01   1.0697e+02
 -1.9677e+01   2.2063e+00
  7.3715e+01   1.7246e+01
 -4.1099e+00   3.2496e+01
  1.2086e+01   2.5324e+01
 -2.0349e+01   1.4025e+02
 -6.0763e+00   8.7812e+00
 -3.0373e+02  -3.0911e+00
  3.1972e+01  -4.9814e+00
  8.7733e+00  -7.2187e+01
  1.5963e+01  -7.4698e+00
  1.2105e+02  -1.2830e+02
 -1.7489e+01   2.5843e+01
  4.8180e-01   2.0841e+01
  1.1746e+02   4.0110e+00
  1.0500e+02  -1.4889e+01
  7.9343e+01   1.4025e+01
  5.3265e+01   7.0690e+01
  1.0526e+01   1.8909e+00
 -9.2598e+01  -1.9068e+02
  6.5217e+01   1.0973e+01
 -1.8776e+02   6.9042e+01
 -1.8225e+00   2.6485e+01
  5.4593e+01   8.7214e+01
 -9.9514e+02   1.6915e+03
 -2.5890e+01  -1.4737e+01
  1.6403e+01  -4.1338e+01
  7.5674e+02  -6.5207e+03
 -2.6690e+01  -8.4835e+01
 -4.3303e+01   1.3320e+01
  3.3690e+00  -1.6628e+00
 -1.0685e+01   3.0399e+01
  6.0353e+01   2.3954e+01
 -4.7985e+01   1.0278e+02
  6.2777e+00  -9.4155e+01
  1.0545e+02   3.0633e+01
  1.1782e+00  -2.2153e+02
  4.6747e+01  -4.7991e+01
  9.6953e+00  -2.2683e+02
  3.7959e+01   2.0376e+02
  1.0730e+02   4.4599e+01
  1.2420e+01   2.5657e+01
  1.5141e+00  -6.1024e+00
 -3.1575e+01   2.6714e+01
 -2.9550e+01   1.2518e+01
  1.4339e+02   3.1145e+01
 -2.7038e+00   1.0439e+00
 -1.6084e+01   2.9303e+00
  2.6832e+01  -1.0868e+01
 -1.3961e+01   4.6605e+00
  3.3090e+01   3.9046e-01
 -1.0252e+01   1.7015e+01
  1.6445e+02   1.4243e+02
 -1.0565e+01  -4.0414e+01
  6.0038e+00   1.5504e+02
  4.0418e+00  -5.6821e+01
 -9.9111e+01   6.0000e+01
  3.1050e+01  -3.0615e+01
 -5.5440e+02   9.1233e+01
  1.1443e+01   9.1883e+00
  5.0824e+01  -6.6653e+01
  5.4776e+01   3.7677e+01
 -4.1232e+01   1.0368e+02
  8.9420e+02  -1.9152e+03
 -2.9310e+01  -2.5337e+01
  1.1256e+02  -5.8044e+01
 -2.6560e+01   3.7385e+01
 -1.6805e+01   1.6193e+01
  4.7142e+01  -4.0882e+00
  1.2388e-01  -4.2511e+01
 -6.0814e+01  -1.1722e+01
  1.7473e+01  -1.4793e+00
 -1.7341e+01  -2.2764e+01
 -5.8895e-01  -2.8790e+01
 -1.6282e+02  -1.2996e+02
 -4.4995e+01  -5.9023e+02
 -1.0889e+03   1.0098e+03
  1.6741e+02   2.6931e+01
  1.4324e+01  -2.8194e+01
  1.2826e+00   4.8383e+01
  2.1031e+02   1.7350e+02
 -5.1341e+01  -3.4569e+00
 -5.6921e+01  -2.6818e+01
 -1.0338e+01   6.5613e-01
 -5.2221e+00  -4.7846e+01
 -7.6685e+01  -1.4905e+02
  5.5927e+01  -2.2788e+01
  1.3860e+02  -1.0298e+02
  2.0006e+01  -4.3357e+01
  1.1983e+02  -3.0639e+01
  6.2969e+00  -1.3539e+00
 -3.6828e+01   1.1699e+01
 -1.5852e+01   6.8738e+01
 -8.6346e+02  -9.8133e+02
 -2.0066e+01  -1.4235e+01
  1.0715e+00   3.5883e+01
  1.5960e+00  -1.0199e+01
 -2.0725e+01  -4.0745e+01
  3.3711e-01  -3.5635e+01
 -2.8729e+01   5.1988e+01
 -1.4517e+02  -1.6821e+02
 -6.6966e+02  -2.0407e+02
  4.8609e+01  -3.6417e+01
 -3.3620e+00   4.3021e+00
 -7.5050e+02  -1.6687e+02
  9.9700e+01   2.4464e+01
  3.6145e+01  -2.9231e+01
 -5.5471e+01   3.9033e+00
 -1.3271e+03   6.1408e+02
  1.9083e+00  -5.9554e+00
 -1.5866e+01   1.2520e+02
 -5.3854e+01  -3.4753e+01
 -1.3952e+01   1.5508e+01
 -6.8310e+01   5.1135e+02
 -1.3088e+02  -1.6419e+02
  1.5023e+02  -8.3674e+01
 -1.0333e+02   1.3674e+02
  5.6083e+01   2.8967e+01
  5.2658e+01   2.7973e+00
 -6.7583e+00   6.0113e+01
  6.5242e+00   6.7078e+00
 -3.0191e+02   6.9734e+02
 -4.4754e+00   1.0214e+02
  1.3817e+01  -3.8890e+01
  5.1587e+00   2.7120e+00
  2.8976e+01  -4.4598e+00
 -4.0231e+01   9.8925e+01
  2.2189e+01  -3.4298e+01
 -1.3034e+02  -1.2661e+02
 -5.0479e+01  -9.6955e+01
 -9.1155e+01  -3.0290e-01
 -3.1252e+01   6.2100e+01
 -4.3747e+01  -4.0555e+01
 -2.3253e+01  -6.4462e+01
 -1.1772e+01   4.5506e+00
 -6.0422e+01  -2.1010e+02
  5.9345e+01  -1.4454e+02
  1.6141e+01   6.0127e+00
  1.8885e+01   8.9721e+01
  3.8199e+01  -4.5929e+01
 -7.3838e+01  -6.5762e+01
 -7.2293e+01  -1.0560e+02
  5.9721e+01  -3.7685e+01
  2.1040e+00  -3.9786e+01
 -1.6963e+01   6.1045e+00
  2.3402e+01   3.9902e+01
 -1.6734e+01  -4.2516e+01
  8.8668e+00   1.7435e+00
  8.8484e+00  -1.6484e+00
 -1.6056e+00  -2.4541e+01
  2.1394e+01   2.8974e+00
  1.2760e+02   1.5480e+02
  1.1975e+01   9.7578e+00
 -1.7747e+01  -7.1825e+00
  1.1414e+02  -7.0745e+01
 -1.8556e+01  -3.9958e+01
  2.0474e+02  -3.6084e+02
 -3.3430e+01   4.9324e+01
 -5.7160e+01  -1.1985e+01
 -3.6802e+01  -1.6824e+01
  1.2988e+01   1.5222e+01
  8.6030e+00   5.0527e+00
 -2.3412e+02   4.5046e+02
 -1.4739e+02   1.5526e+02
 -3.1667e+03  -1.0255e+02
 -5.7553e+02  -8.7222e+00
  4.7129e+00  -1.3400e+01
  2.1707e+01  -9.0660e+00
  5.0278e+01   1.5871e+02
  1.2461e+03  -1.5653e+03
  4.3102e+01  -3.9929e+01
  2.0758e+03   9.6611e+02
 -1.4589e+03  -6.1910e+01
  6.7148e+01   3.8325e+01
 -2.4054e+01   3.2782e+01
 -2.9401e+02   8.3638e+02
 -2.1553e+02  -2.8099e+02
 -7.8567e+01  -2.8350e+01
  1.3753e+00   1.8515e+01
 -1.4388e+02  -3.3143e+01
  1.0965e+03  -2.9460e+03
  3.1151e+00  -8.2967e-01
 -1.3043e+01   2.6098e+01
  9.9769e+01   3.3698e+01
 -8.4074e+01  -1.2223e+02
  1.0438e+01   4.1830e+00
  1.2492e+01  -1.5427e+01
 -4.1854e+01  -3.2223e+01
  1.3871e+01  -2.6400e+00
  3.5440e+02  -6.1213e+02
  5.2679e+01  -2.6246e+03
  1.5251e+02   1.9225e+02
 -2.6788e+01  -8.2531e+00
 -7.9538e-01   3.5795e+01
 -9.5252e+00  -1.7486e+01
  1.1536e+01   2.2168e+00
  8.0620e+01   1.5768e+01
 -2.9847e+01   3.2461e+01
  5.9456e+01  -1.2882e+01
 -1.7732e+02   2.2443e+02
  2.0872e+02  -4.1597e+01
  3.4574e+02   5.9950e+01
  1.6615e+00   2.8085e+01
  2.3277e+01   4.6727e+01
  1.1758e+03   7.1373e+02
  1.2343e+01   4.1005e+00
  1.0087e+02   2.7871e+02
  3.2730e+01   7.6309e+00
 -1.1086e+02  -1.3530e+02
 -7.8962e+00   1.4520e+00
  5.1972e+00  -2.3615e+01
  3.8395e+01   7.2815e+01
 -2.2164e+02  -8.8140e+01
  3.1367e+02  -1.2213e+03
 -2.7952e+01  -1.9184e+01
 -2.3453e-01   2.4119e+02
  8.3002e+01   3.2035e+01
 -3.8638e+01  -3.9952e+01
  1.0401e+02  -2.5565e+00
  1.4110e+01  -3.0182e+01
 -5.0534e+01  -1.0632e+01
 -7.1322e+02  -2.4067e+03
 -4.1659e+02  -4.5786e+02
 -2.5260e+01  -2.9658e+00
 -1.1626e+02   1.0699e+01
  1.6637e+01   3.9693e+00
 -1.9352e+01   1.6377e+01
 -5.0734e+00   1.2582e+01
 -3.2199e+02   2.3571e+02
 -3.6598e+01  -3.0942e+01
 -3.8285e+01   2.9358e+01
  8.4615e+00  -3.5545e+00
  1.8380e+01  -8.8186e+01
 -3.2735e+01   1.2020e+02
 -3.4372e+01   1.5013e+02
  1.0056e+02  -4.9177e+01
  2.8539e+02  -8.4326e+02
 -8.3208e+02   3.5868e+02
  1.0081e+02   9.2309e+01
 -4.1240e+00  -9.1962e+00
  1.6175e+01  -3.8837e+01
 -4.7909e+01  -1.4102e+02
  2.6903e+01  -1.9943e+01
 -9.0941e+02  -4.4296e+03
 -1.5503e+01  -2.8568e+01
  5.2217e+02   5.5203e+02
 -2.1105e+00   7.1361e+00
 -2.7712e+01   1.5267e+02
  1.6864e+01   3.4003e+01
 -1.0524e+01  -8.0445e+01
  3.5073e+01  -9.8885e+01
 -6.9523e+00   3.1317e+00
 -3.5626e+01   1.6416e+01
  2.8132e+03   9.9312e+03
 -2.6778e+01  -6.7536e+01
  1.4721e+01  -3.9903e+00
  2.3275e+01   2.3322e+01
  4.9708e+01  -1.6421e+01
 -2.4982e+02   3.9088e+01
  3.6761e-01  -2.4397e+01
  6.2997e+01   3.4639e+01
  9.5792e+01   1.9527e+02
 -1.1096e+02  -3.5624e+01
  4.0888e+00   2.5385e+01
 -9.7837e+01  -1.5745e+02
 -1.7627e+01   9.4163e+01
 -1.7376e+02   1.6926e+01
  2.8718e+01  -1.2674e+02
 -5.6593e+00   1.2874e+00
 -5.8115e+01  -2.4506e+01
  7.5770e+01   2.2845e+02
 -4.5605e+01   4.9694e+00
 -2.4295e+02   4.9372e+01
 -5.2936e+01   3.9730e+01
  3.1656e+01   3.3839e+01
 -4.3328e+01   3.1251e+01
  4.2916e+01  -3.6577e+00
