  9.9309e-01  -8.6846e+00
 -3.5128e+00  -1.6287e+00
  5.6253e+00  -5.7687e+00
  9.7190e+00  -1.4984e+00
 -1.4191e+00   1.0267e-01
 -3.7795e+00  -9.9410e-01
  7.7368e-01  -8.0461e-01
 -4.9233e+00  -5.8016e+00
  9.8867e-01   5.7124e-01
 -8.8467e+00  -4.3801e+00
  6.0092e+00  -7.1974e+00
  2.6231e+00  -6.2618e+00
 -7.8552e-01   5.1835e+00
 -1.8725e+00   4.8148e-02
 -4.1045e+00  -1.1468e+00
 -6.1383e+00   6.5685e+00
 -5.0402e+00  -2.1957e+00
 -1.0557e+00   6.3873e-01
  4.7453e+00  -1.6327e-01
 -5.4173e-01   5.2763e+00
  6.9169e-01  -1.3941e+00
 -1.4106e+00   8.5765e-01
 -2.0614e+00  -1.9027e+00
 -3.6508e-01   6.1872e-01
 -3.3452e+00  -5.0738e+00
 -2.2649e+00   1.8385e+00
  5.5135e+00   8.8458e-01
  1.0010e+00  -1.0926e+00
  3.1073e-01   5.9605e+00
 -7.8041e+00   3.8857e+00
 -6.2600e+00  -4.0435e-01
 -7.0235e-01   7.7600e+00
 -2.5794e+00   2.4102e-01
 -1.8105e+00   3.5895e-01
  8.0017e+00   5.5155e+00
  9.9799e-01   2.8225e+00
 -6.3281e-01  -7.7778e-01
 -3.4893e+00  -4.8971e+00
 -2.1712e+00   4.4553e+00
 -2.6877e+00  -3.5227e+00
 -3.1734e-01   4.0320e+00
 -8.2161e-02  -7.4110e-01
 -3.3535e+00  -5.6570e-01
 -3.1232e+00  -1.1465e+00
  6.5599e-01  -1.6803e+00
 -2.7072e+00   3.8976e+00
 -6.8787e-01   7.8696e+00
 -6.2025e-01  -8.1210e+00
 -3.0501e+00   1.6414e+00
  5.2285e+00   5.0430e+00
  6.1356e+00  -3.4399e+00
 -3.9014e+00  -1.1052e+00
 -6.6738e+00  -2.4751e+00
  3.4995e+00   2.9438e+00
 -7.3920e+00  -1.4365e+00
  5.7715e-01   2.5535e+00
 -1.3379e+00   5.6118e+00
 -2.5965e+00   5.5529e+00
 -7.4334e-02   2.6103e+00
 -5.6967e-01  -6.1085e-02
  4.7414e+00  -2.3857e+00
  1.7410e+00   4.9550e+00
  1.7542e+00  -4.2337e+00
 -3.0295e+00  -3.9710e+00
  3.6996e+00  -4.5920e+00
 -6.1936e+00   6.0029e+00
  8.6404e+00   3.0134e+00
  8.6828e+00   2.4142e+00
 -6.8617e+00  -3.2656e+00
  2.9955e-01  -3.5001e+00
 -1.7959e+00  -7.1863e+00
 -9.1142e+00  -3.6308e+00
  2.7766e+00  -8.5726e+00
 -1.9882e+00   4.0586e+00
 -1.9025e+00   4.0783e+00
  2.2219e+00  -3.2160e+00
 -7.4036e+00   9.0858e-01
  3.8069e-01   2.3155e+00
  4.4389e+00  -2.6410e-01
 -4.0330e-01   4.0000e-01
 -4.7402e+00   1.1138e+00
  2.6250e+00   4.3784e+00
  5.8566e+00  -2.6146e+00
  5.4498e-01  -5.3206e+00
 -1.6986e+00   8.1337e-01
 -6.4129e+00   1.2603e+00
 -1.5311e+00  -1.3828e+00
 -3.2611e+00   3.3824e+00
  9.5041e+00   8.7510e-01
 -1.7394e+00  -7.6815e+00
 -5.6040e+00   3.0141e+00
 -6.3928e+00  -2.8286e+00
  8.6041e+00  -2.1386e+00
 -1.8293e+00  -6.2646e+00
  2.6349e+00   2.5920e-01
  8.3872e+00  -2.9121e+00
 -3.5710e+00   1.2075e+00
  2.2037e+00  -5.1939e+00
  4.4078e+00  -7.6156e-01
  2.3091e+00  -7.9793e+00
  2.7067e+00   3.2827e+00
 -1.3594e+00  -8.2755e+00
 -2.8277e+00  -6.9547e+00
  8.1350e+00  -5.3092e-01
 -2.2657e+00   2.5875e-01
 -2.9862e+00   5.1265e+00
 -5.7900e-01  -3.4282e-01
  1.9027e+00   3.6494e+00
  1.5296e+00  -7.3861e-01
 -5.4357e+00   3.3414e+00
 -1.9786e+00   7.3699e+00
  3.5208e-01   9.1023e-01
 -7.7415e+00   5.7886e+00
  1.4288e+00   4.6239e-01
 -2.3271e+00  -1.6722e+00
 -1.6657e+00   1.3427e+00
 -3.0344e-01  -2.6510e-01
 -5.0487e+00  -8.2637e+00
 -5.2481e+00   7.3536e-01
 -3.5570e+00   5.5715e+00
  1.9794e+00  -4.7484e+00
  2.5627e+00  -6.9006e+00
  2.9351e+00  -4.3697e+00
 -4.1268e+00   9.8434e-01
  9.5066e+00  -1.9587e+00
 -1.2361e-01   4.1630e+00
  4.4448e+00  -1.6402e+00
 -3.2637e+00   7.3150e+00
  2.1659e+00   9.7183e+00
 -2.1264e+00  -1.4176e+00
  5.0672e+00  -2.5238e+00
 -3.7864e+00   2.7120e+00
 -6.8342e-01   3.0871e-01
 -2.1419e+00  -1.6428e+00
 -3.8855e+00   7.4180e+00
  5.2973e+00  -1.3172e+00
 -3.3934e+00   9.3474e+00
  2.9251e+00  -6.9502e+00
 -8.8411e+00   1.9811e-01
  3.2577e-01  -8.9739e-01
  5.7272e+00   5.6849e+00
 -6.4458e+00  -4.1647e+00
  3.7714e-01  -2.1922e-01
  1.6065e+00  -2.2794e+00
 -8.2200e+00   5.5370e+00
 -5.6645e+00  -5.8914e+00
 -2.7079e+00   1.2501e+00
  4.1350e+00   8.7048e+00
 -2.8272e+00   2.7180e+00
  9.0655e+00  -6.7082e-01
 -3.4560e+00  -1.1013e+00
  1.6452e+00  -3.9554e+00
 -1.3451e+00  -2.0556e+00
 -2.7287e+00   5.5613e+00
 -1.0171e+00   4.5565e+00
  4.0564e+00   6.8195e+00
 -5.3111e+00   6.3079e+00
  9.2119e+00  -2.8873e+00
 -6.4298e+00  -2.0735e+00
  5.4486e+00   4.7626e+00
 -6.1166e+00  -2.4151e+00
  9.2940e+00   1.7707e+00
 -7.5394e+00  -1.7826e+00
 -7.2049e+00  -1.0195e+00
 -6.3990e-01   9.4564e-01
 -2.9627e+00   1.2749e+00
 -3.3609e+00  -2.4614e+00
 -4.3886e+00   6.1016e+00
  2.4276e+00   4.2884e+00
  1.5053e+00   4.5336e-01
 -7.7193e-01  -8.4952e+00
  1.7022e+00   9.8349e-01
  2.8380e-02   6.0344e+00
 -7.3034e+00   6.2572e+00
 -2.9912e+00  -3.9648e+00
 -1.0466e+00  -5.2084e+00
 -2.2102e+00  -8.2807e+00
 -7.1555e-01   7.2147e-01
  2.7113e+00  -1.9085e+00
  1.9886e+00   3.3238e+00
  2.4895e+00   1.6589e+00
 -7.5887e+00  -7.0748e-01
 -2.0820e+00  -8.9019e-01
  3.3110e+00  -6.1123e-02
 -7.3341e+00   5.1192e+00
 -5.3655e+00  -3.6983e-01
  2.7569e+00   9.5200e-01
  4.5043e+00   5.4632e+00
  2.1217e+00   4.9311e+00
  1.9086e+00   1.9867e+00
 -1.3449e+00  -5.1674e+00
  5.0628e+00  -2.9295e+00
  3.7172e+00  -4.6563e+00
 -5.7947e+00   4.5282e+00
 -4.9996e+00   4.1588e+00
 -9.8513e+00  -6.2551e-01
 -2.1339e-02   2.1883e+00
 -1.2340e+00  -1.8601e+00
 -2.4532e+00  -4.6006e+00
  6.5476e+00   5.2149e+00
  7.7356e+00  -6.5531e+00
 -8.3645e+00   2.4139e+00
  6.1140e+00  -2.5766e+00
  6.0006e-01  -3.6248e-01
  1.9800e+00  -5.7992e-01
  9.1457e+00   2.4692e+00
  2.0199e+00   1.8453e+00
  3.2111e+00  -5.0650e+00
 -2.0164e-01   2.5771e+00
  3.5704e+00   7.6333e+00
 -1.3647e+00  -9.6753e+00
 -3.4847e+00   4.6954e+00
  5.0066e-02   2.9512e-01
  7.0377e-01   3.8078e+00
  1.1204e+00   3.7292e-01
 -7.5515e-01   4.7020e+00
 -4.7946e+00   4.4879e+00
 -4.3817e-01   5.8537e-01
  2.9557e+00   3.9947e+00
 -3.8142e+00   6.6478e+00
 -6.5244e-01  -4.8070e+00
 -1.6283e+00  -9.0132e-01
  2.9041e+00   1.9092e+00
 -4.9685e-01   7.6953e-01
  1.2701e+00  -1.8240e+00
  4.6713e+00  -2.3461e-01
  1.2796e+00  -6.0678e+00
  4.1084e+00   3.2134e+00
 -6.2570e-02  -1.0075e+00
  2.3135e+00   6.2497e+00
  2.3795e+00   2.8434e+00
  5.7957e-02  -8.5418e-01
  8.2155e+00  -4.9601e+00
 -1.4383e+00  -1.0314e+00
  1.8563e+00   1.8731e+00
  3.7233e+00  -2.3870e+00
  4.2437e-01   8.0960e+00
 -8.4942e+00  -2.3401e+00
 -3.0259e+00   5.3957e+00
 -3.6364e+00  -7.7827e+00
 -6.5791e+00   2.4227e+00
  9.1108e+00  -1.0883e+00
 -4.9871e+00   7.1889e-01
  1.7277e+00  -4.7294e+00
  4.3895e+00   7.6601e-01
  1.0881e-02  -3.6077e-01
  1.5867e+00  -5.6592e+00
 -2.3472e+00   5.9455e+00
  7.5428e+00  -2.1409e+00
  6.2034e+00  -5.9466e+00
  2.2629e+00   1.1869e+00
  1.1774e+00  -1.3753e+00
 -3.7227e+00  -5.1765e-02
 -5.7892e+00   4.7443e-01
  3.1724e+00   1.2384e+00
 -2.6575e+00  -8.8189e+00
 -1.3893e+00   3.6421e+00
  3.5642e+00  -6.0166e+00
  2.1773e+00  -1.8244e+00
  2.9371e+00   4.0308e+00
  1.3042e+00  -5.0833e+00
  2.8539e-01  -1.0446e+00
 -2.4366e+00  -4.9187e+00
  3.7247e+00   1.2719e+00
 -7.4914e+00  -5.1364e+00
  2.9694e+00   5.0397e+00
  2.8240e+00   6.7968e+00
 -9.3598e-01   2.4715e-01
 -5.2218e+00  -6.3838e-01
 -2.1810e+00  -5.9881e+00
  2.8751e+00  -8.1288e-01
 -1.1596e+00   6.7321e+00
 -5.9920e+00   3.5773e+00
  2.8096e+00  -3.6624e+00
  5.7487e+00  -2.2883e+00
  1.7521e+00  -2.7212e+00
  1.5648e+00  -6.9311e+00
 -2.8109e+00   9.3963e+00
 -1.9186e-01   4.5741e-01
  1.2303e+00   7.5070e+00
  4.8993e-02   4.1112e+00
  5.7949e+00  -3.3032e+00
  2.1716e-01  -8.1569e-01
  2.5935e+00   1.5719e+00
 -6.5618e+00  -7.1244e+00
  9.5829e+00   1.8950e+00
  1.5669e+00  -1.5071e-01
 -6.3341e+00  -4.7871e+00
 -1.8707e+00   2.0262e+00
  6.8757e+00   6.3266e+00
 -1.7773e-01  -1.5643e+00
  3.9355e+00  -3.4076e+00
  3.0093e+00  -9.4254e-01
  7.6015e+00  -5.1295e+00
  2.6076e-01  -7.7947e-01
  4.9343e+00   4.7363e+00
 -1.9937e+00  -3.5003e+00
 -3.3628e+00   1.8693e+00
 -1.4905e+00   2.5161e+00
 -6.3505e+00   3.7381e+00
 -4.2561e+00   4.9546e+00
  7.4463e+00   5.7617e-01
  1.8740e+00  -3.1778e+00
 -2.1548e+00   2.3968e+00
  4.1655e+00  -3.6547e+00
 -1.8705e-01  -2.1939e-01
 -5.2890e-01  -9.8736e+00
  4.8412e+00   3.7498e+00
  4.1429e+00   2.2102e+00
  9.9712e+00  -9.0483e-01
  3.8168e-01  -2.3442e-01
  2.8318e-01  -1.3159e+00
  1.0296e+00  -5.0781e-01
 -1.3661e-01   9.0166e-01
  1.8425e+00   3.4962e+00
  7.4546e-02   1.6657e+00
 -1.8429e+00   6.7973e+00
  6.0755e-02   2.3459e+00
  1.3080e+00  -3.8965e-01
  8.9642e-01  -3.5968e-01
 -4.9348e-01  -6.1962e-01
  2.2637e-01  -3.8716e+00
  9.3177e+00   3.4866e+00
 -6.2593e+00   4.0069e+00
 -3.1679e+00  -2.5433e+00
  1.8928e+00  -9.7455e+00
 -5.6764e+00   5.7663e+00
  4.8120e+00  -4.2389e+00
 -3.1351e+00   5.3841e+00
 -1.2887e-02  -2.8659e+00
 -1.1378e+00   6.1914e-01
 -1.6763e+00   1.1268e+00
 -5.4967e+00   1.6069e+00
 -5.3550e+00  -8.7570e-01
 -2.0982e+00  -1.1889e+00
  2.9168e+00  -2.2601e+00
  7.0395e+00   2.7362e+00
 -2.9702e+00  -6.2904e+00
  6.7305e+00   4.7427e+00
  1.2120e+00   2.0992e+00
 -4.3882e-01  -4.7015e+00
 -9.3695e-01  -3.8336e-01
  8.4683e+00  -4.6549e-01
 -1.5624e+00   1.7123e+00
  1.0137e+00  -6.3995e-01
  2.6545e+00  -4.3164e+00
  3.5600e-01  -1.7976e-01
 -4.3141e-01   2.4665e+00
 -3.6254e-01  -3.6553e+00
  4.9031e+00  -1.1173e-01
 -8.9959e-01   9.0438e-02
 -7.9705e-02  -3.8917e-01
 -1.2146e-01   9.3292e-01
  4.2078e-01  -1.0542e+00
 -4.7460e+00   9.2434e-01
 -9.6506e-01   7.8445e-01
 -3.6679e-01  -3.6587e+00
  5.4413e-01   3.1491e+00
 -2.2362e+00   1.8224e+00
  9.7303e-01   4.7613e+00
  1.9458e+00  -1.8738e+00
  4.9933e-01  -1.5514e+00
  1.6477e+00  -3.7425e+00
 -9.8569e+00  -1.1128e+00
  2.6294e+00  -3.5751e+00
  9.7728e-01  -1.8960e+00
 -3.2470e+00  -7.9380e+00
  1.9043e+00   5.5549e+00
 -3.3017e+00   7.6777e+00
  1.0649e+00  -6.5203e+00
  5.3126e+00   7.2127e+00
 -8.6417e+00  -2.2803e-01
  1.0390e+00   3.6407e+00
  1.1382e+00   7.0575e+00
  2.1879e+00  -3.2212e+00
 -2.2248e+00   7.9606e+00
 -4.7477e+00   5.1887e+00
 -1.0700e+00  -7.8090e-01
  1.1688e+00  -1.2944e-01
 -8.1722e+00  -6.9998e-01
 -5.3099e+00   4.8694e+00
  5.0468e+00   7.0033e+00
  8.7114e-01  -1.8415e-01
  7.2815e+00   2.7238e+00
  2.2060e+00   4.9355e-01
  4.2278e+00  -3.1278e+00
  1.5532e+00   2.2979e+00
  3.4198e+00   1.1650e-01
  9.3262e+00   1.2582e+00
 -2.3122e+00  -6.7056e+00
  1.2330e+00   3.0791e-01
  6.6330e+00  -4.5395e+00
 -5.3075e+00   8.2476e+00
  5.1673e+00   2.8856e+00
  2.7329e+00   6.3881e+00
 -1.0415e+00   2.0189e-01
  2.1151e+00   3.9912e+00
  3.8822e+00  -2.0094e+00
  8.6396e+00   1.9561e+00
 -7.5172e+00   6.7583e-01
 -1.7203e+00  -3.5290e+00
 -1.9848e+00  -2.6604e-02
  1.8923e+00   5.5423e-01
  2.4552e+00  -1.7431e+00
  9.3179e+00   2.3396e+00
  4.4177e+00  -5.6667e+00
  2.3883e+00  -5.4223e+00
  6.5381e+00  -5.0894e+00
 -3.6627e+00   2.6856e+00
  4.4078e+00  -4.7564e+00
 -4.8289e+00   1.6548e+00
 -6.4082e+00   5.2330e+00
 -6.2840e-01  -4.7653e+00
 -2.1455e+00  -4.1024e+00
  1.5072e-01  -6.8810e+00
  4.5892e+00  -1.6410e+00
  5.8564e-01   1.3879e+00
  7.1099e-01  -1.7804e-01
 -1.9911e+00  -3.7619e+00
  1.4862e-01   2.9601e+00
  4.8589e+00   4.0675e+00
 -2.1100e+00   4.3296e+00
 -5.7091e-01  -7.4282e-01
  1.7699e+00  -8.2645e+00
 -1.6421e+00  -7.5395e-01
 -2.4934e-01   4.3180e-01
  2.0250e+00  -8.4846e-01
 -2.1285e-01   9.0959e-02
 -7.3462e+00   2.5375e+00
  2.1173e+00  -2.6767e+00
 -2.3118e+00  -1.6504e+00
  2.0427e+00  -1.1371e+00
  2.5971e+00   5.1411e+00
 -5.3961e-01  -3.5435e+00
 -2.3899e+00   6.5091e+00
 -6.5552e+00  -2.4135e+00
 -2.5974e+00  -3.9280e+00
  2.5609e+00   4.5721e+00
 -1.8897e+00  -9.0910e-01
 -5.6931e+00   6.2809e+00
 -2.3648e+00   8.1897e+00
  4.4685e-01   7.0311e-01
  4.2689e-01  -1.0834e+00
 -5.6739e+00   9.3524e-01
  2.1449e+00   4.5335e+00
  5.6593e+00  -6.8546e-01
  3.0256e+00  -1.7532e-01
  3.4471e+00   1.7496e+00
 -1.6219e+00   4.9832e+00
 -8.7515e-01   1.2040e+00
  5.7750e+00  -2.9232e+00
  7.7863e+00  -4.6339e+00
  8.0329e-01   8.6647e+00
 -3.9778e-01   7.4156e+00
  3.6780e+00  -1.9100e+00
 -3.2323e+00   1.1515e+00
 -6.0153e+00   1.7716e+00
 -4.7765e+00   1.0519e+00
 -6.2567e+00   1.4633e+00
  5.4228e-01   8.4689e-01
  4.1968e+00  -5.3880e+00
  4.2738e-01   6.8872e-01
 -1.8247e+00   7.6829e+00
 -2.4767e+00   8.7664e-01
 -6.4149e-01  -3.5657e-02
  2.8231e+00  -5.8274e+00
  8.0092e+00  -1.3431e+00
  8.5848e+00  -1.6173e+00
  2.3766e+00  -4.9135e+00
  1.8711e+00  -1.9702e+00
 -5.5553e-01   1.6515e+00
  1.4479e+00   1.1727e+00
  4.9906e+00   4.9088e+00
 -5.4338e+00  -7.8026e+00
 -2.6454e+00  -9.4453e-01
  4.9540e+00  -5.5317e+00
 -4.2988e+00   5.5862e+00
 -4.5155e+00   6.7091e+00
  4.3478e+00  -6.5400e+00
 -3.1724e+00   2.1091e+00
 -2.9390e+00  -1.2557e+00
  6.1816e+00   4.9978e+00
  1.8741e+00  -3.6026e+00
 -1.0438e+00   4.3418e+00
  4.2425e+00  -6.4431e+00
  2.7036e+00   1.9200e+00
 -7.9511e+00   1.3779e+00
 -1.0539e+00   3.4378e+00
  2.5228e+00   1.4083e+00
  6.5064e+00   9.5904e-01
  2.9927e+00   1.3794e+00
  1.0225e+00  -5.9290e+00
 -3.8520e-02   2.2579e+00
 -4.5468e+00   2.2335e+00
 -1.9225e-01  -1.2980e-01
  8.9724e+00  -3.1591e-01
  7.4960e+00  -5.7290e+00
 -4.4827e+00   5.9924e+00
 -6.0663e+00  -7.0140e-01
  8.8530e-01   6.0683e-01
  2.8623e+00  -6.4958e+00
 -3.6681e+00  -2.4509e-01
  6.6958e+00  -3.3678e-01
 -1.4073e+00  -3.6740e+00
  2.6851e+00   6.1786e+00
  3.7153e+00  -1.8332e+00
 -7.5479e+00  -2.8387e+00
  1.0100e+00   6.8153e-01
  3.8693e+00   2.5129e-01
  1.1965e-03  -2.6681e-01
 -2.0902e+00   6.6329e-01
 -1.4825e+00   1.2991e-01
  8.0411e+00   3.9213e-01
  1.2250e+00  -5.4125e+00
 -5.6275e+00  -2.0486e+00
 -3.5013e+00  -3.3286e+00
 -9.6356e+00  -1.3044e+00
 -3.2439e+00   1.1578e+00
  1.0110e-02   3.3068e+00
 -8.4109e-01   1.6995e-01
 -4.2598e+00   2.8870e+00
  4.9952e-01   6.9423e-01
 -6.7735e+00  -7.1652e+00
 -1.9256e+00   4.5091e+00
 -1.3391e-01  -2.6881e+00
  2.8074e+00  -1.5146e+00
  3.3419e+00   4.0785e+00
  9.2704e+00   1.8988e+00
  3.6321e+00   6.1133e-01
 -5.0087e+00  -7.0634e+00
 -3.6104e+00   2.7530e+00
  5.7051e+00   3.0901e+00
 -1.8534e+00  -2.2419e+00
  1.1652e+00   5.0195e-01
 -3.8389e+00   6.0294e-01
  3.8858e-01  -2.7930e+00
 -7.7858e-01  -2.5986e+00
 -7.1577e-02  -6.4676e-02
  3.6466e-01  -2.2077e+00
  4.4005e+00  -4.6502e-01
 -4.6717e+00  -2.1703e+00
  1.1444e+00  -4.2283e+00
 -4.5036e+00  -7.9566e+00
  5.6870e-01  -3.4425e+00
  2.0074e-01  -1.7708e+00
 -2.3306e+00   6.4017e+00
 -4.7663e+00  -8.3681e+00
  2.4002e+00  -3.5997e+00
 -1.7783e+00  -2.5265e+00
 -2.7318e+00   5.1238e+00
  4.3598e+00  -2.4490e+00
  1.4360e+00   4.6485e+00
  5.4610e+00  -6.7480e+00
 -5.8142e+00   6.4396e+00
 -5.7852e+00  -4.3687e+00
  6.6413e+00   1.3529e+00
  5.9790e+00   4.0252e+00
 -6.3514e+00  -7.6552e+00
  5.7566e+00  -2.8305e+00
  3.1017e-01  -1.6826e-01
  1.4547e+00  -3.2143e+00
 -2.3106e-01   4.2179e-01
 -4.1897e-01   4.4461e-01
 -2.7070e+00  -5.5777e-01
  3.1672e+00  -4.1271e+00
 -5.1834e+00  -2.6181e+00
 -5.3824e+00  -2.1463e+00
  2.4965e-01  -7.3155e-02
  2.1839e+00   2.7579e+00
 -7.7135e-01  -2.5993e+00
  6.6367e+00   3.5607e+00
 -5.4159e+00  -2.8949e+00
  1.2098e+01  -7.5700e-01
  6.0501e-01   1.4251e+00
 -4.9454e+00  -3.2294e+00
  4.0536e+00   5.5983e+00
 -3.1138e+00  -8.8979e+00
  5.4050e-01  -1.9546e+00
  5.4282e+00   2.9790e+00
  2.7884e+00   2.9898e+00
 -3.6974e-01   9.8734e-01
  8.1933e+00   2.4984e-01
 -3.9777e+00  -8.2389e-01
  4.4152e+00  -2.8614e+00
  2.7278e-01   1.3654e+00
  3.1201e+00   4.0408e+00
  3.3408e+00   2.1130e+00
 -3.5035e+00  -3.4896e+00
 -6.5697e+00   2.4375e+00
  4.1959e+00   3.8399e+00
 -3.7184e+00   8.8209e+00
  5.2319e-01   1.5437e-01
 -2.6950e+00   4.7865e+00
 -3.6899e-01   4.7980e-01
  3.3693e+00   2.0980e+00
 -8.5047e+00  -5.7142e-01
 -1.4670e+00   4.9223e+00
 -2.8500e+00   8.3543e+00
 -7.4348e-01  -2.5334e+00
 -4.0133e+00   9.2536e-01
  1.8795e+00   5.5641e+00
  5.1905e+00   5.1796e+00
  1.6869e+00  -5.9870e+00
 -8.0848e+00  -1.8667e-02
 -3.9505e+00   3.2404e+00
  2.4694e+00  -8.7123e-01
 -9.2685e-01  -2.0499e-01
  2.6680e+00   6.3387e+00
 -1.5474e-01   8.7034e-01
 -5.3529e+00  -8.2654e+00
 -5.7120e-01   3.7535e+00
  5.7308e+00  -6.7555e+00
 -4.5901e-01  -1.7006e-01
  1.9052e+00  -2.0914e-01
 -2.8107e-01  -8.8399e-01
 -4.5897e+00   6.7999e+00
 -4.0706e+00   2.7881e+00
  6.5587e+00   7.3077e+00
 -6.4131e+00  -5.6606e+00
  3.8948e+00   5.5953e+00
 -1.3357e+00  -1.3933e+00
 -6.0048e+00  -1.8240e+00
 -6.6841e+00  -1.8259e-01
 -8.5829e-01   3.4540e+00
  4.1144e+00  -3.2284e+00
 -1.8798e+00  -1.8035e+00
 -3.6425e+00   3.3823e+00
 -4.0543e+00   5.8344e+00
 -7.3305e+00  -3.1669e+00
 -3.4944e+00   2.2933e-01
 -2.6915e+00  -3.5115e+00
 -3.1983e+00  -5.8913e+00
  4.0383e-01  -2.7504e+00
  2.1520e+00  -8.1730e+00
 -5.1729e+00  -5.3638e+00
  4.7161e+00  -1.7149e-01
 -3.5223e-01  -2.2422e+00
  6.7379e-01  -5.1467e-01
 -1.3576e+00   9.4946e+00
 -2.5584e-02   7.9181e-01
  3.4812e+00  -2.4436e-02
  1.5662e+00  -6.6964e+00
 -3.1694e+00  -5.0562e+00
  3.9708e+00   3.4289e+00
 -7.9814e+00  -1.5921e+00
 -6.2505e+00   3.7075e+00
 -4.5545e+00  -4.2488e+00
 -5.2757e+00   1.7829e+00
  2.5053e+00   1.6742e+00
 -2.9891e+00  -2.5192e+00
 -8.9130e+00   3.2651e+00
 -4.6259e-01  -7.2970e-01
  2.8076e-01   2.1286e+00
  3.8958e+00   1.6849e+00
  1.3259e+00   3.1896e+00
 -9.5796e+00  -1.0195e+00
  9.2991e+00  -2.7189e+00
 -1.6993e+00   8.3724e-01
  7.8540e+00  -2.0070e+00
 -1.7808e+00  -3.1921e+00
 -9.6570e-01  -2.7223e+00
  2.8865e+00  -4.1153e+00
 -1.6060e+00  -2.1436e+00
 -1.9001e-01   6.8038e-01
 -9.9245e-01   6.7364e-01
  4.0636e+00   3.8437e+00
  3.4137e-02   2.2627e+00
  7.7408e+00   1.7019e+00
  1.5510e+00   3.3943e+00
 -1.0807e-01   2.4008e+00
 -1.5129e+00  -4.4890e-01
  7.9707e-01   1.7099e+00
  5.4759e+00  -9.0448e-01
 -4.2021e+00   2.5462e+00
 -2.8498e+00   7.2129e+00
  1.4850e+00   2.5727e+00
 -4.1669e+00  -3.2023e+00
  5.4798e+00  -7.9769e+00
  1.3361e+00  -4.0458e-01
 -1.4674e+00   6.2295e+00
  3.0416e+00  -8.2934e+00
 -7.7319e+00  -1.6677e+00
 -1.2733e+00   4.6881e+00
  4.2959e-02  -3.6265e-01
 -4.5090e-01  -1.3899e+00
  2.8870e+00   5.1448e+00
  3.8581e-01  -9.3364e+00
 -3.7751e+00  -1.5250e+00
 -1.0850e+00   7.1437e-01
  9.6208e-01   3.2970e+00
  6.3993e+00   6.8921e+00
 -5.5497e+00   2.9659e+00
  1.7735e+00   4.5811e+00
  1.9153e+00   5.5657e+00
 -2.1566e+00   7.5768e+00
  4.1257e-01   4.6489e-02
 -1.3823e+00   3.6598e+00
 -5.1931e+00   1.2040e+00
 -6.2362e-01  -1.8004e+00
  5.9776e+00   4.9508e+00
  1.4057e+00   3.9269e-01
  1.4056e+00   4.5104e-02
 -4.8256e+00   7.7098e-01
 -2.1359e+01  -1.6189e+00
 -3.4315e+00  -3.1704e+00
  1.7673e+00   9.4673e+00
  7.7820e-01  -5.4279e+00
  5.7788e-01   3.1129e-01
  3.3169e+00  -4.2371e+00
 -2.5675e+00  -1.2765e+00
 -4.3224e+00   3.2751e+00
  4.5972e+00  -4.6543e-01
 -7.5781e+00  -3.2185e+00
 -9.2539e+00  -3.3029e+00
 -1.7709e-01   4.1638e-01
 -2.2085e+00   4.7488e+00
  7.6065e+00   2.4843e-02
 -2.4510e+00  -3.1524e+00
 -9.2745e+00   6.4984e-01
  1.2535e+00  -2.9849e+00
  3.1426e+00  -4.5976e+00
  3.8303e-01  -2.7610e+00
 -7.4667e+00   4.3393e+00
 -2.0907e-02  -2.0185e-01
  7.2554e+00   4.9188e+00
  7.1762e+00   5.4577e-01
  4.7892e+00   3.8938e+00
 -2.4100e-01   1.2422e-01
 -2.3028e+00  -1.9102e+00
  5.1115e+00  -4.6494e+00
 -1.1435e+00   2.3795e+00
 -8.1026e+00   2.4484e+00
 -3.2272e+00   1.3935e+00
 -5.6890e+00   3.2986e+00
  9.4533e-01  -2.4341e+00
 -7.2129e+00  -3.6466e+00
 -4.4596e+00  -3.9524e+00
 -7.7702e+00   1.6123e+00
 -5.1780e+00  -6.5663e+00
  2.1750e+00   3.8249e+00
  5.0247e+00   2.3832e+00
  1.7728e+00  -6.6350e+00
 -3.1150e-01  -1.3299e-01
  9.3835e-01   2.0238e+00
 -3.6828e+00  -4.4806e-01
  4.9002e-02  -2.0962e+00
  6.1926e-01  -1.6915e+00
  3.3326e+00   1.7004e+00
  2.2316e+00   5.2480e+00
  2.6811e+00   1.6933e+00
  6.2252e+00  -1.7611e+00
  1.7049e+00   1.7401e+00
 -2.4063e+00   7.7990e-01
  7.4391e+00  -2.1306e-01
 -3.0145e+00  -2.3591e+00
 -8.5588e+00  -1.0807e+00
 -6.7940e+00  -6.6924e+00
  3.8788e-01  -6.8346e-01
 -1.7726e+00   1.2859e+00
 -2.8828e+00  -6.8261e-02
  3.1144e+00   5.5029e+00
  6.5942e-01   3.5576e+00
  7.1814e+00   1.7678e-01
  1.3201e+00   4.7905e-02
  3.2357e+00  -1.2849e+00
 -3.1373e+00   7.3835e-01
  2.4055e+00   5.3939e-01
  7.7428e-01  -5.2399e+00
 -5.7522e+00   7.1020e+00
  3.2398e+00  -1.2558e+00
  8.0136e+00   1.7332e+00
 -2.7820e+00  -2.3703e+00
  3.0323e-01  -8.4884e-02
 -1.2741e-01   2.0640e+00
  4.2463e+00   5.6363e+00
  1.9840e+00   5.7785e+00
 -8.2527e+00   2.1277e+00
  4.4405e-01  -5.2251e+00
 -1.7193e+00  -1.8461e+00
 -2.0792e+00   4.7948e+00
 -7.7550e+00  -2.4365e+00
  1.9109e-01   3.4128e-01
  6.9663e+00   1.1945e-01
 -2.8230e+00   1.6507e+00
 -1.4717e-01   9.1957e-01
  1.4390e+00   6.0094e+00
 -3.9980e+00  -5.2260e+00
  5.2618e+00  -3.0926e+00
 -2.0936e+00  -5.2704e+00
 -3.8042e-01  -2.6608e+00
 -1.3246e+00  -1.0136e+00
 -6.2586e+00  -1.7886e+00
 -3.4089e+00   5.2791e+00
 -1.5253e+00   7.1083e+00
 -2.5673e+00  -4.1846e+00
 -2.0066e-01   3.1933e+00
  5.0445e+00  -4.0012e+00
 -2.3432e+00   4.3016e+00
 -4.3028e+00  -6.1760e-01
 -6.9207e+00   6.6769e+00
 -8.3574e+00  -5.4678e+00
 -8.1414e+00   3.1358e+00
  2.0741e+00   2.0071e+00
 -2.0139e+00   1.4505e+00
 -3.7304e+00   1.1833e+00
  1.2847e+00  -4.0693e+00
  4.0194e+00   3.8503e+00
 -4.2605e+00   8.2849e+00
  1.4795e-01   8.9529e-01
 -2.7302e+00  -7.5378e+00
  7.6560e-01  -1.1788e+00
 -1.5743e+00   9.6567e+00
  1.5361e+00  -5.9925e-01
 -6.8698e+00  -1.0307e+00
  3.3012e+00  -1.2503e+00
  8.7742e-02  -8.5353e+00
  5.8776e-01   1.3904e+00
  5.2050e+00   3.4659e+00
  6.3404e+00   4.4337e+00
  1.5895e+00   5.0612e+00
  3.9190e+00  -3.4536e+00
 -6.7786e+00   3.6680e+00
  5.5408e+00  -2.5524e+00
  9.8811e-01  -3.8974e+00
  6.7108e+00  -5.6699e-01
  1.0546e+00  -7.2595e-01
  6.8253e+00  -2.9979e+00
 -4.5619e+00  -1.5390e+00
 -8.7500e-01   1.7553e+00
 -1.1818e+00   9.3205e-01
  8.2269e+00   5.4219e+00
 -4.0380e+00   1.8992e-01
  6.3975e+00  -6.1299e+00
 -2.8689e+00  -2.1149e-01
  5.3569e+00   2.2324e-01
 -2.4335e+00   2.1814e-01
 -3.4765e+00   1.9822e-01
 -2.3631e+00   2.9621e+00
 -1.0426e+00  -6.9124e-01
  4.1667e+00   5.3739e+00
 -3.1387e+00   5.0513e-01
  8.9518e+00   4.7649e-01
 -1.1763e+00  -2.6742e+00
 -5.7235e+00  -6.4035e+00
 -2.0359e+00  -6.1668e+00
  2.1778e+00   2.8136e+00
  2.1062e+00   1.4590e+00
 -6.7518e+00   4.7106e+00
 -6.3430e+00  -3.4988e+00
 -3.1253e+00   1.2953e+00
 -6.8468e+00   6.0873e+00
 -2.3105e-01   8.9646e+00
  4.1132e+00   1.8401e+00
 -2.7408e+00   1.6339e+00
 -1.6814e+00   8.2420e-01
  5.7341e+00   1.3512e+00
  4.5193e-01  -2.3224e+00
  1.3025e+00  -4.0857e+00
  2.6395e+00   3.5918e+00
  3.9312e+00  -5.2913e+00
  8.0519e+00   3.1968e+00
  1.5234e+00   1.5718e+00
 -1.9673e+00   8.5902e+00
 -3.5353e+00   6.0546e+00
  4.5630e+00   5.8522e+00
 -1.2662e+00  -7.5947e-01
  3.4141e+00   5.7671e+00
 -3.8936e-01  -3.1597e+00
  3.4472e+00  -8.3430e+00
  4.6556e+00   3.7159e+00
 -6.6753e+00  -3.1565e-01
 -5.6525e-01  -2.4755e+00
 -1.3666e-01  -4.2782e-01
 -3.6688e+00  -3.6651e+00
  2.9047e-01   6.6583e-01
 -3.2775e+00   3.3653e+00
  5.6738e+00  -1.2156e+00
 -2.7179e+00   3.8929e+00
  4.3557e+00  -3.4345e+00
  2.8722e+00  -8.0737e-01
 -2.7441e-01  -2.6627e+00
  4.1934e+00  -2.0564e+00
 -2.4270e+00   1.0851e+00
  8.8530e+00  -3.1892e+00
 -6.3392e+00  -2.5202e+00
 -9.6251e-01  -6.1309e+00
 -1.5670e+00  -9.2416e-01
 -6.7005e+00  -3.1733e+00
 -3.1297e+00  -4.9324e-01
 -3.4475e+00   1.5436e+00
 -6.9419e+00  -4.3533e+00
  5.1910e+00  -5.4588e+00
 -1.8658e-01  -2.9037e-01
 -4.1213e-01  -9.0483e-01
 -6.3588e-01   4.5630e+00
  7.7901e-01  -1.0975e+00
 -7.7278e+00   1.1196e+00
  2.2827e+00   1.3733e+00
 -8.3086e+00  -1.0912e-01
  3.8586e+00   6.1190e+00
 -4.9462e-01  -4.7812e-01
 -1.7298e-01  -4.2635e+00
  8.8391e-02  -7.3092e-01
  1.7730e+00   1.3984e-01
 -4.5985e-01   1.9033e+00
 -8.2665e-01   1.0527e+00
 -4.0845e+00  -5.4343e+00
 -5.1033e+00  -3.3078e+00
 -2.8098e-01  -2.7519e-02
 -1.7142e+00   6.0524e+00
  4.5315e+00   2.2346e+00
  4.9423e-01   4.6141e+00
  7.2578e-01  -6.8031e+00
  2.2095e+00  -3.8248e-01
  3.1173e+00  -1.4688e+00
  5.8978e+00   2.5878e+00
  4.8310e+00   1.7442e+00
  3.5466e+00   8.6276e+00
  2.4470e+00   5.7527e+00
 -1.8685e+00  -5.9103e-01
  7.9057e+00   5.6163e+00
 -2.3788e-01  -9.2497e-02
 -2.2743e+00  -2.7090e+00
  2.5681e+00  -1.8869e+00
  8.9332e+00   1.6079e+00
 -2.3279e+00  -5.3395e+00
 -1.7039e+00  -2.8131e+00
  9.6920e+00   2.4720e-01
 -2.6405e-01   5.3711e-01
  2.7575e-01   5.6267e-01
 -1.3724e-01   6.2034e-01
 -3.8895e+00   6.9274e+00
 -9.7550e-02   1.0244e-01
 -6.8518e+00  -1.0059e+00
 -4.3489e+00  -4.4939e+00
  4.5461e-01   7.0529e-01
 -4.9351e+00   6.6667e-01
  6.8441e+00  -7.5624e-01
 -6.0628e+00  -5.3663e+00
 -2.8318e+00  -3.8155e+00
 -7.7232e+00   1.7305e+00
 -3.4858e+00   2.9631e+00
  2.2162e+00  -6.6307e+00
  7.7958e-01  -1.0784e+00
 -7.1325e+00  -1.0325e+00
 -3.0350e+00   1.3550e+00
 -1.5596e-01   8.5567e-01
  4.7811e+00   3.7561e+00
 -9.3331e+00  -2.3706e+00
  1.5034e-01  -3.8032e-02
 -1.5026e+00  -7.3349e+00
 -3.3247e+00   2.4229e+00
  4.4748e+00   6.6987e+00
  4.8407e+00  -4.0268e+00
  3.5465e+00   3.5605e+00
  5.3744e+00   7.0805e+00
 -4.2029e-01   2.8505e-01
  4.3201e+00   4.8711e+00
 -3.5482e+00   1.4373e+00
 -8.3635e+00  -1.5638e-01
 -2.2270e+00   4.0855e+00
  1.0782e+00   6.6175e+00
 -3.2653e-01  -1.0353e-01
 -7.4961e+00   4.1296e+00
 -3.3825e-02  -1.1815e+00
  1.5536e+00   1.7783e+00
  8.9558e+00  -4.3816e+00
 -1.2776e+00   3.6421e+00
 -1.4278e+00   6.0405e+00
  4.0077e+00   5.5225e+00
  9.1010e-01   2.3520e+00
  7.8051e-01   3.2845e+00
 -2.0071e+00  -6.2136e-01
 -3.8066e-01   1.0896e+00
  4.8388e+00  -2.1078e+00
 -3.7638e+00  -5.2760e+00
  2.8243e+00  -6.4322e+00
 -1.5750e+00  -1.0363e-01
 -3.2092e+00  -3.0791e+00
 -5.4852e+00  -3.0434e+00
  5.3068e-01  -7.2888e+00
  4.5570e+00   2.4188e+00
 -6.7955e+00   2.3402e+00
  4.2530e+00  -2.0380e+00
 -4.7767e+00   4.1953e+00
 -3.6112e+00   2.1502e+00
 -6.2808e+00   3.0485e+00
 -4.6272e+00   3.6041e+00
  2.9501e+00  -2.2951e+00
  7.8171e-01  -1.0271e+00
  5.6676e-01  -1.4281e+00
 -2.3424e+00   1.9166e+00
  8.4989e-01   2.2006e+00
 -1.7520e+00   1.6706e+00
  4.8331e+00  -5.7841e+00
  1.2313e+00   2.2312e+00
  7.1054e+00  -4.4075e+00
 -4.7870e+00  -5.6231e-01
  6.4236e-01   5.7855e-01
 -3.5364e+00   4.9367e+00
