  1.4707e+01  -2.6316e+01
  1.7214e+01  -2.8250e+00
  8.8735e+00   4.2511e+01
 -1.2523e+01  -3.4255e+01
 -2.8342e+02  -3.4484e+02
 -1.3885e+01  -5.0426e+01
 -2.1626e+00   8.4816e+00
 -3.7243e+00   2.8652e+01
 -6.9686e+00   1.7313e+00
  1.4741e+01   5.2097e+00
 -2.3056e+01  -3.6089e+00
 -3.5648e+01  -3.3251e+01
  1.2366e+02   7.5320e+00
 -2.6170e+02  -1.4619e+01
  3.5869e+01   5.4740e+01
 -8.6409e+01  -2.1230e+01
 -5.3292e+00  -1.0455e+01
  6.3450e+01   4.1831e+01
 -1.4158e+01  -5.5484e+00
  1.0505e+01  -2.1164e+01
  1.1968e+02   2.8178e+01
 -4.5666e+01   2.3108e+01
  2.1594e+01  -1.4075e+01
  2.0568e+01   1.5022e+01
 -1.1678e+02  -4.5748e+01
  8.1438e+00  -2.3686e+01
  4.8702e+02   1.3113e+02
 -7.1635e+02   1.8634e+03
  1.0582e+03  -6.7902e+02
  4.6246e+00   3.9115e+01
  1.0344e+02   4.5239e+01
  3.5772e+00   6.5303e+01
 -1.0262e+00  -5.9350e+00
  2.0258e+02   9.9387e+00
  9.5747e+00  -2.9032e+01
  1.6964e+01  -5.9326e+00
  2.0232e+02   4.1235e+02
  8.0470e+00   4.5339e+00
 -2.6579e+00   5.8139e+00
 -1.4363e+01   7.3405e+01
 -4.3936e+01   3.1211e+01
  1.2033e+00  -2.6956e+01
 -3.0928e+01   2.3117e+00
  2.7401e+01   1.2404e+01
 -2.9794e+02  -1.1560e+02
 -7.6551e+01  -3.2538e+01
 -3.2713e+00  -6.0153e+01
 -6.6145e+01  -5.3618e+01
 -7.6016e+00  -1.6145e+01
  6.6843e+01  -2.9738e+01
 -1.7597e+02   1.7445e+02
  1.5080e+01  -7.6070e-01
  2.5395e+01   1.8426e+01
  5.6117e+00   2.4470e+00
 -2.8858e+01  -1.1848e+01
 -2.7103e+01   2.8898e+01
  4.1373e+00   2.8338e+01
 -1.3562e+01  -1.7885e+01
 -1.7064e+02   4.0750e+01
  5.1817e+01   1.0939e+02
 -2.9086e+01  -6.8919e-02
 -1.4779e+02   7.6587e+00
 -3.2291e+01   1.0020e+01
  4.9529e+02   2.3702e+03
  1.2701e+00   5.5626e+01
 -2.1605e+00  -2.1683e+01
 -8.1917e+00  -1.4023e+00
 -5.4802e+00  -9.5217e+00
  2.0351e+03   6.1547e+01
  1.9335e+01   3.4495e+01
  8.3003e+00   1.3339e+01
  1.5461e+01  -1.2350e-01
  6.1134e+00   1.0838e+01
  5.6828e+01  -5.2620e+01
  5.0332e+02  -2.1483e+02
  9.8108e+01  -4.9613e+01
 -2.7823e+00   2.3055e+01
  2.3728e+01  -5.4405e+01
 -1.2213e+01   1.4739e+01
 -4.2839e+01   7.3443e+00
  4.2468e+01  -6.5033e+01
 -2.7968e+01  -1.5064e+01
 -7.0860e+01  -1.3723e+02
 -1.1198e+01   4.2138e-01
  3.7883e+01   2.8773e+01
  2.7926e+01  -1.6829e+01
  1.1685e+02   2.2556e+02
  9.8078e+00  -1.5716e+01
  8.8243e+00   1.2534e+01
 -3.8686e+01   4.4161e+01
  2.2066e+01   3.9813e-01
  1.4788e+01   7.9758e+00
 -5.1162e+01  -7.8816e+00
  7.6266e+01   4.3567e+01
 -1.1097e+00   7.6104e+00
 -3.6762e+00  -1.2667e+01
  9.7995e+01  -5.2382e+01
  1.8305e+01  -8.7293e+01
  1.0286e+00   1.0862e+01
 -1.2336e+02  -5.2103e+01
 -1.6229e+01   1.1268e+01
 -3.8638e+02   3.2481e+03
  8.8956e+00   1.3098e+01
 -4.1869e+00   3.2249e-01
  8.2250e+00  -1.5409e+00
 -1.0888e+01  -2.7852e+00
 -3.1838e+01  -4.5096e+01
  3.2516e+01   7.9168e+01
 -5.7890e+01   4.4090e+00
  2.0507e+01  -1.5784e+01
  9.3857e+00  -2.0375e+01
  2.2461e+00  -1.6072e+01
 -3.4508e+01  -1.6717e+01
  5.9045e+00  -9.8447e+00
 -1.0498e+02   6.4417e+01
 -1.2934e+01  -1.6546e+01
 -1.9248e+02  -7.9451e+00
 -2.1802e+01   4.2294e+01
 -9.7054e+01   2.5063e+01
  4.0088e+00  -5.2366e+00
 -1.0170e+01   1.5893e+01
  7.8706e+00   1.1849e+01
  1.8618e+01  -4.6538e+01
  4.2363e+00  -2.2431e+01
 -3.8442e+01  -3.7418e-01
 -9.9598e+00  -6.2925e-01
 -5.1517e+01   4.5900e+01
 -1.3431e+02  -7.8561e+00
 -1.1923e+01  -1.9198e+01
  1.2808e+02  -7.2936e+01
  1.4566e+02  -1.9349e+00
  5.0729e-01  -8.2037e+00
 -1.1673e+01  -7.6268e+00
  1.7690e+00  -1.0463e+01
  1.3615e+00  -3.9715e+00
 -1.1042e+01   2.2141e+01
 -3.0963e+00   1.4801e+01
 -3.7852e+01   4.2256e+01
  1.6885e+01  -3.9311e+00
  1.1700e+01   1.3333e+01
  4.5272e-01  -4.3172e+00
  1.5854e+01  -5.2440e+00
  2.1087e+01   1.1972e+00
 -1.6993e+00  -1.6708e+01
  4.6710e+00  -3.0892e+01
  1.8508e+01  -2.7520e+01
  2.1698e+01   1.5407e+01
 -1.2253e+01  -8.1570e+00
  1.2246e+01  -1.1800e+01
 -2.1195e+01  -8.9469e+00
 -2.2689e+01  -8.7075e+01
 -4.4380e+01  -2.6230e-01
  1.9871e+01   1.8817e+01
  2.0352e+02  -4.0354e+00
 -2.0900e+01  -2.0483e+02
 -1.5829e+01  -2.9751e+01
  2.1910e+00  -3.7038e+01
  1.6142e+03   1.5546e+03
 -3.4603e+02   1.2515e+02
 -4.0686e+01  -3.4289e+01
 -1.1090e+01   1.0704e+01
 -1.3741e+01   2.5969e+01
 -7.0260e+00  -7.2430e+00
  4.5818e+02   1.5513e+03
  1.1836e+02  -1.0471e+02
 -5.1042e+01  -2.3342e+01
  5.3896e+00   1.2476e+01
 -3.2880e+00  -4.4626e+00
  7.2450e+00  -1.5663e+01
 -1.4312e+02  -2.2236e+02
  3.7863e+01   1.1152e+02
 -1.6107e+01  -4.3247e+01
 -1.0637e+03   6.7884e+02
  1.7589e+00   2.7924e+00
  1.6569e+00   2.7436e+01
  3.0003e+01   3.2927e+01
  1.1389e+01  -1.3931e+00
 -1.1019e+02   1.1818e+02
  1.7532e+02   3.6697e+01
 -2.6507e+01   1.0457e+00
 -7.9310e+01  -1.1862e+02
  2.9362e+01  -5.9933e+01
  2.2626e+01   7.9386e+00
 -1.7478e+00   6.6360e+00
  1.9258e+00  -3.0146e+01
  2.0488e+01  -7.3871e+01
 -2.7551e+01  -1.7768e+00
 -3.9995e-01  -6.8074e+00
  1.6115e+01  -8.1356e+00
  2.2114e+02   2.6021e+02
 -1.6854e+01   1.4662e+00
 -8.2827e+01   8.3567e+01
  1.0881e+01  -5.0666e+01
  5.9775e+00  -4.9535e+00
  1.9923e+01  -1.4418e+01
  8.6274e+00  -3.4085e+00
  1.0556e+02  -2.8983e+02
 -7.4090e-01  -2.6575e+00
  1.3942e+01   2.2203e+01
  1.6384e+01   6.6835e+00
  6.6753e+02  -5.9848e+02
  4.9739e-01   5.4856e+00
  3.9188e+01   1.5791e+02
 -3.2503e+00   8.8435e+00
 -4.0486e+01  -8.9439e+00
 -1.7539e+02  -2.6984e+02
 -1.0788e+01   7.3557e+01
 -2.0826e+01   2.7183e+01
  3.6396e+02   2.0264e+02
 -2.9149e+01  -4.8254e+01
  3.6428e+02  -1.0374e+02
 -1.7038e+01   4.8485e+01
 -7.2015e+01  -5.3421e+01
 -1.0213e+01  -4.0756e+01
 -7.8494e+00  -1.3997e+01
 -6.6650e+00  -2.0510e+00
 -4.3610e+01   3.3016e+01
  8.3644e-01   1.1802e+01
 -4.3935e+01   2.6111e+01
  7.0837e+01   7.6783e+01
 -2.6218e+01  -1.8070e+01
  8.6556e+01  -2.2978e+01
  1.7771e+00   1.0192e+01
  4.8696e+01  -8.3153e+01
 -4.6103e+00  -1.5825e+01
  3.7614e+02   2.3310e+01
  9.2471e+00   5.4111e+01
 -1.5322e+01   1.1702e+01
  7.0264e+00   2.3735e+01
 -3.2580e+01  -9.8725e+00
  6.6672e+00   5.8377e+00
  5.3357e+00   2.5080e+00
 -2.9550e+01   2.7147e+01
 -9.4375e-01  -8.3164e+00
 -2.3405e+00  -5.0519e+01
 -2.1854e+01   9.3419e+00
 -2.0091e+00  -6.6203e+00
  2.0278e+01   5.3325e+01
  1.4402e+01   3.0755e+01
 -1.3073e+00   3.0350e+01
  1.0382e+01   2.8280e+01
 -1.6473e+02  -2.7289e+02
  2.9398e+01   5.6317e+01
  5.2042e+01  -5.7392e+00
 -1.3484e+02   7.4270e+01
 -1.1885e+02   4.2141e+01
  6.0259e-01   1.2544e+01
  1.7041e+00  -1.9580e+01
 -9.6151e+00   2.0004e+01
  4.8495e+00  -9.9164e+00
  1.1177e+01  -3.7368e+01
  2.7565e+02   1.8103e+02
  1.6374e+01  -6.8456e-01
  1.6213e+01  -4.5014e+01
 -4.3158e+01  -1.2348e+02
  7.7472e+01   2.5191e+00
 -2.2342e+00  -3.1175e+00
  2.0660e+01  -1.7708e+01
  1.9269e+00   3.8454e+00
 -1.2660e+01  -1.9158e+01
 -3.5413e+01   2.7493e+01
  6.9504e+00   1.0031e+02
 -3.3562e+01   3.6221e+01
 -3.3634e+01   2.9564e+00
  8.8289e+00   2.1629e+00
 -5.8766e+01  -1.0859e+01
  6.9217e+01  -6.7679e+00
 -6.3353e-01  -9.2715e+01
 -2.2262e+02   6.9711e+02
  2.1508e+00  -8.1643e+00
 -1.2870e+02   2.3136e+02
 -6.5991e+01  -2.5457e+01
 -7.2191e+00  -8.0347e+00
 -1.9061e+01   1.6234e+01
  3.8080e+01  -1.3034e+01
  1.8533e+01   2.0719e+01
  1.9695e+01   2.4536e+01
  7.5524e+00  -3.0613e+01
 -1.9112e+00  -3.7572e+01
  1.1848e+00  -5.0582e+01
 -1.1187e+03  -3.5808e+02
 -1.1965e+01  -6.2030e+00
 -1.1284e+01  -6.4290e+01
 -3.4759e+01   6.0777e+00
 -7.3495e+00  -1.0395e+03
 -1.0524e+01   1.4289e+00
  1.0854e+02  -6.0217e+01
  2.4782e+01   1.5148e+00
  1.3583e+01  -1.9951e+00
 -1.8622e+01  -1.5319e+00
  1.0281e+01   1.0881e+01
 -7.7257e+00   2.1911e+01
  6.0402e+00   4.3081e+00
 -1.3052e-01   2.7640e+01
  1.2269e+00   2.0457e+01
  7.4663e+01  -1.7523e+01
  1.1334e+02   1.0301e+02
 -3.1616e+01  -2.4024e+01
 -2.0509e+00  -2.1198e+01
  2.5474e+02  -1.9562e+02
  3.8022e+02  -7.2391e+02
 -1.2279e+01  -5.2853e+01
 -1.3306e+02   1.3205e+02
 -1.6716e+01  -1.4831e+01
  2.7775e+00   4.1453e+01
 -4.3370e+01  -3.6847e+01
 -7.7959e+00   1.1171e+01
  6.1732e+01  -1.4944e+01
 -1.9252e+01  -5.9234e+00
  1.3617e+01   3.4661e+01
 -1.0948e+01  -1.1921e+01
 -2.1722e+00   1.5127e+01
 -2.9792e+01   2.4288e+01
 -2.6315e+02  -9.5366e+01
 -1.2925e+01  -6.3391e+01
  6.6882e+01  -2.4787e+01
  5.2393e+01   2.2986e+01
 -1.2541e+01  -3.6742e-01
  7.1661e+00  -2.7121e+00
  3.4700e+01  -4.2203e+01
 -6.6362e+00   1.1742e+01
  2.0933e+01   5.6347e+01
 -1.9646e+02  -2.8154e+01
 -3.4019e+00  -1.5685e+01
  8.6784e+00   1.6034e+01
 -2.4094e+01  -1.8167e+00
  7.4715e+00  -1.1612e+01
 -9.6793e+00   2.7528e+01
 -1.1146e+01   3.1237e+01
 -2.9680e+00   9.0952e+00
 -4.9698e+01   4.4829e+00
 -1.6443e+01  -1.4998e+01
 -3.8033e+02   8.6894e+02
 -2.5253e+01  -8.1600e+00
  8.4068e+01   2.0351e+01
  1.3590e+01  -2.0346e+01
  3.4279e+02  -1.3423e+02
 -1.8778e+01   1.8503e+01
 -1.3763e+03   1.6753e+03
  8.3454e-02   2.6807e+01
 -1.8020e+01  -7.1840e+01
  3.8821e+01   6.9232e+00
  2.7209e+01   4.3498e+01
 -2.4901e+01   2.5992e+01
 -3.1979e+01   2.9918e+01
 -1.0786e+01   7.6584e+00
  4.0420e+01   4.9917e+01
 -3.0772e+02   1.3521e+02
 -2.4495e+02  -2.0679e+02
 -4.6034e+01  -1.9228e+01
 -1.6436e+01  -2.3633e+00
 -2.1432e+00   8.3609e+00
  3.8450e+01  -3.2597e+01
 -2.5845e+01   1.3926e+01
  4.2868e+00  -2.5785e+01
 -3.1296e+01  -6.1216e+01
  2.4948e+02   1.9993e+02
 -6.2388e+01   1.5908e+03
 -1.3283e+03  -5.8804e+02
  1.4048e+00  -9.2297e+00
 -1.4041e+02   7.0967e+01
  3.8214e+02  -1.8873e+01
 -2.9562e+01  -8.6129e+00
  6.0153e+02  -3.1488e+02
  6.3419e+01  -2.2160e+01
  6.3281e+00   1.8533e+01
 -1.6018e+00   7.3232e+00
  9.1921e+00   4.2108e+00
 -5.5798e+01   2.6866e+01
 -4.2712e+01   5.3007e+01
 -2.9456e+01   5.4201e+01
  6.1164e+00   2.2894e+01
 -1.7229e+01  -1.7278e+01
  1.0040e+00  -1.4441e+01
 -1.7058e+01  -2.5180e+00
  9.6949e-01  -2.5861e+01
 -1.4198e+00   5.2449e-02
 -6.1157e+01   6.1671e+01
 -1.2445e+02   1.9251e+02
  5.6212e+01   3.9134e+01
 -4.4155e+01  -1.5777e+00
 -2.1172e+02  -1.5605e+01
 -4.5882e+01   8.5646e+01
 -3.3920e+02   1.4024e+02
 -9.9118e+00   3.7650e+02
  1.2421e+01   8.4756e+00
  2.0663e+01  -1.5462e+01
  9.0949e+01   1.9557e+02
 -6.8770e+02  -4.0746e+02
 -2.7731e+01  -7.8445e+01
  1.4285e+01  -7.8602e+01
 -2.3264e-01   9.0496e+00
 -5.5200e+00  -1.6582e+01
 -2.2232e-01   4.6677e+00
 -9.6550e+01  -1.0016e+02
 -3.8069e+01   1.1789e+01
 -5.5523e+00  -8.1777e+00
  3.8664e+01  -4.7889e+01
 -7.5865e+00   8.1338e+00
  8.7898e+00   5.4280e+00
  1.4311e+01   2.3340e+00
  2.7640e+02   8.0164e+00
 -9.3484e+01  -1.4227e+01
 -4.2479e+01   9.7449e+00
  1.8322e+02   2.7350e+02
 -3.8703e+02  -1.3668e+02
 -3.3528e+01  -5.7632e+01
  9.0919e-01   6.6476e+00
  1.7053e+01  -3.8906e+02
  7.7961e+00  -1.5759e+01
  9.7139e+01  -9.5379e+00
 -1.3617e+01  -8.4392e+00
 -5.9183e+01   7.7394e+01
  6.7887e+00   2.2702e+01
 -7.0680e+00   1.0362e+01
  1.3241e+02  -3.2115e+01
  5.4936e+02   6.3245e+02
 -4.2513e+01  -6.2751e+01
  6.2563e+00   1.1375e+01
  6.6068e+01   5.0009e+00
  2.3940e+00  -3.3768e+01
  8.9880e+00  -5.6876e+00
 -2.1845e+01  -1.5150e+00
  1.0045e+01   2.3319e+01
  9.4812e+01   3.2089e+01
 -8.4492e+00  -3.5273e+01
 -1.1901e+02  -7.7899e+01
 -4.9537e+00  -2.9613e+01
  1.1317e+02   3.7248e+01
 -2.1902e+01  -3.4799e+00
  1.4304e+01   3.6125e+00
  1.4990e+01   8.9155e+01
  4.9182e+01   4.2417e+01
  1.8629e+01   3.0912e+01
  7.4707e+00  -2.4640e+01
 -8.7521e+00  -3.1208e+01
  1.7207e+02   1.3808e+01
  1.4522e+01  -4.0654e+01
  1.1193e+01  -1.8620e+01
  1.3476e+01  -1.1374e+00
 -1.1998e+01   3.4477e-01
  1.1448e+02   2.8353e+01
 -1.7364e+02  -2.9660e+01
  1.1392e+01  -1.5178e+01
 -1.4083e+00   4.9464e+01
 -6.1883e+00   1.7787e+01
 -1.4709e+01   7.8918e-01
 -5.1269e+00  -2.1697e+01
  7.6247e+00  -9.0309e+00
  1.2525e+01   1.5696e+01
  5.8899e+01  -6.8354e+01
 -1.1046e+01   3.6064e+00
  8.4355e+00  -7.8799e+01
  2.5457e+01  -2.3788e+01
  3.6211e+01   1.2649e+02
 -2.0699e+01   2.0741e+01
 -7.1367e+00   1.4688e+01
 -4.7833e-01   6.3618e+00
 -7.2823e+01  -1.2533e+02
 -9.7171e+01  -1.8856e+02
 -3.8835e+01   7.6260e+01
 -1.8155e+01   1.0072e+01
  2.1863e+01  -1.0265e+01
  1.1080e+01  -7.1842e+00
  3.8239e+01  -3.2632e+01
  2.8239e+01   3.3055e+01
  9.1261e+00   4.4886e+01
 -1.1608e+01  -5.8573e-01
 -1.5924e+01   2.4426e+01
 -5.0153e+01  -4.8639e+00
 -2.1649e+01  -5.0656e+00
  2.7721e+00   8.3641e-01
 -7.0797e+01   1.0639e+00
  5.2005e+00   7.6730e+00
  1.5533e+01   1.0028e+01
  3.9250e+02   1.6956e+02
 -4.0071e+01  -3.1153e+01
  5.1556e+00  -1.4131e+01
  3.9033e+01  -2.8380e+01
  9.0890e+00   1.2118e+00
  1.6690e+01  -1.1276e+01
  1.1553e+02  -4.5304e+01
  1.5195e+02  -1.1993e+02
 -2.4582e+00   4.0455e+00
 -6.5540e+01   2.9934e+01
 -9.7665e+01  -3.4230e+02
  3.7921e+01   1.8296e+01
 -1.0693e+02  -2.4221e+01
 -6.5302e+01  -6.2644e+01
 -2.8302e+01  -3.0178e+01
  2.4907e+01   1.4301e+02
  5.7778e+01  -1.0916e+02
 -8.5147e+01   3.8566e+01
 -4.0521e+01   3.4271e+01
  2.3331e+01   2.7033e+01
 -1.4495e+00  -1.9933e+01
 -1.2305e+01   1.6409e+01
  1.5671e+01  -1.2176e+01
  8.7143e+00   7.1110e-01
  9.2131e+02   1.0014e+02
 -1.8176e+03  -6.4360e+03
  2.3921e+01   1.3210e+01
  1.3098e+02   1.0522e+01
  1.2293e+01   2.3236e+01
 -4.4434e+01   2.8074e+00
 -9.9617e+00  -6.6320e+01
  1.8757e+01  -4.0518e+00
  4.7959e+01   2.7074e+01
 -8.7344e+00   1.0742e+01
  7.9800e+01   3.3273e+01
 -6.0574e+01   3.9850e+01
  2.9788e+02   3.2902e+02
  2.0533e+00   1.1459e+01
  5.2597e+01  -2.2025e+01
  6.8895e+00   2.9984e+01
  2.9278e+01  -4.1466e+01
 -5.2538e+01   9.7524e+01
  2.7068e+01  -7.0959e+00
  8.9492e+01  -1.1016e+02
 -1.1032e+02  -1.1226e+00
 -5.6844e+00  -5.3356e+01
 -6.2846e+00  -1.7064e+01
  2.5962e+00   1.0281e+03
  1.1146e+02   7.8453e+01
  6.7095e+00   5.1267e+00
  1.5313e+01   9.4189e+00
 -4.8606e+00  -6.3566e+00
  7.5722e+00   5.5577e+00
  8.8683e+00  -2.1023e+01
  5.4242e-01   1.0835e+01
 -1.8845e+01  -5.8303e+00
  1.1377e+03   3.5444e+02
 -1.9712e+01  -4.5361e+01
 -2.7220e+01  -7.2337e+01
 -4.0012e+01   1.8183e+01
 -1.4537e+02  -8.0215e+01
  1.6525e+02  -4.3084e+01
  6.5848e+00  -4.3023e+01
 -1.3348e+01   2.2533e+01
  4.4043e+01   2.8059e+01
 -1.0801e+01   1.4147e+01
  3.7072e+01   3.5614e+01
  4.0742e+00   1.0183e+01
  1.4760e+01   2.7002e+01
 -1.6728e+01  -1.5984e+01
 -2.7255e+01   2.6749e+00
 -1.7378e+01  -2.2035e+01
 -1.8816e+01   1.7725e+01
  1.1233e+01   2.2447e+01
  5.9494e+01   3.1759e+01
 -4.0460e+00   5.6349e+00
 -5.5508e+00  -1.1579e+01
  7.5379e+01  -1.5253e+02
  7.8571e+00  -2.7419e+01
  1.6779e+01   1.4966e+01
 -4.0717e+00   4.5355e+01
 -4.3413e+01  -1.6269e+01
  1.4287e+01   1.3196e+01
 -3.5868e+01   4.6600e+01
  3.2481e+01   9.8878e+00
 -1.8542e+01  -3.9388e+01
 -3.5230e+03  -7.2170e+03
  2.1814e+00   1.4492e+01
  2.7088e+01  -1.7191e-01
  5.3743e+01   1.0808e+01
  2.1946e+00   1.4216e+01
  1.8751e+01  -2.8077e+01
  4.6034e+00  -8.7030e+01
 -3.1280e+01  -6.8525e+01
 -1.8525e+02   3.4688e+01
 -3.1050e+00  -1.0246e+01
  6.4679e+00   4.1754e+00
  2.1202e+03   5.1497e+01
 -1.8158e+01  -2.0358e+01
  5.2845e+01   7.2976e+01
 -2.4169e+01  -2.6951e+01
 -7.5844e+01   7.6281e+00
  6.3915e+00  -1.9407e+01
  9.0118e+01   1.4011e+02
 -7.0473e+01  -1.1772e+01
 -1.9007e+01  -7.8988e+00
 -2.5601e+01  -1.5826e+01
  9.4046e+01   3.2081e+02
  1.4866e+02  -1.7288e+02
 -1.3527e+00   8.3826e+00
  1.0266e+02  -2.1386e+02
 -9.4053e-01   5.0661e+01
 -1.4403e+01   4.4809e+01
  9.5426e+00   3.0528e+01
 -6.9289e+02  -6.1629e+02
  1.3724e+03  -1.6997e+03
 -1.1716e+01  -7.0097e+01
 -4.5087e+00   2.7699e+01
  3.0278e-01  -1.4755e+01
  2.6287e+01  -2.3987e+01
  2.9014e+02   1.5800e+02
  2.7463e+01   2.0074e+02
  9.0818e+00  -2.2516e+01
  7.8201e+01  -1.5806e+02
  2.6053e+01  -3.6299e+02
  2.4312e+01  -1.1997e+01
 -9.2094e+00  -1.8539e+01
  1.8074e+01   2.1791e+01
  1.3049e+01   6.3436e+00
 -1.0645e+00  -1.1355e+01
 -2.7412e+01  -2.1696e+01
  1.6351e+01  -1.0885e+01
  1.6692e+01   7.6729e+00
  2.3404e+02   4.1438e+01
  4.8072e+01  -1.0239e+01
 -1.1040e+01  -5.7676e+01
 -1.0372e+00  -2.1251e+00
 -3.8970e+02   7.1123e+02
 -1.1350e+01   2.9731e-01
  5.1124e+01   3.4454e+01
 -4.1126e+01   3.7283e+02
  5.8984e+01   1.0876e+02
  1.8565e+01   8.6197e+01
  3.2875e+01  -3.1177e+00
 -1.0286e+01  -1.1573e+01
 -5.2080e+01  -2.3163e+02
  3.4361e+00  -2.7449e+00
  1.9352e+01  -1.2351e+00
  2.1317e+01  -1.7539e+00
 -6.4578e+00   3.7682e+00
 -2.2015e+01   3.9220e+01
  1.0914e+01  -7.7905e+00
  5.4255e+01   3.9539e+01
  2.8902e+01   3.4782e+00
  4.6794e+01  -3.3480e+02
 -4.1815e+01  -5.5207e+01
  1.3206e+02   1.8954e+01
 -6.6265e+01   5.7147e+01
  1.2656e+02   5.2301e+01
  8.4505e+00   8.5884e+00
  1.0712e+01   1.9498e+01
  7.1702e+00   1.7359e+01
 -2.8753e+01   2.3665e+01
  3.0913e+01   7.3506e+00
 -4.2202e+01  -9.7795e+00
  4.7514e+01  -5.2751e+01
  1.4784e+00   2.3840e+01
  3.1816e+02  -1.1099e+02
  1.7848e+02  -5.8726e+01
 -4.3576e+01   3.8089e+01
 -2.6365e+02   2.0430e+02
  1.9350e+01   3.0438e+01
  1.2177e+01  -2.5582e+01
 -4.2846e+01  -1.4609e+01
  1.5568e+02  -4.7908e+01
 -1.1307e+02  -4.2478e+01
  1.1034e+02   3.4722e+01
 -5.8390e+00  -5.0847e+01
 -3.8502e+01  -3.5663e+01
 -8.8790e+00   9.9469e+01
 -5.6171e+02   2.1266e+02
 -1.6010e+03  -1.5540e+03
  2.4066e+01  -1.4132e+01
  4.3386e+01   1.0764e+02
  2.7477e+01   7.6249e+01
 -7.8623e+00  -1.8430e+01
 -1.9846e+01   4.7441e+01
  3.2401e+01   2.6225e+01
 -9.9002e+00   4.0090e-01
 -8.8009e+01  -1.0015e+02
  6.8548e+02   6.3181e+02
 -2.0749e+01   2.4645e+02
  2.8497e+01   8.9307e+00
  2.2308e+01   2.9894e+01
 -1.6635e+01   5.3655e-01
 -2.5450e+02  -4.0795e+02
  7.3188e+01  -5.4336e+01
 -8.8388e+00  -4.2042e+01
 -6.1095e+00  -3.6727e+01
  3.6546e+02   8.1211e+01
 -1.9649e+02  -9.0670e+00
  2.1273e+01   8.2694e+00
  8.4855e+00  -7.8154e+00
 -1.4775e+01   3.1267e+00
 -3.4681e+02  -3.5634e+02
 -1.5065e+01   2.1949e+01
  6.1193e+01  -3.0704e+01
  1.1132e+01   7.5826e+00
 -1.0261e+01  -6.9745e+00
 -4.8368e+01   1.2498e+00
 -6.8539e+00  -9.0296e+00
 -4.6646e+00   1.1568e+01
  2.9317e+01   4.5062e+01
  3.5285e+03   7.2214e+03
 -9.8250e+00   2.1411e+00
 -2.5033e+01  -7.5679e+01
 -4.9265e-01   3.5024e+01
  2.4828e+01   2.7997e+00
 -4.2253e+01  -2.3139e+01
 -3.6546e+01   6.7891e+00
  6.9406e+00   5.0271e+00
  1.9414e+01  -4.4851e+01
 -3.5754e+01  -2.3777e+01
 -6.7992e+00  -1.7575e+01
 -3.3322e+00  -1.6936e+01
 -4.6339e+01  -4.5774e+00
 -7.8670e+01   4.3149e+01
 -2.0617e+00  -3.5060e+01
 -2.1250e+03  -5.7897e+01
  6.5204e+02  -2.8729e+02
  7.9843e+00   4.8944e+00
  1.2176e+01  -2.1923e+01
 -4.5293e+01  -1.4626e+00
 -5.7678e+01   9.5492e-01
  1.8848e+01   5.2802e+01
 -6.4698e+01  -1.5546e+01
 -1.2167e+02  -9.3844e+00
 -1.0884e+01  -3.6497e+01
 -6.0653e+00  -1.2557e+01
  1.5648e+02   8.8809e+01
  5.1827e+01  -2.5523e+01
 -2.6280e+01   3.3481e+01
 -2.3428e+01   2.5161e+01
 -8.2803e+01   1.4265e+02
  6.7223e+00   4.8617e+00
 -3.8557e+01   8.8042e+00
 -1.5861e+01  -1.7481e+01
  3.9221e+01   7.5101e+01
 -3.0088e+01   6.8718e+01
 -1.0281e+01   1.8970e+00
  4.5583e+01   9.5480e+00
 -1.3260e+00   2.0539e+01
  1.1392e+01   1.5828e+01
 -1.8973e+01   5.3829e+01
 -2.4644e+00   2.5365e+00
 -1.8333e+02  -2.1278e+00
  1.7054e+01  -1.5647e+00
  5.0688e+00  -4.5742e+01
  7.3594e+00  -2.6321e-01
  7.0538e+01  -7.3232e+01
 -1.4647e+01   1.4540e+01
  5.2703e-01   3.9302e+00
  6.4092e+01   3.3867e+00
  5.9168e+01  -1.0143e+01
  5.2495e+01   1.0596e+01
  3.0857e+01   3.7473e+01
  6.2287e+00  -3.8423e+00
 -4.3495e+01  -7.1983e+01
  3.9182e+01   7.6480e+00
 -1.1840e+02   4.2197e+01
  1.4697e+00   1.6371e+01
  3.3957e+01   5.4848e+01
 -6.3608e+02   1.0835e+03
 -1.7429e+01  -7.8074e+00
  1.2707e+01  -2.6346e+01
  3.7549e+02  -3.2366e+03
 -1.4589e+01  -5.2209e+01
 -2.7799e+01   9.2380e+00
  5.8599e+00   5.3297e-01
 -1.0448e+01   1.7639e+01
  3.3273e+01   1.4766e+01
 -2.8432e+01   5.3327e+01
  4.8449e+00  -5.8615e+01
  6.6876e+01   2.0529e+01
 -2.7425e-01  -1.4411e+02
  2.9544e+01  -3.0144e+01
  5.6126e+00  -1.3439e+02
  7.1089e+00   8.0930e+01
  7.0528e+01   2.9406e+01
  3.4358e+00   1.5635e+01
 -2.8251e+00  -1.5859e+00
 -1.8521e+01   1.6543e+01
 -1.7436e+01   7.2146e+00
  7.5906e+01   1.7931e+01
  1.9099e+00   9.6093e-01
 -1.0813e+01   4.9076e-01
  1.6594e+01  -7.6574e+00
 -5.9532e+00   4.8224e+00
  1.9884e+01   4.2715e+00
 -6.0453e+00   1.4758e+01
  1.0309e+02   9.0623e+01
 -1.0579e+01  -2.4683e+01
  3.8872e+00   9.7450e+01
 -3.8396e+00  -2.3965e+00
 -6.5091e+01   3.9569e+01
  1.5056e+01  -1.6770e+01
 -3.5139e+02   5.8218e+01
  1.4127e+01   8.4531e+00
  3.1036e+01  -3.9115e+01
  2.1274e+01   1.2769e+01
 -2.3128e+01   5.4883e+01
  4.1560e+02  -8.8461e+02
 -1.7949e+01  -1.5259e+01
  7.2315e+01  -3.9390e+01
 -1.5475e+01   2.2059e+01
 -1.1705e+01   1.1389e+01
  2.7564e+01  -3.8961e+00
 -1.8101e+00  -2.6450e+01
 -3.4406e+01  -4.9865e+00
  7.9481e+00   1.2608e+00
 -1.2342e+01  -1.5440e+01
  1.8745e+00  -2.1399e+01
 -1.0553e+02  -8.2036e+01
 -2.6357e+01  -3.5346e+02
 -7.0966e+02   6.5817e+02
  6.7674e+01   1.2016e+01
  5.4470e+00  -1.6885e+01
  2.1618e+00   3.2926e+01
  1.2753e+02   1.0447e+02
 -2.9587e+01   7.7709e-01
 -3.1379e+01  -1.4360e+01
 -3.6143e+00  -2.4029e+00
 -2.4928e+00  -2.1267e+01
 -4.2255e+01  -7.9911e+01
  1.3524e+01   1.9187e+00
  7.6210e+01  -5.3781e+01
  9.8595e+00  -2.3476e+01
  7.4989e+01  -1.8044e+01
 -2.6195e-01  -1.9750e+00
 -2.3663e+01   7.4407e+00
 -9.0115e+00   3.6795e+01
 -5.6059e+02  -6.3685e+02
 -1.2421e+01  -1.4863e+01
  6.5573e-01   1.8087e+01
  1.4808e+00  -4.3326e+00
 -1.4437e+01  -3.1322e+01
 -3.8055e+00  -2.2433e+01
 -1.2910e+01   2.4872e+01
 -9.4096e+01  -1.1083e+02
 -3.5348e+02  -1.1021e+02
  3.2607e+01  -2.5118e+01
 -1.5191e+00   3.1732e+00
 -4.8905e+02  -1.0893e+02
  6.0045e+01   1.2655e+01
  1.6769e+01  -2.0033e+01
 -3.2257e+01   5.9420e+00
 -6.4174e+02   2.9771e+02
  2.0715e+00  -6.9980e+00
 -1.1261e+01   8.2454e+01
 -2.7044e+01  -1.6998e+01
 -4.3646e+00   7.4511e+00
 -4.5374e+01   3.3038e+02
 -5.8151e+01  -8.1066e+01
  9.7424e+01  -5.4976e+01
 -6.2656e+01   8.5740e+01
  3.0951e+01   1.7195e+01
  3.5507e+01   2.0993e+00
 -4.5097e+00   3.5904e+01
  2.6167e+00  -1.2186e+00
 -1.6404e+02   3.8035e+02
 -2.0984e+00   6.8090e+01
  9.0523e+00  -2.1041e+01
  3.2339e+00   3.0084e+00
  1.3396e+01  -2.9727e+00
 -2.3608e+01   5.8274e+01
  9.7906e+00  -1.9507e+01
 -7.8810e+01  -7.2908e+01
 -2.9775e+01  -5.3610e+01
 -6.0361e+01  -4.3530e-02
 -2.2668e+01   3.9110e+01
 -1.9791e+01  -1.4741e+01
 -1.6394e+01  -4.0147e+01
 -4.9857e+00   2.1152e+00
 -3.5788e+01  -1.2598e+02
  3.9362e+01  -9.4099e+01
  4.5558e+00   3.3530e+00
  1.3072e+01   5.9620e+01
  2.2005e+01  -2.6300e+01
 -4.8628e+01  -3.9254e+01
 -3.8997e+01  -5.8557e+01
  3.7342e+01  -2.3612e+01
  4.3086e+00  -2.3519e+01
 -1.1018e+01   5.7571e+00
  7.4915e+00   1.6481e+01
 -9.5197e+00  -2.4811e+01
  6.0534e+00  -1.4055e+00
  5.4933e+00  -2.7847e+00
 -4.9261e-01  -1.6422e+01
  6.4437e+00   1.3259e-01
  7.6337e+01   9.6112e+01
  7.6240e+00   8.5472e+00
 -1.0102e+01  -5.1938e+00
  7.3920e+01  -4.2377e+01
 -1.0618e+01  -2.7677e+01
  1.3402e+02  -2.3469e+02
 -2.2173e+01   3.1309e+01
 -3.4389e+01  -8.1184e+00
 -2.4783e+01  -1.1726e+01
  9.3492e+00   9.1182e+00
  3.1392e+00   3.4801e+00
 -1.1232e+02   2.1204e+02
 -9.2343e+01   9.7040e+01
 -2.0417e+03  -6.7187e+01
 -3.7493e+02  -5.8373e+00
  6.3362e+00  -9.7788e+00
  7.1134e+00  -2.7398e+00
  3.1300e+01   9.2569e+01
  7.9879e+02  -1.0015e+03
  2.8355e+01  -2.7659e+01
  1.2812e+03   5.9847e+02
 -9.3929e+02  -3.9722e+01
  2.1276e+01   1.0701e+01
 -1.4706e+01   2.3533e+01
 -1.9337e+02   5.4165e+02
 -1.2320e+02  -1.5995e+02
 -5.1243e+01  -1.8910e+01
  3.0668e+00   9.0713e+00
 -8.0470e+01  -1.6128e+01
  6.8439e+02  -1.8390e+03
  3.0863e+00  -6.6472e+00
 -8.8736e+00   1.8704e+01
  5.5501e+01   1.8235e+01
 -5.6015e+01  -8.0134e+01
  6.9242e+00  -2.0494e-01
  9.2476e+00  -7.8836e+00
 -1.0603e+01  -2.0734e+01
  1.6089e+00  -2.3170e+00
  1.9476e+02  -3.3553e+02
  3.1883e+01  -1.5806e+03
  1.0030e+02   1.2439e+02
 -1.5566e+01  -4.0452e+00
 -6.3233e-02   2.2910e+01
 -3.7952e+00  -8.2961e+00
  8.4145e+00   6.3979e+00
  5.1163e+01   1.1085e+01
 -1.6845e+01   2.4642e+01
  3.9644e+01  -9.0311e+00
 -1.0532e+02   1.3234e+02
  1.1444e+02  -2.0425e+01
  1.8824e+02   3.3754e+01
  6.6054e-01   1.3623e+01
  1.4822e+01   2.6233e+01
  6.7593e+02   4.0905e+02
  3.1009e+00   2.1609e+00
  6.5235e+01   1.8039e+02
  2.3948e+01   5.8528e+00
 -7.2275e+01  -8.3799e+01
 -2.0550e+00   1.1311e-01
  4.0456e+00  -1.2952e+01
  2.0311e+01   3.7277e+01
 -1.4401e+02  -5.7074e+01
  2.0015e+02  -7.8676e+02
 -1.6341e+01  -1.0961e+01
 -1.1672e+01   7.4233e+01
  5.0486e+01   1.7947e+01
 -2.8753e+01  -2.6352e+01
  6.2806e+01  -5.5964e-01
  1.0366e+01  -2.2371e+01
 -2.1951e+01  -6.2582e+00
 -4.6445e+02  -1.5591e+03
 -2.3664e+02  -2.6088e+02
 -1.8893e+01   2.4247e+00
 -7.4323e+01   8.8091e+00
  6.8305e+00   6.7613e-01
 -1.7383e+01   7.9171e+00
 -4.9858e+00   4.7818e+00
 -2.1035e+02   1.5398e+02
 -1.9798e+01  -1.6998e+01
 -2.1309e+01   1.6382e+01
  7.7489e+00  -3.0406e+00
  1.4459e+01  -5.4389e+01
 -2.1072e+01   7.6047e+01
 -2.0369e+01   9.1657e+01
  6.3988e+01  -3.1650e+01
  1.8191e+02  -5.4623e+02
 -5.3818e+02   2.3310e+02
  2.5819e+01   2.7137e+01
 -5.6892e-01  -5.0299e+00
  5.4632e+00  -2.4182e+01
 -2.7488e+01  -8.3695e+01
  1.6323e+01  -1.8811e+01
 -4.7137e+02  -2.3074e+03
 -9.4312e+00  -1.0400e+01
  3.3573e+02   3.5767e+02
  3.1154e+00   5.1089e+00
 -1.7740e+01   1.0037e+02
  1.3794e+01   2.5753e+01
 -7.8915e+00  -5.3025e+01
  2.3117e+01  -6.3928e+01
 -3.2757e+00  -1.4944e+00
 -1.9593e+01   7.2365e+00
  1.8230e+03   6.4299e+03
 -1.5489e+01  -4.2814e+01
  7.8259e+00  -4.8232e+00
  1.2652e+01   1.4914e+01
  2.8399e+01  -9.8226e+00
 -1.4292e+02   2.2943e+01
  9.2212e+00  -8.1069e+00
  4.2678e+01   2.1938e+01
  6.0625e+01   1.2851e+02
 -5.6804e+01  -1.9749e+01
  1.2806e+00   1.1030e+01
 -6.3897e+01  -9.8778e+01
 -7.8319e+00   2.5155e+01
 -1.1272e+02   1.0638e+01
  1.9115e+01  -8.3393e+01
 -2.4486e+00  -2.3457e+00
 -3.7971e+01  -1.5261e+01
  4.6058e+01   1.3860e+02
 -2.6109e+01   2.6562e-01
 -1.4804e+02   2.9858e+01
 -3.2030e+01   2.3462e+01
  1.8811e+01   1.9663e+01
 -2.8351e+01   1.8625e+01
  2.4441e+01   3.0723e-01
