  3.4707e+00  -1.0402e+01
  3.3634e+00  -5.2906e-01
  7.5521e+00   1.3852e+01
 -3.9594e-01  -1.8038e+01
 -1.3456e+02  -1.6275e+02
 -8.0821e+00  -2.3958e+01
 -9.8323e-01   2.8090e+00
 -4.8698e+00   5.5046e+00
  4.2694e-01  -2.9425e+00
 -2.2635e+00  -1.7645e+00
 -3.9827e+00  -5.1324e+00
 -1.2694e+01  -1.6782e+01
  1.5928e+01  -3.6190e-01
 -1.2231e+02  -6.8067e+00
  1.4596e+01   2.5092e+01
 -2.0781e+01  -2.7255e+00
 -4.6444e+00  -7.3912e+00
  2.9273e+01   2.0592e+01
 -4.7765e+00  -5.5269e+00
  2.5491e+00  -7.2183e+00
  5.7226e+01   1.2797e+01
 -2.2078e+01   1.0448e+01
  1.3246e+01  -7.8060e+00
  1.8324e+00   2.6479e+00
 -5.3859e+01  -2.3703e+01
  3.6444e+00  -1.1046e+01
  2.3484e+02   6.2926e+01
 -2.9824e+02   7.7534e+02
  4.7128e+02  -2.9920e+02
 -1.8477e+00   1.6729e+01
  7.0565e+00  -4.1165e+00
  1.3415e+00   3.5531e+01
  2.0775e+00   1.6194e+00
  6.2340e+01   3.0300e+00
  1.2265e+01  -1.2479e+01
  4.3282e+00  -1.9546e+00
  9.3007e+01   1.9083e+02
  3.6765e+00  -3.0936e+00
 -5.5495e+00   4.4786e+00
 -8.7237e+00   3.3854e+01
 -1.7676e+01   1.5086e+01
  1.5127e+00  -1.5083e+01
 -1.3414e+01  -3.0847e-01
  9.5168e+00   2.7719e+00
 -1.2679e+02  -4.9177e+01
 -3.8346e+01  -1.3588e+01
 -2.8495e+00  -2.5373e+01
 -2.8679e+01  -2.7687e+01
 -2.6698e+00  -6.0213e+00
  3.3164e+01  -1.0758e+01
 -2.8989e+01   3.0474e+01
  5.4136e+00  -7.3712e-01
  8.0805e+00   1.0449e+01
  6.1154e+00   3.9384e+00
 -1.4777e+01  -5.2455e+00
 -7.5632e+00   9.5576e+00
 -9.5320e-02  -6.1000e-01
 -8.6681e+00  -2.6504e+00
 -8.1479e+01   2.0861e+01
  1.7670e+01   4.2348e+01
 -1.0444e+01   3.9890e+00
 -5.9291e+01   5.0846e+00
 -6.7962e+00   1.8378e+00
  5.8300e+01   2.5813e+02
  1.6002e+00   2.5151e+01
 -3.9508e+00  -6.6133e+00
  2.5467e+00   2.5822e+00
  2.1173e+00  -6.2538e+00
  9.3946e+02   2.6782e+01
  1.0526e+01   1.4516e+01
  7.0783e+00   9.8425e-01
  3.0564e+00  -8.9374e-01
  6.7525e+00  -8.0920e-01
  2.3753e+01  -1.9430e+01
  2.3427e+02  -9.8314e+01
  2.9796e+01  -1.5427e+01
 -6.6133e+00   1.0576e+01
  1.2635e+01  -2.0990e+01
 -3.1363e+00   8.0426e+00
 -2.1789e+01   4.4335e+00
  1.5428e+01  -2.8790e+01
 -7.9555e+00  -4.4083e+00
 -2.8447e+01  -6.2706e+01
 -2.0926e+00  -1.5361e+00
  1.8069e+01   1.4261e+01
  7.4796e+00  -6.2448e-01
  5.2920e+01   1.0406e+02
 -1.4853e+00  -7.1190e+00
  6.4683e+00   8.3556e-01
 -1.6075e+01   1.2668e+01
  9.1903e+00  -1.6446e+00
  5.0042e+00   3.3079e+00
 -9.9066e+00  -2.1733e+00
  1.3693e+01   1.2250e+01
  2.7671e+00   4.7625e+00
  4.1452e+00  -5.5563e+00
  3.9855e+01  -2.2739e+01
  1.8739e+00  -2.6797e+01
 -3.8929e+00   5.5356e+00
 -5.5062e+01  -2.8244e+01
 -5.2145e+00   7.6908e+00
 -5.9090e+00   4.7727e+01
  8.8967e-01   7.1102e-02
 -3.1113e+00  -1.7745e+00
  2.2318e+00  -8.2621e-01
 -8.5441e+00   1.3590e+00
 -1.6493e+01  -2.2414e+01
  1.6177e+01   3.8897e+01
 -2.6246e+01   1.4320e+00
  3.8325e+00  -8.6998e+00
  3.5134e+00  -4.0451e+00
  1.4355e+00  -5.3882e+00
 -7.5591e+00   4.5065e-01
  3.5623e-01  -5.3578e+00
 -4.8898e+01   2.8768e+01
 -7.6461e+00  -9.2638e+00
 -7.1945e+01  -4.8684e+00
 -1.2968e+01   1.4621e+01
 -4.7172e+01   1.3259e+01
  4.2854e+00   2.7544e+00
 -4.9634e+00   5.0063e+00
  3.6316e+00   2.9914e+00
  1.0492e+01  -2.4030e+01
 -6.9128e-03  -7.4584e+00
 -4.1749e+00   1.5694e+00
 -7.3117e+00   2.5105e+00
 -2.5180e+01   2.0479e+01
 -1.3571e+01  -1.1558e+00
 -3.6602e+00  -1.5397e+00
  3.3854e+01  -1.8484e+01
  2.0153e+01  -4.3688e-01
  3.2716e+00  -7.6826e-01
  2.9191e-01   1.5212e+00
  1.1052e-01  -7.8612e+00
 -2.3560e-01   1.9125e+00
 -1.4663e+00   4.6775e+00
 -3.9382e+00   1.2568e+01
 -1.2809e+01   1.4435e+01
 -3.0364e+00  -3.0028e+00
  1.0329e+01   6.4057e+00
  1.7026e+00   8.2711e-01
  1.2775e+00  -6.8105e+00
  1.2025e+01  -6.7434e-01
  2.7164e+00  -5.6217e+00
 -3.9026e+00  -1.0706e+01
  6.3021e+00  -1.7604e+01
  4.9430e+00  -2.1862e+00
 -1.5094e+00   3.5660e+00
  1.3150e+00  -7.3640e-01
 -5.6303e-01   3.0101e+00
 -1.0069e+01  -3.2141e+01
 -4.1614e+00   3.9947e-01
  8.2748e+00   8.2920e+00
 -2.9112e+00   3.2250e+00
 -1.0247e+01  -8.8935e+01
  1.4826e-01   3.7409e+00
 -2.2828e+00  -6.1963e+00
  7.5301e+02   7.1895e+02
 -1.4954e+01   2.9868e+00
 -2.5216e+00   3.6579e+00
 -8.9819e+00   2.8466e+00
  1.9355e+00   1.0947e+01
 -9.0424e+00  -5.8771e+00
  2.1249e+02   7.3169e+02
  5.4222e+01  -4.7753e+01
 -2.1201e+01  -6.2449e+00
  4.3566e+00   3.8460e-01
  7.3237e-01   2.2485e+00
  4.1292e+00  -5.6400e+00
 -6.3005e+01  -9.9072e+01
  1.8187e+01   3.8940e+01
 -7.1880e+00  -1.9240e+01
 -4.7376e+02   3.0556e+02
 -2.1766e+00   3.2073e+00
  3.6492e-01   7.3842e+00
  1.3347e+01   9.9518e+00
  3.2568e+00  -4.5156e+00
 -5.1133e+01   5.4717e+01
  6.8526e+01   1.3625e+01
 -1.5457e+01   5.4060e+00
 -2.7297e+01  -4.3008e+01
  6.6859e+00  -2.6381e+01
  5.1925e+00   3.6147e-01
  3.4915e+00   6.4221e+00
 -1.7548e+00  -4.4003e+00
  6.6860e+00  -3.2659e+01
 -1.1432e+01   2.3601e+00
  2.5262e+00   3.6036e+00
  1.7044e+00  -3.1830e-01
  8.3706e+01   9.7895e+01
 -8.1935e+00  -5.2713e-01
 -1.2510e+01   1.8252e+01
  7.2719e+00  -2.7213e+01
 -9.5945e-02   4.5379e+00
 -3.2632e-01   4.2423e+00
 -2.3507e+00  -2.4477e+00
  5.0295e+01  -1.3694e+02
  1.8965e+00  -1.0027e+00
  4.3432e-01   1.4809e-01
  1.0882e+01   7.3902e+00
  3.2193e+02  -2.8843e+02
 -5.0563e+00   3.6444e+00
  2.0709e+01   6.9195e+01
  1.5704e+00  -5.6742e+00
 -1.7638e+01  -5.0089e+00
 -7.5568e+01  -1.2265e+02
 -4.1420e+00   3.6036e+01
 -7.2627e+00   9.3319e+00
  1.6876e+02   9.0683e+01
  2.0863e-01  -1.1628e+00
  1.5971e+01  -6.9375e+00
 -9.2270e+00   2.4364e+01
 -3.3163e+01  -2.4278e+01
 -9.6076e-01  -1.1589e+01
 -4.7869e+00  -7.5131e+00
 -1.6392e+00   2.0682e+00
 -1.2683e+01   8.4893e+00
 -1.4368e+00   6.8815e+00
 -1.8402e+01   1.4331e+01
  2.9609e+01   3.8111e+01
 -1.3258e+01  -1.1995e+01
  3.9231e+01  -1.1256e+01
 -3.7905e+00   1.8181e+00
  2.2957e+01  -3.9710e+01
 -2.5715e+00  -4.7481e-01
  1.8162e+02   1.0973e+01
  5.3235e+00   2.2887e+01
 -4.4746e+00   9.2554e+00
  5.3974e+00   9.4222e+00
 -1.3678e+01  -6.6285e-01
 -9.7634e-01   2.1985e+00
  3.3643e+00  -4.5729e+00
 -4.2630e+00   7.4179e-01
  1.4687e+00  -6.8666e-01
  1.3021e+00  -2.3946e+01
 -6.0352e+00   2.0264e+00
  8.1316e-01   4.1051e+00
  5.6231e-01  -2.5563e+00
  4.5194e+00   1.8133e+01
  4.0592e-01  -2.1650e+00
  1.6526e+00   1.3145e+01
 -6.9169e+01  -1.2338e+02
  1.1204e+01   2.8512e+01
  2.5099e+01  -5.4218e+00
 -4.2246e+01   2.3650e+01
 -4.8983e+01   1.8290e+01
  2.3571e+00   2.3721e+00
 -1.8927e+00  -3.1558e+00
  1.6980e+00   7.3198e+00
  3.3108e+00  -1.6307e+00
  7.8731e+00  -1.2765e+00
  1.1771e+02   7.7270e+01
  6.2776e+00  -4.4888e+00
  8.2469e+00  -1.0905e+01
 -1.8094e+01  -5.5778e+01
  2.9880e+01  -4.3428e+00
 -9.6484e-01   4.1262e+00
  1.0210e+01  -1.0208e+01
  6.6941e-01  -5.1014e-01
 -6.3808e+00  -4.6234e+00
 -1.6158e+01   8.8665e+00
  2.8720e+00   4.5211e+01
 -1.0913e+01   7.7295e+00
 -8.6361e+00   3.6085e+00
 -1.8016e+00  -7.7841e-01
 -8.6727e+00  -7.7416e+00
  2.9751e+01   1.0274e+00
 -5.4020e-01  -4.1956e+01
 -1.0595e+02   3.2269e+02
  1.2913e+00  -9.8176e+00
 -5.9841e+01   1.0989e+02
 -2.7871e+01  -6.2590e+00
 -8.8035e+00  -2.9885e+00
 -9.5828e+00   5.8218e+00
  2.0500e+01  -8.1133e+00
  1.1471e+01   8.1182e+00
  1.6165e+00   5.2603e+00
 -2.5292e-01  -5.4015e+00
 -2.3645e-01  -3.5235e+00
  6.6919e-02  -1.2246e+01
 -2.6070e+02  -8.2314e+01
 -1.6385e+00  -7.7357e+00
 -5.1104e+00  -3.1501e+01
 -1.4384e+01   5.8060e+00
 -6.9431e+00  -4.7639e+02
  2.3664e+00   1.2117e+00
  4.5228e+01  -2.5349e+01
  1.1452e+00  -5.5452e+00
  3.4576e+00  -2.3827e+00
  5.2472e-02   2.9129e+00
  5.3660e+00   5.6694e+00
 -4.3374e-01   1.1096e+01
  2.7893e+00   3.7152e+00
  4.8781e+00   4.8278e+00
  5.1330e+00   9.1092e+00
  3.7864e+01  -5.4116e+00
 -5.1580e+00   2.8580e+00
 -1.6220e+01  -9.8327e+00
 -3.2183e+00  -6.8453e+00
  1.1697e+02  -9.0524e+01
  6.3196e+01  -1.2586e+02
  3.9284e+00  -9.9187e-01
 -5.6436e+01   5.5211e+01
 -5.7123e+00  -8.8038e+00
  4.4628e+00   1.8279e+01
 -2.0527e+01  -1.1222e+01
 -5.0786e-02  -3.1619e+00
  3.2326e+01  -5.5245e+00
 -7.6292e+00   1.2636e+00
  1.2722e+01   1.6701e+01
  4.2175e+00   1.3939e+00
  4.3941e-01   1.0284e+01
 -1.2173e+01   1.1317e+01
 -1.2446e+02  -4.4502e+01
 -5.5933e+00  -2.8303e+01
  3.0701e+01  -1.0823e+01
  1.9981e+01   1.3530e+01
 -7.7187e+00  -3.7912e+00
 -4.2653e-01   2.4910e+00
  1.7761e+01  -2.1092e+01
 -6.8715e+00   6.3080e+00
  7.8290e+00   1.7914e+01
 -2.8065e+01  -1.8253e+00
 -2.5507e+00  -2.0688e+00
  2.8954e+00   7.2639e+00
 -3.0062e+00   9.0852e-01
 -3.3756e+00  -2.3575e-01
 -1.4478e+00   1.2502e+01
 -7.0962e+00   1.7233e+01
  8.1545e-01   3.6883e+00
 -2.5203e+01   2.7104e+00
 -8.2267e+00  -7.1544e+00
  5.9746e+00  -4.6607e+00
 -1.5595e+01  -4.0122e+00
  3.5267e+01   6.5255e+00
  9.0447e+00  -1.3048e+01
  1.5970e+02  -5.9501e+01
 -3.9301e+00   4.4905e+00
 -1.9780e+02   2.4141e+02
 -2.3267e+00   1.6528e+01
 -8.2711e+00  -3.5112e+01
  1.4525e+01   2.8820e+00
  1.5859e+01   1.7734e+01
 -1.3812e+01   1.4670e+01
 -1.1729e+01   1.0698e+01
  2.6095e-01   3.8291e+00
  1.8932e+01   2.3350e+01
 -9.7218e-02   7.4852e+00
 -1.1687e+02  -1.0044e+02
 -1.3274e+01  -4.6562e+00
 -4.1302e+00  -3.7347e+00
  2.9571e+00   2.5005e+00
  1.7756e+01  -1.5160e+01
 -1.0232e+01   4.5434e+00
 -2.8408e+00  -9.2833e+00
 -1.5577e+01  -2.9034e+01
  1.1864e+02   9.3439e+01
 -2.2167e+01   5.7201e+02
 -5.3385e+02  -2.3297e+02
  2.5043e+00  -2.7346e-01
 -3.4368e+01   2.0759e+01
  1.6901e+02  -7.8165e+00
 -1.3184e+01  -5.6251e+00
  2.6819e+02  -1.4379e+02
  3.1810e+01  -1.2187e+01
  2.3054e+00   7.5812e+00
  9.2205e-01  -3.4830e+00
  6.8737e+00   5.8778e+00
 -2.2126e+01   1.5837e+01
 -1.8884e+01   2.0299e+01
 -1.0768e+01   2.9668e+01
 -4.5949e+00   1.1150e+01
 -9.6555e+00  -7.8219e+00
 -9.8595e-01   4.1837e-01
 -4.5131e+00  -4.2255e+00
  1.0286e+00  -7.8919e+00
 -3.7795e+00   4.4648e+00
 -3.0643e+01   2.9009e+01
 -4.9457e+01   7.4692e+01
  1.5003e+01   1.5450e+01
 -2.5074e+00   1.9261e+00
  2.0847e-01   1.7648e+00
 -2.1184e+01   3.9153e+01
 -1.5036e+02   6.5313e+01
 -2.9189e+00   1.3565e+02
  1.3175e+00   4.3476e+00
  1.2128e+00  -4.2263e+00
  4.1455e+01   8.7292e+01
 -1.8388e+02  -1.1098e+02
  3.5770e+00   2.6862e+00
  7.2650e+00  -3.7944e+01
  3.0507e+00  -2.1797e-01
 -2.8965e+00   8.8374e-01
  4.7456e+00   4.8600e+00
 -3.9008e+01  -3.8411e+01
 -1.9580e+01   3.6194e+00
 -6.5005e+00  -3.9202e+00
  7.8760e+00  -1.0424e+01
  3.1538e+00  -1.7777e+00
 -9.0035e-01   6.8549e+00
  6.8154e+00   5.1025e-01
  1.2718e+02   3.6499e+00
 -3.5517e+01  -4.9115e+00
 -1.0693e+01   7.2879e-01
  8.9076e+01   1.2687e+02
 -1.3135e+02  -4.9628e+01
 -7.6922e+00  -2.0637e+01
  5.2076e+00  -3.0956e-02
  6.7784e+00  -1.3943e+02
  6.1957e+00  -8.4208e+00
  4.1200e+01  -3.2025e+00
 -6.0565e+00   1.9163e-01
 -2.0223e+01   3.0538e+01
  3.7291e-01   3.5830e+00
 -1.5228e+00  -4.5994e-01
  6.4485e+01  -1.5967e+01
  2.6192e+02   3.0191e+02
 -1.9208e+01  -2.8410e+01
  5.0862e+00   1.7582e+00
  4.6984e+00  -2.9540e+00
  2.5366e+00  -9.7685e+00
  3.4320e+00  -1.2351e+00
 -1.0653e+01  -4.4449e+00
  4.7304e+00   2.7339e-01
  3.6292e+01   1.2701e+01
 -5.5574e-01  -6.5954e+00
 -4.6496e+00   3.6644e+00
 -2.8368e+00  -1.6048e+01
  3.1692e+01   1.3269e+01
 -1.0906e+01  -2.5371e+00
  7.3048e+00  -9.9864e-01
  7.2138e+00   3.2666e+01
  1.4470e+01   1.2729e+01
  6.7989e+00   1.0091e+01
  3.7657e+00  -7.0222e+00
 -6.0196e+00  -1.7068e+01
  6.2006e+01   2.9635e+00
  7.3188e+00  -1.6635e+01
  5.5288e+00  -1.0321e+01
 -3.0707e+00   2.8963e+00
 -7.7198e+00   6.2480e+00
  5.5088e+01   1.4043e+01
 -6.5523e+01  -1.1817e+01
  3.6318e+00  -2.1710e+00
 -4.5021e-01   1.4230e+01
 -6.4854e-01   2.5149e+00
 -6.2394e+00   1.3452e+00
 -3.1017e-01  -7.8038e+00
 -2.2313e+00  -1.1098e+00
  4.2462e+00   2.8713e+00
  3.0879e+01  -3.3674e+01
  2.8029e+00  -1.8096e+00
  2.0772e+00  -2.1691e+01
  2.9696e+00  -3.9927e+00
  1.8245e+01   5.6825e+01
 -1.3387e+01   1.1462e+01
 -1.2631e+00   6.8645e+00
 -7.5985e+00   3.4531e+00
 -3.8150e+01  -5.9039e+01
 -4.5445e+01  -8.8056e+01
 -1.4716e+01   3.2792e+01
 -2.7250e+00   8.2023e+00
  1.0163e+01   1.9253e-01
  7.5040e+00  -6.2736e+00
  1.5657e+01  -1.3773e+01
  1.3423e+01   1.0656e+01
  4.7747e+00   6.9474e+00
  3.7092e-01  -3.8209e-01
 -4.0267e-01   3.8814e+00
 -2.3685e+01  -3.7877e+00
 -1.3373e+01  -2.3749e+00
  6.3503e-01  -1.7666e+00
 -3.1273e+01   4.2778e+00
 -2.2112e+00  -3.6160e+00
  4.6627e+00   3.8537e+00
  1.3886e+02   5.6507e+01
 -2.1113e+01  -1.2018e+01
 -8.0725e-01  -1.3328e+00
  2.0934e+01  -1.7338e+01
 -9.8057e-01  -3.3610e+00
  5.9658e+00  -2.4278e+00
  2.8005e+01  -1.0434e+01
  6.6720e+01  -5.3602e+01
  1.0317e+00  -4.1897e-01
 -2.8480e+01   1.1117e+01
 -3.6618e+01  -1.2956e+02
  1.3798e+01   9.5950e+00
 -1.1956e+01  -4.1269e+00
 -2.5285e+01  -2.1093e+01
 -7.4521e+00  -1.2499e+01
  1.2943e+01   6.6061e+01
  2.6308e+01  -5.1794e+01
 -4.1042e+01   1.9880e+01
 -2.2245e+01   1.8095e+01
 -1.2273e+00  -2.0632e+00
  5.6077e+00  -8.1070e+00
  2.6013e+00   2.9233e+00
  1.9139e+00  -3.7008e+00
 -3.4143e-01  -1.5219e+00
  4.2737e+02   4.6712e+01
 -8.5639e+02  -3.0412e+03
  1.0651e+01   5.2846e+00
  6.6117e+01   4.8592e+00
  5.7432e+00   6.0901e+00
 -1.9681e+01   5.3694e+00
 -2.4995e+00  -3.3136e+01
  5.3260e+00  -3.6912e+00
  2.4119e+01   1.3939e+01
 -5.2727e+00   3.6456e+00
  3.7455e+01   1.5341e+01
 -1.2158e+01   9.0892e+00
  1.3988e+02   1.5536e+02
  4.5834e+00   9.5147e-01
  2.3681e+01  -1.2978e+01
 -1.8000e+00   1.4114e+01
  1.2186e+01  -2.2052e+01
 -2.9288e+01   4.3869e+01
  1.3296e+01  -4.3443e+00
  3.7050e+01  -4.1452e+01
 -5.3149e+01  -1.7016e+00
 -2.4110e+00  -1.9740e+01
  1.8347e-03   1.2737e+00
 -2.3687e+00   4.6345e+02
  5.0013e+01   3.8605e+01
  2.4429e+00   4.3445e+00
  1.2072e+01   4.2252e+00
 -2.9541e+00  -2.3863e+00
  9.7573e+00   3.1257e+00
  2.8312e+00  -7.2396e+00
 -4.3587e+00  -7.0047e-01
 -1.3263e+01  -1.2612e+00
  2.6423e+02   8.3504e+01
  3.3993e+00   7.6724e+00
 -1.2477e+01  -3.4644e+01
 -2.0132e+01   8.8673e+00
 -6.1916e+01  -3.3302e+01
  7.8884e+01  -2.2120e+01
 -1.1467e+01  -1.1537e+01
 -4.9606e+00   1.1860e+01
  9.8119e+00   6.5406e+00
 -6.5605e+00   2.9990e+00
  6.8122e+00   5.3793e+00
 -1.5442e+00  -2.8400e+00
  6.7206e+00   1.0904e+01
  1.4374e+00   4.7826e+00
 -1.4005e+01   5.2144e+00
 -9.8011e+00  -1.8408e+01
 -6.1708e+00   3.4571e+00
  3.3099e-01   4.8163e+00
  2.2806e+01   1.6321e+01
  4.7645e-01   1.9987e-01
  4.2318e+00  -4.4950e+00
  7.9281e-01  -4.2930e+00
 -4.4183e-01  -8.2583e+00
  4.8848e-02   3.6740e+00
  1.9017e+00   1.8847e+01
 -1.8654e+01  -2.9250e+00
  2.6741e-01   1.2539e+00
 -1.4046e+01   2.1769e+01
  1.7144e+01   5.9126e+00
 -5.9447e+00  -1.7240e+01
 -1.6632e+03  -3.4062e+03
 -2.4458e-01   9.3706e+00
  1.1246e+01  -2.0539e+00
  2.7541e+01   2.5047e+00
 -1.1654e+00   6.2619e+00
  4.6299e+00  -1.5322e+01
  2.4612e+00  -4.0426e+01
 -1.3806e+01  -3.2223e+01
 -8.8761e+01   1.5149e+01
  3.1584e+00  -9.9246e-01
 -9.4519e-01  -3.1811e+00
  1.0160e+03   2.4126e+01
 -8.8237e+00  -7.8543e+00
  2.2062e+01   3.2825e+01
 -8.7095e+00  -9.1615e+00
 -3.2315e+01  -2.1201e+00
 -5.7339e-01  -1.2285e+01
  2.5116e+01   4.0237e+01
 -1.9912e+01  -1.0194e+00
 -1.1048e+01  -2.6914e+00
 -2.2609e+00  -2.1331e+00
  3.3463e+01   1.1013e+02
  2.7821e+01  -3.0387e+01
 -3.3198e+00   1.1156e+00
 -2.6358e+00  -1.3567e+00
  2.4147e+00   1.9226e+01
 -9.9848e+00   2.0343e+01
 -2.1586e+00   5.1731e+00
 -3.2776e+02  -2.9149e+02
  1.9489e+02  -2.4073e+02
 -5.6879e+00  -3.3638e+01
 -1.3454e+00   1.3825e+01
 -1.7833e+00  -9.7013e+00
  8.7805e+00  -8.4411e+00
  6.9770e+01   3.5106e+01
  1.1516e+01   9.2005e+01
  1.3931e+00  -3.6329e+00
  2.8243e+01  -5.9825e+01
  1.0386e+01  -1.7252e+02
  1.4414e+01  -1.4564e+00
 -3.3499e+00   3.8505e-01
  4.9260e+00   6.8462e+00
  8.3201e-01  -1.8892e+00
  8.4227e-01  -4.2724e+00
 -6.6826e+00  -2.8512e+00
  5.7188e+00  -4.0944e+00
  1.0667e+01   8.2976e+00
  1.1049e+02   1.9842e+01
  1.8796e+01  -8.9884e+00
 -1.6606e+00  -1.7313e+01
  3.1584e+00  -3.7195e+00
 -7.0954e+01   1.2496e+02
 -6.2036e+00  -4.3475e+00
  2.4653e+01   1.6104e+01
 -2.1996e+01   1.8114e+02
  2.3520e+01   4.9965e+01
  1.1295e+01   3.9697e+01
  6.7190e+00  -2.6495e+00
 -3.9023e+00  -6.8069e-01
 -2.4894e+01  -1.0818e+02
 -4.7827e+00  -3.2562e+00
  2.3993e+00   5.7373e-01
  3.1998e-01  -1.5266e+00
 -5.7078e-01  -2.2505e+00
 -8.5387e+00   1.5521e+01
  1.9932e+00  -3.5327e+00
  2.2300e+01   2.1127e+01
  9.5528e+00   4.7459e+00
  2.0062e+01  -1.5663e+02
 -2.1394e+01  -2.8717e+01
  5.7245e+01   5.1062e+00
 -2.3768e+01   1.5556e+01
  5.9186e+01   1.9320e+01
 -2.7218e-01  -1.0966e+00
  8.5624e+00   9.2833e+00
  2.0823e+00   7.4140e+00
 -1.4527e+01   1.2184e+01
  1.0815e+01   9.3219e+00
 -1.9649e+01  -5.0325e+00
  2.1763e+01  -1.9143e+01
  2.6864e+00   7.3774e+00
 -2.8530e-01   6.9941e+00
  7.6594e+01  -2.2792e+01
 -2.4092e+01   1.6495e+01
 -1.2780e+02   9.8412e+01
  4.5923e+00   7.4418e+00
  2.2784e+00  -9.3901e+00
 -1.7798e+01  -5.5733e+00
  5.5656e+01  -1.7814e+01
 -4.1038e+01  -1.2401e+01
  5.2195e+01   1.6303e+01
 -3.8553e+00  -1.9725e+01
 -1.2042e+01  -1.0678e+01
 -3.0652e+00   3.5221e+01
 -2.6056e+02   9.6023e+01
 -7.3696e+02  -7.2163e+02
  9.8120e+00  -7.4688e+00
  4.5552e+00   3.2723e+00
  8.7328e+00   2.1633e+01
 -3.9980e+00  -1.0636e+01
 -6.9970e+00   1.9931e+01
  1.4991e+01   1.0112e+01
 -7.0615e+00  -3.0117e-01
 -4.1054e+01  -4.5950e+01
  3.2855e+02   3.0288e+02
 -9.8676e+00   1.1866e+02
  1.8266e+01   4.9407e+00
  6.8195e+00   1.2286e+01
 -8.2964e+00  -4.9203e-01
 -1.1872e+02  -1.8938e+02
  3.0414e+01  -2.2108e+01
 -7.2786e+00   1.1683e-01
 -2.9355e+00  -1.1840e+01
  5.6150e+01   8.2403e+00
 -5.9548e+01  -2.9401e+00
  6.1619e+00   2.5090e+00
  2.5290e+00  -1.2854e+00
 -7.8390e+00   3.7840e+00
 -1.6158e+02  -1.6189e+02
 -4.2650e+00   4.1209e-01
  2.3080e+01  -1.5762e+01
  2.7540e-01  -3.0569e+00
 -5.2674e+00  -5.4271e+00
 -2.4395e+01  -8.8967e-01
 -3.7451e+00  -7.6182e-01
  9.0139e-01  -7.5917e-02
  8.1175e+00   1.4604e+01
  1.6650e+03   3.4088e+03
  6.6071e-01  -6.1214e-01
 -6.3202e+00  -2.8018e+01
 -3.7659e+00   1.8303e+01
  9.3023e+00   2.2043e+00
 -2.0443e+01  -8.3823e+00
 -1.5276e+01   5.3024e+00
 -9.9621e-01   3.4469e+00
  6.7013e+00  -1.6625e+01
 -7.9380e+00  -5.2424e+00
  4.8155e+00   1.2443e+00
  5.6180e+00  -3.7835e+00
 -1.9590e+01  -1.4117e+00
 -3.3258e+01   1.9145e+01
 -4.5649e+00  -1.6556e+01
 -1.0231e+03  -2.8418e+01
  3.3736e+00  -3.9606e-01
  5.1491e+00   9.5609e+00
  7.2567e+00  -1.2620e+01
 -2.0730e+01  -2.0411e+00
 -2.6081e+01  -2.5724e+00
  8.1625e+00   1.9611e+01
 -2.8377e+01  -4.7126e+00
 -5.6134e+01  -3.8300e+00
 -9.7684e+00  -1.9316e+01
 -9.6002e+00  -7.3906e+00
  6.7275e+01   3.8041e+01
  2.4235e+01  -8.5994e+00
 -7.7396e+00   1.3371e+01
 -4.7848e+00   7.1949e+00
 -1.5596e+00   1.4494e-01
  2.8340e-01   1.1588e+00
 -7.2894e+00   6.9150e-01
 -5.9344e-01  -2.0691e+00
  9.5438e-01   9.7006e+00
 -1.3319e+01   3.1421e+01
  1.6289e-01   3.2790e+00
  1.8028e+01   2.3984e+00
  3.6536e+00   9.9752e+00
  9.7267e+00   4.6694e+00
 -1.2634e+01   6.4248e+00
  2.0833e+00  -2.9374e+00
 -6.6435e+01  -1.2099e+00
  3.3232e+00   2.4977e+00
  1.3717e+00  -1.9672e+01
 -2.4734e+00   5.2189e+00
  2.1415e+01  -1.9690e+01
 -1.0595e+01   3.4593e+00
 -2.8240e-01  -1.3953e+00
  1.2569e+01   2.1696e+00
  1.4413e+01  -5.4400e+00
  2.6009e+01   7.6021e+00
  9.3281e+00   4.9976e+00
  1.6870e+00  -6.7316e+00
 -1.0979e+01   3.2226e+00
  1.2890e+01   3.6847e+00
 -5.1942e+01   1.7013e+01
  4.2811e+00   4.7246e+00
  1.4022e+01   2.3263e+01
 -2.8758e+02   4.9342e+02
 -8.3631e+00  -1.8258e-02
  7.9794e+00  -1.0997e+01
  5.4615e+00  -4.9058e+01
 -2.7408e+00  -1.9978e+01
 -1.2359e+01   5.0830e+00
  7.2343e+00   1.1864e+00
 -8.7185e+00   4.2880e+00
  6.1890e+00   5.5487e+00
 -9.1318e+00   5.1742e+00
  3.3679e+00  -2.3815e+01
  2.9234e+01   1.0633e+01
 -1.6789e+00  -6.8911e+01
  1.3018e+01  -1.1104e+01
  1.6380e+00  -4.4605e+01
 -7.1152e+00   1.7799e+00
  3.4683e+01   1.4581e+01
 -2.9143e+00   3.4947e+00
 -4.1110e+00   3.4042e+00
 -5.1656e+00   5.5183e+00
 -5.0300e+00   2.0851e+00
  1.0165e+01   4.9828e+00
  6.2445e+00   5.3235e-01
 -4.1100e+00   4.9481e-01
  4.8350e+00  -4.1298e+00
  2.6758e+00   4.8201e+00
  6.4973e+00   7.9930e+00
 -9.5243e-01   1.1896e+01
  4.3487e+01   4.0306e+01
 -1.0050e+01  -9.1028e+00
  1.8679e+00   4.1471e+01
 -7.4825e+00   4.3565e+00
 -3.1899e+01   1.9669e+01
 -9.2459e-01  -2.4369e+00
 -1.5435e+02   2.6171e+01
  1.2597e+01   4.8643e+00
  1.1924e+01  -1.2618e+01
  1.2524e+01   7.3164e+00
 -5.9556e+00   7.1502e+00
  5.8679e+00  -5.6923e+00
 -5.1508e+00  -3.1760e+00
  3.3210e+01  -2.1224e+01
 -3.1385e+00   6.6626e+00
 -5.0259e+00   6.2007e+00
  7.6599e+00  -3.3955e+00
 -3.1192e+00  -9.9398e+00
 -7.9929e+00   1.6929e+00
 -1.6672e+00   4.9212e+00
 -7.2062e+00  -7.8610e+00
  4.1863e+00  -1.3476e+01
 -4.9869e+01  -3.5483e+01
 -8.2659e+00  -1.2364e+02
 -3.4157e+02   3.1692e+02
 -2.0479e+00  -1.6072e+00
 -3.1124e+00  -5.4380e+00
  2.9313e+00   1.7284e+01
  4.7141e+01   3.7440e+01
 -8.4267e+00   3.9583e+00
 -5.7987e+00  -1.9602e+00
  4.9136e+00   3.6296e-01
 -1.5584e+00   2.5037e+00
 -8.7178e+00  -1.2634e+01
  3.3800e+00  -4.6635e+00
  1.5532e+01  -5.9232e+00
  3.4116e-01  -2.0824e+00
  3.1173e+01  -5.3560e+00
 -6.7635e+00  -3.1827e+00
 -1.0090e+01   2.9952e+00
 -2.0273e+00   5.0215e+00
 -2.6663e+02  -3.0251e+02
 -3.3003e+00  -3.6173e+00
 -1.3629e+00   7.5939e-01
 -2.4083e+00   2.0656e+00
 -5.8396e+00  -1.9389e+01
 -6.1502e+00  -7.9335e+00
  2.3582e+00  -8.8151e-01
 -4.4482e+01  -5.5090e+01
 -4.6585e+01  -1.9108e+01
  1.6663e+01  -1.3992e+01
  6.4298e-01   1.3924e-01
 -2.3528e+02  -5.2693e+01
  2.1274e+01   9.4315e-01
 -2.9055e+00  -9.8016e+00
 -8.8576e+00   7.2430e+00
  3.1205e+00   5.5130e-02
  2.4007e+00  -6.7793e+00
 -6.7713e+00   4.0799e+01
 -1.3773e+00   5.3371e-01
  6.5320e-01   1.4183e+00
 -2.3111e+01   1.5473e+02
  7.5660e+00  -4.4896e+00
  4.6152e+01  -2.6960e+01
 -2.3103e+01   3.6143e+01
  5.6627e+00   4.9657e+00
  1.8295e+01   1.5487e+00
 -2.0629e+00   1.1664e+01
 -2.2019e+00  -6.3853e+00
 -3.0221e+01   7.2671e+01
  2.4502e-01   3.4831e+01
  3.1351e+00  -2.4408e+00
 -2.1705e+00   3.3369e+00
 -1.4616e+00  -1.1037e+00
 -6.7826e+00   1.8522e+01
 -2.1329e+00  -4.9879e+00
 -2.8699e+01  -2.0710e+01
 -9.5134e+00  -1.1336e+01
 -3.0080e+01   2.3740e-01
 -1.3821e+01   1.7496e+01
 -1.4142e+00   1.2891e+00
 -9.0087e+00  -1.7922e+01
  2.1789e+00   1.9454e-01
 -1.1875e+01  -4.4259e+01
  1.9929e+01  -4.5027e+01
  7.3753e+00   4.2571e+00
  7.3792e+00   3.0134e+01
  5.6413e+00  -6.7430e+00
 -2.3892e+01  -1.3356e+01
 -6.7844e+00  -1.2450e+01
  1.5221e+01  -9.8579e+00
  6.3015e+00  -7.0693e+00
 -4.3567e+00   4.7818e+00
 -1.2482e-01  -3.5547e+00
 -2.9703e+00  -6.0174e+00
  1.5834e+00  -2.4364e+00
  5.6161e+00  -3.9179e+00
  1.1292e+00  -8.5988e+00
 -1.2621e+00  -1.4517e+00
  2.6532e+01   3.9085e+01
  3.1665e+00   6.7524e+00
 -1.0203e+00  -2.6072e+00
  3.4659e+01  -1.4749e+01
 -2.4400e+00  -1.5121e+01
  6.5376e+01  -1.1224e+02
 -1.1049e+01   1.3381e+01
 -1.1167e+01  -4.3839e+00
 -1.2026e+01  -6.3992e+00
  4.9407e+00   1.4012e+00
 -4.0067e+00   9.3868e-02
 -3.0679e+00  -2.4050e+00
 -3.8867e+01   4.0480e+01
 -9.4974e+02  -3.2868e+01
 -1.8022e+02  -3.0371e+00
  4.8273e+00  -5.3921e+00
 -1.4835e+00  -2.0066e+00
  1.2849e+01   2.8248e+01
  3.6465e+02  -4.5425e+02
  1.3349e+01  -1.6403e+01
  5.0997e+02   2.4164e+02
 -4.3499e+02  -1.8187e+01
  3.2231e-01   1.7040e+00
 -5.7121e+00   1.3609e+01
 -9.5681e+01   2.5559e+02
 -3.3557e+01  -4.2446e+01
 -2.4347e+01  -9.5534e+00
  4.5766e+00  -3.5129e-02
 -1.8699e+01   3.8356e-01
  2.8437e+02  -7.6461e+02
  1.8810e+00  -7.1465e+00
 -5.1604e+00   1.0832e+01
  1.2194e+01   3.3991e+00
 -2.8742e+01  -3.9145e+01
 -1.3078e+00  -1.7266e+00
  3.2402e+00  -9.1288e-02
  4.5134e+00  -6.9187e+00
 -2.0328e-02   2.7059e+00
  3.9808e+01  -6.7049e+01
  1.1699e+01  -5.6725e+02
  4.9595e+01   5.8488e+01
 -3.7266e+00   2.3571e-01
  1.1374e+00   1.0105e+01
  4.1999e-01   1.4384e+00
  3.6308e+00   1.0016e+01
  2.2678e+01   6.2791e+00
 -3.3251e+00   1.6180e+01
  2.0006e+01  -5.2935e+00
 -3.5421e+01   4.2925e+01
  2.2795e+01   1.5131e-01
  3.5324e+01   8.3296e+00
  2.1479e+00   3.8757e+00
  5.6235e+00   1.2535e+01
  1.9074e+02   1.1333e+02
 -4.9222e+00   3.4800e-01
  3.0636e+01   8.4934e+01
  1.4866e+01   4.3187e+00
 -3.4757e+01  -3.3747e+01
  2.0574e+00  -1.9498e+00
  2.0623e+00  -2.3389e-01
  6.1215e+00   4.9737e+00
 -6.8609e+01  -2.6903e+01
  8.9971e+01  -3.6498e+02
 -3.7760e+00  -2.2288e+00
 -1.1449e+01   1.1248e+01
  1.8739e+01   3.8410e+00
 -1.8375e+01  -1.2026e+01
  2.2558e+01   1.4428e+00
  6.2106e+00  -1.4117e+01
  1.1287e+00  -1.6033e+00
 -2.2300e+02  -7.3644e+02
 -6.1972e+01  -6.9691e+01
 -1.1947e+01   7.3651e+00
 -3.3526e+01   6.8798e+00
 -3.0948e+00  -1.9298e+00
 -1.1860e+01   1.6096e+00
 -4.1082e+00  -4.2360e+00
 -1.0198e+02   7.4649e+01
 -3.1463e+00  -1.9667e+00
 -5.8966e+00   3.9269e+00
  5.4075e+00  -8.7223e-01
  1.0582e+01  -2.1268e+01
 -9.6610e+00   3.3027e+01
 -6.7211e+00   3.4773e+01
  2.8385e+01  -1.4395e+01
  8.1470e+01  -2.5792e+02
 -2.5292e+02   1.1120e+02
 -2.2422e+00   9.8699e-01
  5.1654e+00  -1.8354e+00
 -4.4171e+00  -9.5915e+00
 -7.6056e+00  -2.7860e+01
  5.4667e+00  -1.1219e+01
 -4.6201e+01  -2.4755e+02
 -3.5923e+00   3.2873e+00
  1.5477e+02   1.6902e+02
  6.0851e+00   5.1985e+00
 -8.0333e+00   4.9484e+01
  8.3190e+00   1.5609e+01
 -5.1473e+00  -2.5993e+01
  1.1431e+01  -2.9770e+01
  3.0343e+00  -5.1148e+00
 -4.6356e+00  -1.6015e+00
  8.6197e+02   3.0315e+03
 -4.2683e+00  -1.9446e+01
  5.1328e-01  -4.9512e+00
  2.5483e+00   6.6158e+00
  7.0601e+00  -3.1464e+00
 -3.9097e+01   7.2672e+00
  3.5741e+00  -6.3655e-01
  2.2645e+01   9.4836e+00
  2.6461e+01   6.3653e+01
 -4.0488e+00  -4.6440e+00
 -3.8761e-01   2.0944e+00
 -3.0914e+01  -4.1759e+01
 -2.9255e+00   4.6055e+00
 -5.3394e+01   4.5210e+00
  9.6931e+00  -4.1172e+01
  1.1966e+00  -5.5289e+00
 -1.8083e+01  -6.1058e+00
  1.7189e+01   5.1328e+01
 -6.1885e+00  -4.1436e+00
 -5.5871e+01   1.0894e+01
 -1.1082e+01   7.5809e+00
  5.7697e+00   5.6663e+00
 -1.3210e+01   6.1319e+00
  4.0498e+00   1.3841e+00
