  6.3661e+00  -1.5126e+01
  7.3270e+00  -9.4230e-01
  7.9839e+00   2.1791e+01
 -3.7414e+00  -2.2619e+01
 -1.7516e+02  -2.1242e+02
 -9.7062e+00  -3.1238e+01
 -1.5925e+00   4.6219e+00
 -4.6466e+00   1.1846e+01
 -1.4358e+00  -1.9234e+00
  3.3585e+00   5.0277e-02
 -9.0410e+00  -4.1912e+00
 -1.9003e+01  -2.1339e+01
  4.5345e+01   1.7921e+00
 -1.6033e+02  -8.9375e+00
  2.0453e+01   3.3241e+01
 -3.8675e+01  -7.8653e+00
 -4.9766e+00  -8.4416e+00
  3.8624e+01   2.6410e+01
 -7.4439e+00  -5.9483e+00
  4.8700e+00  -1.0962e+01
  7.4280e+01   1.6995e+01
 -2.8582e+01   1.3921e+01
  1.5684e+01  -9.4723e+00
  2.0495e+00   2.4181e+00
 -7.1029e+01  -2.9719e+01
  4.9118e+00  -1.4776e+01
  3.0362e+02   8.1528e+01
 -4.1227e+02   1.0721e+03
  6.3134e+02  -4.0279e+02
 -8.2954e-03   2.2967e+01
  2.9773e+01   6.2550e+00
  1.9687e+00   4.3686e+01
  2.1348e+00  -3.4083e-01
  1.0060e+02   4.9133e+00
  1.2310e+01  -1.5494e+01
  8.0594e+00  -3.1414e+00
  1.2282e+02   2.5124e+02
  5.5756e+00  -1.1039e+00
 -5.0651e+00   4.9577e+00
 -1.0261e+01   4.4669e+01
 -2.4897e+01   1.9541e+01
  1.4917e+00  -1.8481e+01
 -1.8378e+01   4.2770e-01
  1.4534e+01   5.3716e+00
 -1.7347e+02  -6.7295e+01
 -4.8792e+01  -1.8768e+01
 -2.9563e+00  -3.4921e+01
 -3.8920e+01  -3.4778e+01
 -3.9656e+00  -9.0396e+00
  4.2409e+01  -1.5957e+01
 -6.9080e+01   6.9747e+01
  8.2573e+00  -1.1203e+00
  1.2939e+01   1.2788e+01
  6.2728e+00   3.5048e+00
 -1.8801e+01  -7.1154e+00
 -1.2987e+01   1.4983e+01
  2.6220e-01   7.2432e+00
 -1.0348e+01  -6.5905e+00
 -1.0580e+02   2.6288e+01
  2.6992e+01   6.0650e+01
 -1.5949e+01   3.0045e+00
 -8.3440e+01   5.7872e+00
 -1.3758e+01   4.0844e+00
  1.7748e+02   8.3415e+02
  1.5100e+00   3.3524e+01
 -3.1671e+00  -1.1254e+01
 -1.0732e+00   1.9321e+00
 -2.3727e-01  -8.5872e+00
  1.2383e+03   3.6263e+01
  1.3026e+01   2.0046e+01
  7.8479e+00   4.4255e+00
  7.1941e+00  -3.6313e-01
  7.1992e+00   2.4688e+00
  3.2804e+01  -2.8506e+01
  3.0765e+02  -1.3009e+02
  4.8450e+01  -2.4767e+01
 -5.5717e+00   1.4050e+01
  1.5746e+01  -3.0199e+01
 -5.7128e+00   1.0179e+01
 -2.7642e+01   5.2694e+00
  2.2823e+01  -3.8704e+01
 -1.3570e+01  -7.4239e+00
 -4.0018e+01  -8.3042e+01
 -4.9599e+00  -1.2386e+00
  2.3521e+01   1.8274e+01
  1.3440e+01  -5.1505e+00
  7.0358e+01   1.3720e+02
  1.5891e+00  -9.7937e+00
  4.5888e+00   2.0494e-01
 -2.2132e+01   2.1060e+01
  1.2865e+01  -1.1039e+00
  8.0042e+00   4.6590e+00
 -2.1272e+01  -3.7762e+00
  3.0781e+01   2.0876e+01
  2.3910e+00   5.7943e+00
  1.7805e+00  -7.4219e+00
  5.5714e+01  -3.0882e+01
  6.3965e+00  -4.3287e+01
 -2.6973e+00   7.2258e+00
 -7.3702e+01  -3.4758e+01
 -8.2001e+00   9.0017e+00
 -1.0967e+02   9.2056e+02
  3.4935e+00   3.7913e+00
 -4.3913e+00  -8.2548e-01
  3.4388e+00  -1.5541e+00
 -9.4187e+00   2.6018e-01
 -2.0722e+01  -2.8638e+01
  2.0645e+01   4.9904e+01
 -3.4939e+01   2.2643e+00
  8.5331e+00  -1.0840e+01
  5.5830e+00  -8.8967e+00
  1.6197e+00  -8.3917e+00
 -1.3754e+01   5.6012e+00
  1.2789e+00  -7.1114e+00
 -6.4203e+01   3.8504e+01
 -9.2216e+00  -1.1537e+01
 -1.0484e+02  -5.6913e+00
 -1.5371e+01   2.2264e+01
 -6.0794e+01   1.6483e+01
  4.5637e+00   8.4637e-01
 -6.2743e+00   8.0293e+00
  2.2208e+00   6.2090e+00
  1.2756e+01  -3.0230e+01
  1.0726e+00  -1.1865e+01
 -1.3546e+01   9.6321e-01
 -8.1675e+00   1.9615e+00
 -3.2393e+01   2.7445e+01
 -4.6527e+01  -2.9668e+00
 -5.8650e+00  -6.5311e+00
  5.9569e+01  -3.3310e+01
  5.4409e+01  -8.4214e-01
  2.7216e+00  -3.6487e+00
 -1.4370e+00  -1.1228e+00
  6.0980e-01  -8.7499e+00
  3.2764e+00   2.2376e+00
 -4.1581e+00   9.4335e+00
 -3.9075e+00   1.3445e+01
 -1.9854e+01   2.2336e+01
 -4.7366e-01  -3.2283e+00
  1.1471e+01   8.4638e+00
  1.2296e+00  -2.1209e+00
  4.4741e+00  -6.7352e+00
  1.4695e+01  -1.3839e-01
  1.4954e+00  -9.1181e+00
 -1.6693e+00  -1.6423e+01
  9.7336e+00  -2.0404e+01
  9.6256e+00   1.6893e+00
 -4.5398e+00   2.7159e-01
  4.4942e+00  -3.7246e+00
 -6.3675e+00   5.7858e-01
 -1.3522e+01  -4.7168e+01
 -1.5306e+01   2.1904e-01
  1.1565e+01   1.1257e+01
 -2.5626e+00   3.5166e-01
 -1.3152e+01  -1.2055e+02
 -1.4277e+00   9.7604e-01
 -7.2278e-01  -1.4750e+01
  9.8789e+02   9.4685e+02
 -1.0526e+02   3.6305e+01
 -4.8225e+00   1.9758e+00
 -9.4996e+00   5.1466e+00
 -2.3297e+00   1.5274e+01
 -8.5315e+00  -6.8645e+00
  2.7950e+02   9.5523e+02
  7.1721e+01  -6.3292e+01
 -2.9397e+01  -1.0944e+01
  4.7620e+00   3.3288e+00
  1.5120e+00  -1.0818e-01
  5.2120e+00  -8.5459e+00
 -8.4857e+01  -1.3270e+02
  2.3557e+01   5.8750e+01
 -9.6844e+00  -2.5906e+01
 -6.3466e+02   4.0736e+02
  2.6381e-01   3.1518e-01
  8.6981e-01   1.3061e+01
  1.8032e+01   1.6235e+01
  5.6504e+00  -3.6403e+00
 -6.7246e+01   7.2031e+01
  9.7660e+01   1.9921e+01
 -2.0156e+01   5.0523e+00
 -4.1488e+01  -6.3643e+01
  1.2896e+01  -3.5573e+01
  1.0149e+01   2.3108e+00
  2.2663e+00   6.5335e+00
 -5.9287e-01  -1.1643e+01
  1.0464e+01  -4.3932e+01
 -1.4655e+01   2.4280e+00
  1.3918e+00   1.8077e+00
  2.8205e+00  -2.7211e+00
  1.2119e+02   1.4216e+02
 -1.1038e+01   1.3420e-02
 -3.1708e+01   3.6093e+01
  8.2606e+00  -3.3669e+01
  2.0174e+00   2.9554e+00
  2.2468e+00   2.0522e+00
  3.9781e-01  -2.4940e+00
  6.5368e+01  -1.7864e+02
 -1.1734e-01  -6.9094e-01
  4.5140e+00   6.1553e+00
  1.2364e+01   7.2595e+00
  4.1618e+02  -3.7299e+02
 -3.6261e+00   4.2443e+00
  2.5751e+01   9.3399e+01
 -2.5113e-01  -2.2581e+00
 -2.3916e+01  -6.0642e+00
 -1.0279e+02  -1.6280e+02
 -5.9538e+00   4.6299e+01
 -1.1030e+01   1.4308e+01
  2.2200e+02   1.2122e+02
 -6.7326e+00  -1.2138e+01
  1.1097e+02  -3.3338e+01
 -1.1350e+01   3.1032e+01
 -4.3787e+01  -3.2237e+01
 -3.3114e+00  -1.9631e+01
 -5.7558e+00  -9.5352e+00
 -3.1381e+00   1.7969e-01
 -2.1188e+01   1.5231e+01
 -5.2720e-01   8.7165e+00
 -2.5515e+01   1.7534e+01
  4.0866e+01   4.8670e+01
 -1.6480e+01  -1.3550e+01
  5.2167e+01  -1.4460e+01
 -3.7562e+00   3.3064e+00
  2.9989e+01  -5.1576e+01
 -3.1678e+00  -4.8619e+00
  2.3467e+02   1.4338e+01
  6.4039e+00   3.1466e+01
 -7.3555e+00   1.0325e+01
  5.9166e+00   1.3570e+01
 -1.8958e+01  -3.1206e+00
 -1.4464e+00   9.5525e-01
  4.6371e+00  -3.0809e+00
 -1.1384e+01   7.9044e+00
  1.0618e+00  -3.0674e+00
  3.2192e-01  -3.1259e+01
 -1.0485e+01   5.5653e+00
  5.1910e-01   6.7552e-01
  6.4369e+00   7.0933e+00
  7.2200e+00   2.1671e+01
  1.7748e+00   2.8033e+00
  4.0622e+00   1.7424e+01
 -9.5231e+01  -1.6416e+02
  1.6187e+01   3.6140e+01
  3.2502e+01  -5.5143e+00
 -6.7514e+01   3.7466e+01
 -6.8025e+01   2.4863e+01
  1.9458e+00   5.7186e+00
 -8.7054e-01  -7.6052e+00
 -1.2711e+00   1.0896e+01
  2.0172e+00  -9.3018e-01
  8.8151e+00  -1.1291e+01
  1.6079e+02   1.0557e+02
  9.1386e+00  -3.0917e+00
  1.0498e+01  -2.0312e+01
 -2.4934e+01  -7.4256e+01
  4.2879e+01  -2.4658e+00
 -1.4898e+00   2.4266e+00
  1.3117e+01  -1.2380e+01
  1.0888e+00  -2.1514e-01
 -8.2612e+00  -8.1171e+00
 -2.1508e+01   1.3965e+01
  3.9892e+00   6.0268e+01
 -1.7375e+01   1.5508e+01
 -1.6073e+01   3.8349e+00
  1.4160e+00   2.1232e-01
 -1.4456e+01  -1.4438e+01
  4.0550e+01  -1.0946e+00
 -5.6905e-01  -5.5829e+01
 -1.3777e+02   4.2481e+02
  1.9077e+00  -9.6499e+00
 -7.8623e+01   1.4302e+02
 -3.8312e+01  -1.1525e+01
 -8.5986e+00  -4.5155e+00
 -1.2294e+01   8.9408e+00
  2.5285e+01  -9.6907e+00
  1.3649e+01   1.1713e+01
  6.7788e+00   1.0624e+01
  2.1454e+00  -1.1848e+01
 -7.1388e-01  -1.3007e+01
  3.8624e-01  -2.2807e+01
 -4.9469e+02  -1.5752e+02
 -4.4542e+00  -8.0782e+00
 -6.7954e+00  -4.0487e+01
 -2.0108e+01   6.0197e+00
 -7.0539e+00  -6.2996e+02
 -8.5693e-01   1.0887e+00
  6.2540e+01  -3.4836e+01
  7.6775e+00  -4.1059e+00
  6.7884e+00  -2.4786e+00
 -3.7191e+00   1.6267e+00
  6.7472e+00   8.0251e+00
 -2.5046e+00   1.4264e+01
  3.0139e+00   2.6503e+00
  3.5336e+00   1.1188e+01
  6.1238e+00   1.1718e+01
  4.7949e+01  -8.7107e+00
  2.3246e+01   2.7446e+01
 -2.0499e+01  -1.3758e+01
 -3.6313e+00  -1.0869e+01
  1.5454e+02  -1.1919e+02
  1.4966e+02  -2.8896e+02
  2.9877e-01  -1.0151e+01
 -7.7343e+01   7.6169e+01
 -8.8372e+00  -1.0686e+01
  4.0231e+00   2.4707e+01
 -2.6938e+01  -1.8223e+01
  2.0672e-01   1.3031e+00
  4.0314e+01  -8.1667e+00
 -1.0808e+01  -7.7321e-01
  1.3031e+01   2.1685e+01
  1.2489e+00  -2.0793e+00
  6.6070e-01   1.2625e+01
 -1.6966e+01   1.4987e+01
 -1.6229e+02  -5.8375e+01
 -7.6085e+00  -3.7902e+01
  4.0424e+01  -1.4823e+01
  2.8869e+01   1.6124e+01
 -9.0435e+00  -4.8611e+00
  1.9215e+00   1.6764e+00
  2.2430e+01  -2.6888e+01
 -6.9507e+00   7.9647e+00
  1.1153e+01   2.8570e+01
 -7.4006e+01  -9.0091e+00
 -2.8426e+00  -6.0597e+00
  4.5185e+00   9.8627e+00
 -7.6180e+00   1.0979e+01
 -3.8514e-01  -4.2272e+00
 -3.6149e+00   1.6743e+01
 -8.2289e+00   2.1171e+01
 -4.0182e-01   5.7654e+00
 -3.1948e+01   3.2196e+00
 -1.0784e+01  -9.2720e+00
 -5.9466e+01   1.4524e+02
 -1.8300e+01  -5.3087e+00
  4.8606e+01   1.0300e+01
  1.0254e+01  -1.5902e+01
  2.0964e+02  -7.9881e+01
 -8.1475e+00   8.7282e+00
 -5.1922e+02   6.3246e+02
 -1.6687e+00   1.9495e+01
 -1.0928e+01  -4.5175e+01
  2.1293e+01   3.9172e+00
  1.9009e+01   2.4802e+01
 -1.6915e+01   1.7843e+01
 -1.7166e+01   1.6127e+01
 -3.0476e+00   5.4267e+00
  2.4825e+01   3.0632e+01
 -6.9446e+01   3.6405e+01
 -1.5181e+02  -1.2945e+02
 -2.2221e+01  -8.8159e+00
 -7.9292e+00  -3.1012e+00
  1.6116e+00   4.3114e+00
  2.3495e+01  -1.9988e+01
 -1.4615e+01   7.2174e+00
 -8.4144e-01  -1.3860e+01
 -1.9880e+01  -3.7847e+01
  1.5432e+02   1.2248e+02
 -3.3136e+01   8.4987e+02
 -7.5052e+02  -3.2981e+02
  2.5865e+00  -2.9137e+00
 -6.3301e+01   3.4457e+01
  2.2714e+02  -1.0832e+01
 -1.7746e+01  -6.5247e+00
  3.5910e+02  -1.9045e+02
  4.0620e+01  -1.4717e+01
  3.1685e+00   1.0695e+01
  5.2535e-01  -6.1926e-01
  7.7233e+00   5.4012e+00
 -3.1364e+01   1.8862e+01
 -2.5415e+01   2.9260e+01
 -1.5883e+01   3.6401e+01
 -1.7039e+00   1.4601e+01
 -1.1924e+01  -1.0509e+01
 -6.1862e-01  -3.8180e+00
 -7.6525e+00  -4.1000e+00
  1.1408e+00  -1.3203e+01
 -3.7569e+00   3.4566e+00
 -3.8986e+01   3.7935e+01
 -6.9913e+01   1.0683e+02
  2.6054e+01   2.2047e+01
  1.0561e+00   1.8825e+00
 -1.5014e+00  -1.4594e+00
 -2.7927e+01   5.1856e+01
 -2.0187e+02   8.5749e+01
 -4.8259e+00   2.0134e+02
  4.0887e+00   5.6940e+00
  6.5923e+00  -7.5339e+00
  5.4955e+01   1.1683e+02
 -3.2129e+02  -1.9184e+02
 -3.4437e+00  -1.6027e+01
  9.1449e+00  -4.9111e+01
  2.6088e+00   1.9323e+00
 -3.7229e+00  -4.0402e+00
  3.6668e+00   5.2682e+00
 -5.4713e+01  -5.5257e+01
 -2.4698e+01   5.8820e+00
 -5.7613e+00  -5.1953e+00
  1.6312e+01  -2.0728e+01
 -1.5053e+00  -2.7772e+00
  1.6456e+00   6.7167e+00
  9.2516e+00   1.1548e+00
  1.6788e+02   4.8407e+00
 -5.1355e+01  -7.4574e+00
 -1.9545e+01   3.1610e+00
  1.1475e+02   1.6686e+02
 -2.0108e+02  -7.3369e+01
 -1.4759e+01  -3.0788e+01
  3.2904e+00   2.7257e+00
  9.5799e+00  -2.0752e+02
  6.9316e+00  -1.0520e+01
  5.6483e+01  -4.9308e+00
 -7.8067e+00  -2.1274e+00
 -3.0864e+01   4.3337e+01
  2.1619e+00   9.2177e+00
 -3.2916e+00   2.9510e+00
  8.3020e+01  -2.0372e+01
  3.4031e+02   3.9206e+02
 -2.5585e+01  -3.7813e+01
  5.4943e+00   4.8209e+00
  2.1583e+01  -8.6470e-01
  2.5512e+00  -1.6531e+01
  5.2853e+00  -2.9881e+00
 -1.3799e+01  -3.6889e+00
  6.4468e+00   6.7737e+00
  5.2278e+01   1.7986e+01
 -2.7480e+00  -1.4729e+01
 -3.2068e+01  -1.5687e+01
 -3.5103e+00  -1.9958e+01
  5.3938e+01   1.9820e+01
 -1.4134e+01  -2.7423e+00
  9.6924e+00   2.3966e-01
  9.3365e+00   4.8100e+01
  2.3964e+01   2.0876e+01
  9.4431e+00   1.5864e+01
  4.8407e+00  -1.1908e+01
 -6.8210e+00  -2.0884e+01
  9.2033e+01   5.9188e+00
  9.1832e+00  -2.3420e+01
  7.2532e+00  -1.2702e+01
  1.2173e+00   2.1055e+00
 -8.9628e+00   4.8026e+00
  7.1294e+01   1.7950e+01
 -9.5017e+01  -1.6686e+01
  5.6778e+00  -6.1071e+00
 -8.9258e-01   2.3969e+01
 -2.4974e+00   6.7013e+00
 -8.9132e+00   1.2670e+00
 -1.7650e+00  -1.1380e+01
  4.6632e-01  -3.7415e+00
  6.8347e+00   6.6895e+00
  3.8538e+01  -4.3152e+01
 -5.3832e-01  -7.4492e-01
  3.8123e+00  -3.7319e+01
  9.3097e+00  -9.5146e+00
  2.3140e+01   7.5841e+01
 -1.5445e+01   1.4005e+01
 -1.0380e+00   8.6539e+00
 -5.9502e+00   4.0956e+00
 -4.7611e+01  -7.7128e+01
 -5.9555e+01  -1.1547e+02
 -2.1309e+01   4.4677e+01
 -6.9286e+00   8.8952e+00
  1.3674e+01  -2.8099e+00
  9.3463e+00  -6.2606e+00
  2.1813e+01  -1.8963e+01
  1.7497e+01   1.6907e+01
  5.9275e+00   1.7453e+01
 -3.7699e+00  -9.3892e-01
 -4.6177e+00   9.8780e+00
 -3.0971e+01  -4.0925e+00
 -1.5910e+01  -3.1528e+00
  1.6869e+00  -6.2098e-01
 -4.2090e+01   3.4096e+00
 -1.1720e+00  -1.3064e-01
  7.7852e+00   6.0158e+00
  2.0804e+02   8.7339e+01
 -2.6210e+01  -1.7310e+01
  9.0691e-01  -4.6097e+00
  2.5939e+01  -2.0379e+01
  1.0414e+00  -2.3333e+00
  8.6426e+00  -5.1278e+00
  5.1908e+01  -1.9959e+01
  8.9971e+01  -7.1695e+01
  6.8302e-01   9.3637e-01
 -3.8627e+01   1.6263e+01
 -5.3268e+01  -1.8758e+02
  2.0481e+01   1.1990e+01
 -3.7905e+01  -9.6349e+00
 -3.6212e+01  -3.2445e+01
 -1.3205e+01  -1.7414e+01
  1.6206e+01   8.7057e+01
  3.4899e+01  -6.7452e+01
 -5.3092e+01   2.4984e+01
 -2.7263e+01   2.2556e+01
  4.9192e+00   4.2715e+00
  3.9116e+00  -1.1318e+01
 -1.4285e+00   7.0710e+00
  5.8383e+00  -6.4142e+00
  2.1379e+00  -1.5914e+00
  5.6208e+02   6.1283e+01
 -1.1185e+03  -3.9671e+03
  1.4466e+01   7.4523e+00
  8.3818e+01   6.4048e+00
  7.6657e+00   1.1233e+01
 -2.6509e+01   4.6684e+00
 -4.5140e+00  -4.2237e+01
  9.4006e+00  -3.9786e+00
  3.0673e+01   1.7550e+01
 -6.4472e+00   5.6902e+00
  4.9026e+01   2.0254e+01
 -2.5357e+01   1.7539e+01
  1.8297e+02   2.0272e+02
  2.9622e+00   2.7881e+00
  3.1527e+01  -1.5752e+01
  6.0060e-01   1.8599e+01
  1.6837e+01  -2.7352e+01
 -3.5636e+01   5.8521e+01
  1.7030e+01  -5.0638e+00
  5.1359e+01  -6.0202e+01
 -6.8755e+01  -1.5435e+00
 -3.2332e+00  -2.9018e+01
 -7.5970e-02   1.2678e+00
 -1.0147e+00   6.1746e+02
  6.6782e+01   4.9476e+01
  4.1630e+00   4.4145e+00
  1.2902e+01   5.3978e+00
 -3.5175e+00  -3.9626e+00
  9.4194e+00   3.7502e+00
  4.0632e+00  -1.1422e+01
 -3.1137e+00   2.3871e+00
 -1.5048e+01  -2.6340e+00
  5.0245e+02   1.5740e+02
  4.3316e+00   1.0415e+01
 -1.6523e+01  -4.4962e+01
 -2.5630e+01   1.1434e+01
 -8.4686e+01  -4.6102e+01
  1.0245e+02  -2.7835e+01
 -1.4622e+01  -1.4633e+01
 -7.3104e+00   1.4931e+01
  1.9253e+01   1.2462e+01
 -7.8050e+00   6.0032e+00
  1.5244e+01   1.3885e+01
 -3.5212e-01   1.3435e-01
  9.2512e+00   1.5316e+01
  9.5633e-01   4.2341e+00
 -1.7724e+01   4.6305e+00
 -1.1569e+01  -2.0768e+01
 -1.0456e+01   5.9418e+00
  1.3205e+00   9.5952e+00
  3.2865e+01   2.0484e+01
 -7.1512e-01   2.4571e+00
  2.9167e+00  -7.1920e+00
  2.1169e+01  -4.4765e+01
  1.7458e+00  -1.3919e+01
  4.7336e+00   6.8986e+00
  3.6764e-01   2.6108e+01
 -2.5503e+01  -6.5880e+00
  4.2243e+00   4.8765e+00
 -2.0031e+01   2.8596e+01
  2.1444e+01   7.0766e+00
 -8.8402e+00  -2.2496e+01
 -2.1704e+03  -4.4455e+03
  5.2814e-01   1.0932e+01
  1.5770e+01  -1.5449e+00
  3.4805e+01   4.6895e+00
 -6.4797e-01   8.7298e+00
  8.4584e+00  -1.8941e+01
  3.0490e+00  -5.3164e+01
 -1.8595e+01  -4.2155e+01
 -1.1508e+02   2.0479e+01
  1.6193e+00  -3.9936e+00
  6.1156e-01  -1.6445e+00
  1.3171e+03   3.1590e+01
 -1.1468e+01  -1.1441e+01
  3.0473e+01   4.3796e+01
 -1.2992e+01  -1.4152e+01
 -4.4236e+01   5.3726e-01
 -9.2445e-01  -1.4498e+01
  4.2851e+01   6.7487e+01
 -3.3745e+01  -3.9773e+00
 -1.3283e+01  -4.2347e+00
 -9.5578e+00  -6.2983e+00
  4.9987e+01   1.6759e+02
  6.0782e+01  -6.9255e+01
 -3.7642e+00   2.9690e+00
  1.9478e+01  -4.7040e+01
  1.5149e+00   2.7905e+01
 -1.1224e+01   2.7030e+01
  1.0038e+00   1.2405e+01
 -4.2734e+02  -3.8007e+02
  5.1602e+02  -6.3863e+02
 -7.3355e+00  -4.3636e+01
 -2.1318e+00   1.7717e+01
 -1.3398e+00  -1.1311e+01
  1.3770e+01  -1.2708e+01
  1.2987e+02   6.8623e+01
  1.5866e+01   1.2167e+02
  3.6072e+00  -8.9227e+00
  4.1872e+01  -8.6625e+01
  1.4660e+01  -2.2447e+02
  1.7457e+01  -4.4608e+00
 -5.2965e+00  -4.4497e+00
  6.4254e+00   1.1743e+01
  4.5014e+00   2.5835e-01
  8.6694e-01  -6.5098e+00
 -1.2674e+01  -8.0474e+00
  8.8940e+00  -6.1232e+00
  1.2291e+01   8.2472e+00
  1.4419e+02   2.5732e+01
  2.6917e+01  -9.1564e+00
 -4.1847e+00  -2.8429e+01
  1.6052e+00  -3.1207e+00
 -1.5788e+02   2.8486e+02
 -7.9324e+00  -3.9350e+00
  3.1947e+01   2.1133e+01
 -2.7213e+01   2.3342e+02
  3.3200e+01   6.6015e+01
  1.3286e+01   5.2407e+01
  1.3811e+01  -2.5902e+00
 -5.9025e+00  -3.8375e+00
 -3.2309e+01  -1.4186e+02
 -2.9751e+00  -2.2348e+00
  7.5680e+00   5.7704e-01
  6.8632e+00  -2.1432e+00
 -2.3625e+00  -2.9725e-01
 -1.2254e+01   2.2080e+01
  4.5153e+00  -4.9703e+00
  3.1281e+01   2.6098e+01
  1.5062e+01   4.3107e+00
  2.7353e+01  -2.0522e+02
 -2.6999e+01  -3.5960e+01
  7.7662e+01   8.8838e+00
 -3.5397e+01   2.6920e+01
  7.7571e+01   2.8321e+01
  2.3571e+00   1.9711e+00
  9.2956e+00   1.2194e+01
  3.8999e+00   1.0915e+01
 -1.8586e+01   1.5301e+01
  1.6506e+01   8.9184e+00
 -2.5984e+01  -6.3062e+00
  2.8810e+01  -2.8339e+01
  2.3809e+00   1.1937e+01
  7.1869e+01  -1.9189e+01
  1.0439e+02  -3.2602e+01
 -2.9463e+01   2.2427e+01
 -1.6485e+02   1.2729e+02
  8.8494e+00   1.3828e+01
  5.2127e+00  -1.3884e+01
 -2.4697e+01  -8.0664e+00
  8.2944e+01  -2.6027e+01
 -6.0702e+01  -2.0610e+01
  6.8066e+01   2.1335e+01
 -4.4669e+00  -2.8169e+01
 -1.9317e+01  -1.7576e+01
 -4.6465e+00   5.2775e+01
 -3.4269e+02   1.2783e+02
 -9.7260e+02  -9.4864e+02
  1.3807e+01  -9.4655e+00
  1.3578e+01   2.8390e+01
  1.3854e+01   3.6572e+01
 -4.9198e+00  -1.2964e+01
 -1.0453e+01   2.7546e+01
  1.9831e+01   1.4564e+01
 -8.0512e+00  -4.9751e-01
 -5.3867e+01  -6.0742e+01
  4.2589e+02   3.9259e+02
 -1.2835e+01   1.5351e+02
  2.1136e+01   5.9718e+00
  1.1159e+01   1.7195e+01
 -1.0463e+01   5.5493e-01
 -1.5575e+02  -2.4899e+02
  4.2100e+01  -3.0921e+01
 -8.7681e+00  -8.8753e+00
 -3.8758e+00  -1.8696e+01
  1.4051e+02   2.8143e+01
 -9.6895e+01  -4.6329e+00
  1.0442e+01   4.9524e+00
  3.8557e+00  -2.7257e+00
 -1.0215e+01   2.9735e+00
 -2.1210e+02  -2.1492e+02
 -7.3351e+00   6.1899e+00
  3.3516e+01  -1.9856e+01
  3.9658e+00  -1.7716e+00
 -6.7127e+00  -5.9529e+00
 -3.1004e+01  -2.9113e-01
 -4.6259e+00  -3.0560e+00
  5.5630e-01   5.2163e+00
  1.3931e+01   2.3025e+01
  2.1732e+03   4.4486e+03
 -2.5716e+00  -5.3281e-02
 -1.1434e+01  -4.1044e+01
 -2.8987e+00   2.2980e+01
  1.2788e+01   1.9529e+00
 -2.6453e+01  -1.2459e+01
 -1.9752e+01   4.8416e+00
  1.0673e+00   4.4739e+00
  1.0341e+01  -2.4277e+01
 -1.5654e+01  -1.0372e+01
  3.9436e+00   4.3117e-01
  3.8907e+00  -6.0914e+00
 -2.6907e+01  -2.3215e+00
 -4.5671e+01   2.5705e+01
 -3.8607e+00  -2.1731e+01
 -1.3236e+03  -3.6457e+01
  1.6548e+02  -7.1841e+01
  6.0773e+00   8.5223e+00
  8.6609e+00  -1.5309e+01
 -2.7551e+01  -1.8371e+00
 -3.4774e+01  -1.6092e+00
  1.1368e+01   2.8618e+01
 -3.8389e+01  -7.6093e+00
 -7.4024e+01  -5.3479e+00
 -1.0127e+01  -2.4135e+01
 -8.6732e+00  -8.8025e+00
  9.1611e+01   5.1890e+01
  3.1889e+01  -1.2942e+01
 -1.2827e+01   1.8999e+01
 -9.9668e+00   1.2245e+01
 -2.3746e+01   3.9064e+01
  6.8295e-02   1.3338e+00
 -1.5414e+01   2.4501e+00
 -4.9574e+00  -6.2312e+00
  4.1725e+00   1.0499e+01
 -1.7906e+01   4.1623e+01
 -3.0213e+00   1.0459e+00
  2.5612e+01   4.3150e+00
  1.7731e+00   1.2509e+01
  1.0321e+01   7.8688e+00
 -1.5874e+01   8.7916e+00
  7.1102e-01  -1.6190e+00
 -9.8322e+01  -1.4552e+00
  7.1265e+00   1.4980e+00
  2.4042e+00  -2.6860e+01
  2.0537e-01   4.1116e+00
  3.4833e+01  -3.4318e+01
 -1.1993e+01   6.4290e+00
 -4.0605e-01  -6.2426e-01
  2.6675e+01   2.5386e+00
  2.6690e+01  -6.7661e+00
  3.3345e+01   8.3991e+00
  1.5044e+01   1.3726e+01
  2.8685e+00  -6.9336e+00
 -1.2114e+01   3.1348e+00
  2.0156e+01   4.7706e+00
 -7.0109e+01   2.3825e+01
  3.6954e+00   8.2243e+00
  1.9459e+01   3.1894e+01
 -3.8262e+02   6.5435e+02
 -1.1168e+01  -2.3441e+00
  9.4273e+00  -1.5308e+01
  1.0638e+02  -9.1839e+02
 -6.0077e+00  -2.8892e+01
 -1.6658e+01   6.2099e+00
  7.0295e+00   1.0760e+00
 -9.5595e+00   8.0714e+00
  1.3801e+01   8.1851e+00
 -1.4508e+01   1.8284e+01
  3.7912e+00  -3.3360e+01
  3.9538e+01   1.3352e+01
 -1.2957e+00  -8.9431e+01
  1.7459e+01  -1.6601e+01
  2.7231e+00  -6.9109e+01
 -1.1251e+01   2.8336e+00
  4.4483e+01   1.8641e+01
 -1.7366e+00   6.5969e+00
 -4.7231e+00   1.6359e+00
 -9.1250e+00   8.6824e+00
 -8.5945e+00   3.5376e+00
  2.8163e+01   8.5902e+00
  5.3548e+00   7.6677e-01
 -6.3148e+00   4.4602e-01
  8.6244e+00  -5.3344e+00
  2.4130e-01   5.2043e+00
  1.0192e+01   6.9871e+00
 -2.5475e+00   1.2714e+01
  5.9750e+01   5.4037e+01
 -1.0286e+01  -1.3484e+01
  2.4175e+00   5.6758e+01
 -6.9130e+00   6.4782e+00
 -4.0978e+01   2.5112e+01
  3.5491e+00  -6.5868e+00
 -2.0809e+02   3.4912e+01
  1.3290e+01   6.1213e+00
  1.6948e+01  -1.9550e+01
  1.5057e+01   8.9128e+00
 -1.0667e+01   2.0267e+01
  7.7764e+01  -1.5711e+02
 -9.0048e+00  -6.9360e+00
  4.3888e+01  -2.6200e+01
 -6.6936e+00   1.1097e+01
 -7.1906e+00   7.5926e+00
  1.3264e+01  -3.6501e+00
 -2.9551e+00  -1.4575e+01
 -1.5420e+01  -2.2836e-01
  5.3618e-01   4.0450e+00
 -8.5027e+00  -1.0079e+01
  3.6567e+00  -1.5796e+01
 -6.5060e+01  -4.8186e+01
 -1.3200e+01  -1.8632e+02
 -4.4196e+02   4.0999e+02
  1.2390e+00   1.1769e+00
 -9.7875e-01  -8.2984e+00
  2.7386e+00   2.1660e+01
  6.9073e+01   5.5731e+01
 -1.3796e+01   3.5113e+00
 -1.2990e+01  -5.3747e+00
  2.8065e+00  -1.0618e+00
 -1.1696e-01  -2.1838e+00
 -1.7906e+01  -3.1027e+01
  6.4869e+00  -2.9993e+00
  3.2100e+01  -1.9013e+01
  2.4396e+00  -8.1362e+00
  4.3212e+01  -8.7658e+00
 -5.1976e+00  -2.9468e+00
 -1.3935e+01   4.3812e+00
 -3.9007e+00   1.3891e+01
 -3.4680e+02  -3.9369e+02
 -6.0201e+00  -7.6229e+00
 -4.0001e-01   4.5615e+00
 -7.9747e-01  -1.0061e-01
 -8.8113e+00  -2.3506e+01
 -5.9654e+00  -1.2136e+01
 -1.4176e+00   5.3463e+00
 -5.8022e+01  -7.0300e+01
 -1.3029e+02  -4.3955e+01
  2.1083e+01  -1.7041e+01
 -5.3724e-01   1.5517e+00
 -3.0449e+02  -6.8031e+01
  3.1891e+01   4.1900e+00
  2.6499e+00  -1.2936e+01
 -1.5528e+01   7.2056e+00
 -1.5797e+02   7.4389e+01
  2.2818e+00  -7.0175e+00
 -7.9988e+00   5.2192e+01
 -8.4894e+00  -4.1489e+00
  5.5922e-01   2.7365e+00
 -2.9184e+01   2.0264e+02
 -6.7403e+00  -2.2352e+01
  6.0134e+01  -3.4631e+01
 -3.3905e+01   4.9688e+01
  1.2919e+01   8.6730e+00
  2.3083e+01   1.6589e+00
 -2.8403e+00   1.8483e+01
 -8.4213e-01  -5.6434e+00
 -6.6718e+01   1.5659e+02
 -4.0596e-01   4.3937e+01
  4.9910e+00  -7.6195e+00
  1.6328e+00   3.6581e+00
  2.2855e+00  -1.2778e+00
 -1.1445e+01   2.9430e+01
  8.2663e-01  -9.2746e+00
 -4.2386e+01  -3.4964e+01
 -1.5090e+01  -2.2917e+01
 -3.8399e+01   1.6527e-01
 -1.6296e+01   2.3484e+01
 -2.9017e+00   9.1826e-01
 -1.1474e+01  -2.2770e+01
  2.6111e-01   4.5918e-01
 -1.8400e+01  -6.6562e+01
  2.5235e+01  -5.8438e+01
  6.4546e+00   4.0387e+00
  8.9394e+00   3.8221e+01
  1.0285e+01  -1.2174e+01
 -3.0686e+01  -2.0455e+01
 -1.5619e+01  -2.5087e+01
  2.1328e+01  -1.3636e+01
  5.8804e+00  -1.1665e+01
 -6.2927e+00   5.1415e+00
 -2.6705e+00  -1.1201e-01
 -4.6158e+00  -1.1442e+01
  3.3320e+00  -2.8779e+00
  4.4819e+00  -3.1426e+00
  5.3162e-01  -1.0850e+01
 -5.0622e-01   3.2808e-01
  4.0126e+01   5.4652e+01
  4.2636e+00   7.2172e+00
 -4.0176e+00  -3.7505e+00
  4.5405e+01  -2.2291e+01
 -4.7780e+00  -1.8630e+01
  8.4098e+01  -1.4564e+02
 -1.4125e+01   1.8350e+01
 -1.7736e+01  -5.2781e+00
 -1.5909e+01  -8.0643e+00
  6.6736e+00   3.5671e+00
 -1.1978e+00   1.4080e+00
 -2.6331e+01   4.3728e+01
 -5.3460e+01   5.5918e+01
 -1.2475e+03  -4.2228e+01
 -2.3333e+02  -3.8008e+00
  5.8230e+00  -6.2078e+00
 -2.5615e-01  -7.0893e-01
  1.7888e+01   4.5818e+01
  4.8305e+02  -6.0349e+02
  1.7662e+01  -1.9268e+01
  7.2031e+02   3.3896e+02
 -5.7253e+02  -2.4061e+01
  3.9355e+00   2.5495e+00
 -8.2283e+00   1.6474e+01
 -1.2232e+02   3.3361e+02
 -5.8009e+01  -7.4504e+01
 -3.1759e+01  -1.2140e+01
  4.1864e+00   2.7745e+00
 -3.5619e+01  -4.1056e+00
  3.9346e+02  -1.0576e+03
  2.3467e+00  -8.1272e+00
 -6.1781e+00   1.3144e+01
  2.4060e+01   7.4368e+00
 -3.6190e+01  -5.0340e+01
  1.1948e+00  -2.1948e+00
  4.8718e+00  -2.4607e+00
  2.4911e+00  -1.1280e+01
  3.5294e-01   1.3160e+00
  8.2071e+01  -1.4027e+02
  1.7204e+01  -8.4361e+02
  6.3429e+01   7.6468e+01
 -7.3055e+00  -1.0099e+00
  7.0754e-01   1.3880e+01
 -8.7978e-01  -1.9394e+00
  4.9971e+00   9.3183e+00
  3.0491e+01   7.6045e+00
 -7.0568e+00   1.8639e+01
  2.5427e+01  -6.2872e+00
 -5.4491e+01   6.7322e+01
  4.7845e+01  -5.4711e+00
  7.7042e+01   1.5263e+01
  1.9473e+00   6.6696e+00
  8.0304e+00   1.6486e+01
  3.2307e+02   1.9398e+02
 -3.2915e+00   8.9082e-01
  4.0074e+01   1.1097e+02
  1.7510e+01   4.7777e+00
 -4.5003e+01  -4.7410e+01
  1.8063e+00  -1.8174e+00
  3.1926e+00  -4.0284e+00
  8.8896e+00   1.2912e+01
 -8.9180e+01  -3.5135e+01
  1.2002e+02  -4.8001e+02
 -7.7066e+00  -4.8403e+00
 -1.2769e+01   1.7551e+01
  2.7464e+01   7.7751e+00
 -2.1275e+01  -1.6002e+01
  3.3593e+01   8.8776e-01
  7.4699e+00  -1.6540e+01
 -1.2381e+00  -2.8259e+00
 -2.8885e+02  -9.6080e+02
 -1.0961e+02  -1.2184e+02
 -1.4045e+01   5.9023e+00
 -4.4690e+01   7.4207e+00
 -6.4506e-01  -1.5281e+00
 -1.4872e+01   2.0605e+00
 -4.3454e+00  -1.4565e+00
 -1.3154e+02   9.6287e+01
 -7.7404e+00  -6.2467e+00
 -9.9676e+00   7.4784e+00
  6.4186e+00  -1.5207e+00
  1.1632e+01  -3.0352e+01
 -1.2794e+01   4.4790e+01
 -1.0456e+01   5.0317e+01
  3.8127e+01  -1.9125e+01
  1.0886e+02  -3.3655e+02
 -3.3072e+02   1.4445e+02
 -4.6464e+00   1.7043e-01
  4.2045e+00  -1.5793e+00
 -1.9472e+00  -1.3468e+01
 -1.3051e+01  -4.3128e+01
  8.4646e+00  -1.4525e+01
 -1.6216e+02  -8.0933e+02
 -4.3296e+00   1.9948e+00
  2.0413e+02   2.2047e+02
  5.7524e+00   4.9973e+00
 -1.0685e+01   6.3384e+01
  1.0438e+01   1.8852e+01
 -5.8945e+00  -3.3444e+01
  1.4635e+01  -3.9133e+01
  1.0047e+00  -4.2827e+00
 -7.7908e+00   6.7190e-01
  1.1241e+03   3.9583e+03
 -7.3296e+00  -2.5899e+01
  2.6412e+00  -4.7278e+00
  5.2749e+00   9.0487e+00
  1.2964e+01  -5.0677e+00
 -6.7427e+01   1.1545e+01
  5.7409e+00  -2.5739e+00
  2.8164e+01   1.2905e+01
  3.5784e+01   8.1350e+01
 -1.8311e+01  -8.6292e+00
 -7.8282e-02   1.1380e+00
 -3.9918e+01  -5.7323e+01
 -4.0075e+00   6.6249e+00
 -6.9589e+01   6.1910e+00
  1.2276e+01  -5.2718e+01
 -2.1928e-01  -4.9423e+00
 -2.3561e+01  -8.6518e+00
  2.5073e+01   7.5139e+01
 -1.1771e+01  -2.8884e+00
 -8.1021e+01   1.6069e+01
 -1.6905e+01   1.1951e+01
  9.4555e+00   9.5885e+00
 -1.7488e+01   9.6097e+00
  1.0821e+01   1.7263e+00
