  1.8107e+00  -7.6544e+00
  1.7890e+00  -7.5529e-01
  7.2820e+00   9.3781e+00
  1.4465e+00  -1.5437e+01
 -1.1200e+02  -1.3516e+02
 -7.1609e+00  -1.9875e+01
 -8.4795e-01   2.4878e+00
 -4.7452e+00   2.1671e+00
  1.2310e+00  -3.0239e+00
 -4.3749e+00  -2.5301e+00
 -1.3666e+00  -5.6867e+00
 -9.1482e+00  -1.4212e+01
  1.0374e+00  -1.2315e+00
 -1.0118e+02  -5.6227e+00
  1.1321e+01   2.0530e+01
 -1.0788e+01   1.7759e-01
 -4.6981e+00  -6.8049e+00
  2.4060e+01   1.7345e+01
 -3.2737e+00  -4.9045e+00
  1.3769e+00  -4.7024e+00
  4.7738e+01   1.0466e+01
 -1.8421e+01   8.5000e+00
  1.1821e+01  -6.8487e+00
  1.6034e+00   2.5850e+00
 -4.4312e+01  -2.0359e+01
  2.9257e+00  -8.7729e+00
  1.9663e+02   5.2591e+01
 -2.3489e+02   6.1049e+02
  3.8236e+02  -2.4165e+02
 -2.9513e+00   1.3184e+01
  3.8626e+00  -1.4822e+00
  9.7616e-01   3.0972e+01
  1.4178e+00   2.4577e+00
  4.1130e+01   1.9171e+00
  1.1240e+01  -9.4088e+00
  1.8356e+00  -1.2148e+00
  7.6444e+01   1.5726e+02
  2.3485e+00  -4.0313e+00
 -5.6488e+00   4.0672e+00
 -7.8741e+00   2.7815e+01
 -1.3643e+01   1.2559e+01
  1.5089e+00  -1.3112e+01
 -1.0647e+01  -7.4295e-01
  6.8151e+00   1.5764e+00
 -1.0085e+02  -3.9106e+01
 -3.2529e+01  -1.0702e+01
 -2.7947e+00  -2.0031e+01
 -2.2977e+01  -2.3734e+01
 -1.9830e+00  -4.1726e+00
  2.7992e+01  -7.8706e+00
 -6.7043e+00   8.6416e+00
  3.6626e+00  -7.2901e-01
  5.2860e+00   9.0367e+00
  5.7438e+00   4.2302e+00
 -1.2411e+01  -4.2039e+00
 -4.4981e+00   6.1457e+00
 -5.5429e-01  -8.5649e-01
 -7.4391e+00  -5.1285e-01
 -6.7962e+01   1.7845e+01
  1.2487e+01   3.2160e+01
 -7.2643e+00   4.0007e+00
 -4.5866e+01   4.6929e+00
 -2.9326e+00   2.0118e-01
  4.7298e+00   1.6445e+00
  1.6502e+00   2.0460e+01
 -4.5984e+00  -3.8014e+00
  4.6639e+00   3.0675e+00
  3.6549e+00  -4.4565e+00
  7.7347e+02   2.1514e+01
  9.0866e+00   1.1390e+01
  5.4886e+00  -9.9947e-01
  4.1905e-01  -1.2952e+00
  6.2815e+00  -2.5567e+00
  1.8689e+01  -1.4366e+01
  1.9350e+02  -8.0659e+01
  1.9423e+01  -1.0191e+01
 -7.1129e+00   8.5270e+00
  1.0767e+01  -1.5788e+01
 -1.5540e+00   6.5302e+00
 -1.8477e+01   3.9566e+00
  1.1304e+01  -2.3259e+01
 -4.7449e+00  -2.6588e+00
 -2.2017e+01  -5.1403e+01
 -5.8381e-01  -2.1533e+00
  1.5034e+01   1.1983e+01
  3.7717e+00   1.3556e+00
  4.3231e+01   8.5653e+01
 -3.1521e+00  -5.4619e+00
  7.3175e+00   8.8810e-01
 -1.2654e+01   7.9714e+00
  6.9740e+00  -1.9236e+00
  3.0751e+00   2.4774e+00
 -3.4737e+00  -1.2730e+00
  4.1383e+00   7.4406e+00
  2.7957e+00   4.1303e+00
  5.3805e+00  -4.5153e+00
  3.1036e+01  -1.8182e+01
 -6.3908e-01  -1.7595e+01
 -4.4578e+00   4.3119e+00
 -4.4699e+01  -2.4620e+01
 -3.3917e+00   6.8502e+00
 -6.1519e-01  -2.6240e+00
 -6.5266e-01  -2.1628e+00
 -1.2802e-01  -2.7131e+00
  1.2445e+00  -4.2349e-01
 -7.8366e+00   1.9259e+00
 -1.4121e+01  -1.8932e+01
  1.3691e+01   3.2772e+01
 -2.1370e+01   9.6692e-01
  1.1152e+00  -7.2248e+00
  2.4833e+00  -1.2382e+00
  6.3811e-01  -4.5398e+00
 -5.7968e+00   2.1614e+00
 -1.5357e-01  -4.1797e+00
 -4.0387e+01   2.3353e+01
 -6.7149e+00  -7.8629e+00
 -5.3665e+01  -4.4106e+00
 -1.1630e+01   1.0223e+01
 -3.9593e+01   1.1466e+01
  3.9370e+00   3.8112e+00
 -4.1878e+00   3.3735e+00
  4.1072e+00   7.8672e-01
  9.2192e+00  -2.0541e+01
 -4.0888e-01  -4.7997e+00
  9.0293e-01   1.9483e+00
 -6.6830e+00   2.7351e+00
 -2.1151e+01   1.6586e+01
  2.8619e+00   5.5356e-02
 -2.2953e+00   1.1597e+00
  1.9545e+01  -1.0261e+01
  2.9950e+00  -3.7876e-01
  2.7500e+00   1.2415e+00
  5.5771e-01   2.8618e+00
 -3.8636e-01  -7.2181e+00
 -2.1402e+00   1.6470e+00
 -1.8757e-01   2.4337e+00
 -3.9161e+00   1.1957e+01
 -8.8242e+00   1.0083e+01
 -4.1606e+00  -2.5735e+00
  9.1276e+00   5.3462e+00
  1.9622e+00   2.1969e+00
 -5.5943e-01  -6.1673e+00
  1.0411e+01  -9.7035e-01
  3.4455e+00  -3.4793e+00
 -5.0489e+00  -7.3266e+00
  4.4217e+00  -1.5980e+01
  2.0407e+00  -4.1415e+00
  2.1988e-01   5.1356e+00
 -2.5559e-01  -1.7969e-01
  1.6615e+00   2.8998e+00
 -8.1414e+00  -2.3770e+01
  1.9733e+00   3.9030e-01
  6.3617e+00   6.5630e+00
 -3.4543e+00   3.8577e+00
 -8.6322e+00  -7.1369e+01
  1.0107e+00   5.1545e+00
 -3.3559e+00  -1.3218e+00
  6.2252e+02   5.9233e+02
 -1.4583e+00  -2.7537e+00
 -1.1700e+00   4.3255e+00
 -8.5840e+00   1.5451e+00
  4.3048e+00   8.3978e+00
 -9.2532e+00  -5.2265e+00
  1.7527e+02   6.0749e+02
  4.4497e+01  -3.9117e+01
 -1.6585e+01  -3.6128e+00
  4.2847e+00  -6.9733e-01
 -1.3258e-01   3.5456e+00
  3.4509e+00  -3.5215e+00
 -5.0864e+01  -8.0388e+01
  1.5195e+01   2.7923e+01
 -5.7620e+00  -1.5482e+01
 -3.8436e+02   2.4900e+02
 -3.3048e+00   4.7716e+00
  9.8792e-03   4.0267e+00
  1.0742e+01   6.4897e+00
  1.7996e+00  -5.5411e+00
 -4.2179e+01   4.5094e+01
  5.2334e+01   1.0125e+01
 -1.2253e+01   5.2880e+00
 -1.9410e+01  -3.1531e+01
  3.2155e+00  -2.1264e+01
  2.4767e+00  -5.4500e-01
  4.0094e+00   5.6163e+00
 -2.4146e+00   3.2109e-02
  4.5814e+00  -2.6371e+01
 -9.3918e+00   2.2368e+00
  3.2832e+00   4.4633e+00
  2.1903e+00   1.1323e+00
  6.2881e+01   7.3300e+01
 -6.6610e+00  -8.1304e-01
 -1.8088e+00   8.3093e+00
  6.7240e+00  -2.3570e+01
 -1.3510e+00   4.9321e+00
 -1.5734e+00   5.1372e+00
 -3.9451e+00  -2.1904e+00
  4.1920e+01  -1.1378e+02
  2.8429e+00  -9.1295e-01
 -6.7278e-01  -1.7082e+00
  1.0389e+01   7.3123e+00
  2.6956e+02  -2.4145e+02
 -5.8521e+00   3.3691e+00
  1.7906e+01   5.5743e+01
  2.1179e+00  -6.4084e+00
 -1.3961e+01  -4.4780e+00
 -6.0441e+01  -1.0035e+02
 -3.1273e+00   3.0313e+01
 -5.0619e+00   6.7288e+00
  1.3918e+02   7.3719e+01
  1.2777e+00   1.0240e+00
 -1.3826e-01  -4.6022e+00
 -8.0373e+00   2.0621e+01
 -2.7244e+01  -1.9848e+01
  4.0033e-01  -6.9681e+00
 -3.7926e+00  -6.1176e+00
 -8.3574e-01   3.4194e+00
 -7.8656e+00   4.6804e+00
 -1.1301e+00   5.6353e+00
 -1.4389e+01   1.2541e+01
  2.3343e+01   3.2237e+01
 -1.1371e+01  -1.1117e+01
  3.2024e+01  -9.4722e+00
 -3.4368e+00   1.1036e+00
  1.9044e+01  -3.3106e+01
 -2.2660e+00   1.3099e+00
  1.5214e+02   9.1037e+00
  4.7149e+00   1.8075e+01
 -2.8220e+00   8.5212e+00
  4.9004e+00   6.9367e+00
 -1.0530e+01   6.7018e-01
 -5.5017e-01   2.7434e+00
  2.6711e+00  -5.0177e+00
 -7.4655e-01  -1.5249e+00
  1.6381e+00   2.0968e-01
  1.8473e+00  -1.9841e+01
 -3.4289e+00   2.1167e-01
  5.7236e-01   5.4368e+00
 -1.8091e+00  -2.9522e+00
  3.1402e+00   1.6126e+01
 -5.5069e-01  -4.1856e+00
  2.8397e-01   1.0656e+01
 -5.4690e+01  -1.0073e+02
  8.4282e+00   2.4249e+01
  2.0953e+01  -5.3667e+00
 -2.8197e+01   1.5967e+01
 -3.8397e+01   1.4633e+01
  2.4815e+00   8.6130e-02
 -2.3871e+00  -5.6643e-01
  3.3647e+00   5.3408e+00
  4.1704e+00  -2.5143e+00
  6.3690e+00   2.2828e+00
  9.3780e+01   6.1547e+01
  4.3441e+00  -5.1194e+00
  6.8833e+00  -5.5716e+00
 -1.4292e+01  -4.5504e+01
  2.2647e+01  -5.3893e+00
 -7.8977e-01   4.9704e+00
  8.5252e+00  -8.9228e+00
  1.1586e+00  -8.8367e-01
 -5.0635e+00  -2.5824e+00
 -1.3111e+01   6.0012e+00
  2.2497e+00   3.6829e+01
 -7.3684e+00   3.2532e+00
 -4.3116e+00   3.3680e+00
 -3.3469e+00  -1.9012e+00
 -5.1518e+00  -3.6453e+00
  2.3715e+01   2.2005e+00
 -5.1962e-01  -3.4231e+01
 -8.8278e+01   2.6596e+02
  8.7363e-01  -9.7098e+00
 -4.9406e+01   9.1477e+01
 -2.2040e+01  -3.3092e+00
 -8.8205e+00  -1.9527e+00
 -7.9336e+00   4.0641e+00
  1.7833e+01  -7.0804e+00
  1.0085e+01   6.0409e+00
 -1.2114e+00   1.8886e+00
 -1.5988e+00  -2.2740e+00
  3.0876e-01  -2.3681e+00
 -1.8096e-01  -6.2632e+00
 -1.3070e+02  -4.0531e+01
  7.4118e-02  -7.2267e+00
 -4.1741e+00  -2.6484e+01
 -1.1128e+01   5.5604e+00
 -6.8815e+00  -3.9107e+02
  4.0403e+00   1.3804e+00
  3.5596e+01  -2.0086e+01
 -9.3083e-01  -5.4406e+00
  1.4889e+00  -2.1959e+00
  2.2579e+00   3.6206e+00
  4.6449e+00   4.0114e+00
  6.6916e-01   9.2053e+00
  2.3069e+00   3.9251e+00
  5.4389e+00   1.2898e+00
  4.6817e+00   7.6827e+00
  3.2241e+01  -3.5769e+00
 -6.0139e+00  -1.6606e-01
 -1.3795e+01  -7.6162e+00
 -2.2954e+00  -4.4647e+00
  9.6092e+01  -7.4598e+01
  1.5161e+01  -3.5243e+01
  5.4444e+00  -1.5066e-01
 -4.4816e+01   4.3565e+01
 -3.8983e+00  -7.6254e+00
  4.5373e+00   1.4618e+01
 -1.6860e+01  -7.3992e+00
 -1.8490e-01  -5.1880e+00
  2.7947e+01  -3.9116e+00
 -5.8085e+00   2.4151e+00
  1.2514e+01   1.3884e+01
  3.6180e+00   1.9662e+00
  3.5373e-01   8.7946e+00
 -9.3822e+00   9.1537e+00
 -1.0345e+02  -3.6796e+01
 -4.4877e+00  -2.2925e+01
  2.5291e+01  -8.6168e+00
  1.4985e+01   1.2072e+01
 -6.8599e+00  -2.4902e+00
 -1.1226e+00   1.9553e+00
  1.5149e+01  -1.7844e+01
 -6.7128e+00   5.2284e+00
  5.9745e+00   1.1959e+01
 -2.4991e+00   2.1622e+00
 -3.1230e+00   2.8106e-01
  1.7020e+00   5.5472e+00
 -5.8044e-01  -3.2643e+00
 -4.6499e+00   2.0861e+00
 -2.5029e-01   1.0064e+01
 -6.4395e+00   1.4987e+01
  9.8055e-01   2.0905e+00
 -2.1421e+01   2.4093e+00
 -6.9063e+00  -5.9644e+00
  4.1182e+00  -3.4019e+00
 -1.4011e+01  -3.2952e+00
  2.7834e+01   4.4268e+00
  8.2971e+00  -1.1383e+01
  1.3196e+02  -4.8178e+01
 -1.6213e+00   1.7319e+00
 -1.9230e+01   2.4155e+01
 -2.6371e+00   1.4737e+01
 -6.7903e+00  -2.9493e+01
  1.0667e+01   2.3193e+00
  1.4080e+01   1.3769e+01
 -1.2017e+01   1.2863e+01
 -8.7776e+00   7.6389e+00
  1.7664e+00   1.9065e+00
  1.5639e+01   1.9281e+01
 -5.2040e-01   7.0572e+00
 -9.7466e+01  -8.4323e+01
 -8.2516e+00  -2.2467e+00
 -1.6806e+00  -3.9400e+00
  3.7034e+00   1.4034e+00
  1.4525e+01  -1.2441e+01
 -7.5929e+00   3.3784e+00
 -3.9123e+00  -6.6587e+00
 -1.3175e+01  -2.4119e+01
  9.8808e+01   7.7302e+01
 -1.6072e+01   4.1764e+02
 -4.1347e+02  -1.7917e+02
  2.0451e+00   1.1031e+00
 -1.8270e+01   1.3128e+01
  1.3672e+02  -6.1410e+00
 -1.0569e+01  -5.0653e+00
  2.1768e+02  -1.1787e+02
  2.6882e+01  -1.0761e+01
  1.8545e+00   5.7775e+00
  4.3668e-01  -4.9160e+00
  6.5307e+00   6.4772e+00
 -1.6971e+01   1.4144e+01
 -1.5233e+01   1.5293e+01
 -7.9189e+00   2.5909e+01
 -6.1224e+00   9.0407e+00
 -8.2475e+00  -6.2269e+00
 -7.6045e-01   2.5044e+00
 -2.7101e+00  -4.2731e+00
  8.2092e-01  -4.7607e+00
 -4.0903e+00   4.7927e+00
 -2.5995e+01   2.4039e+01
 -3.8091e+01   5.6835e+01
  8.8251e+00   1.1741e+01
 -4.6267e+00   1.7015e+00
  1.4313e+00   3.1947e+00
 -1.7432e+01   3.2081e+01
 -1.2175e+02   5.3959e+01
 -1.8595e+00   9.9160e+01
 -1.4133e-01   3.3526e+00
 -1.6523e+00  -2.1642e+00
  3.3952e+01   7.0880e+01
 -1.0754e+02  -6.6057e+01
  1.4057e+00  -2.5031e-01
  6.2161e+00  -3.1723e+01
  3.7881e+00  -1.4704e+00
 -2.6220e+00   3.6179e+00
  5.2563e+00   4.5177e+00
 -3.0275e+01  -2.9046e+01
 -1.6693e+01   2.3642e+00
 -6.9148e+00  -3.3940e+00
  3.1118e+00  -4.6242e+00
  5.0380e+00  -8.3742e-01
 -2.4679e+00   6.6285e+00
  5.0487e+00   3.0962e-01
  1.0457e+02   2.9883e+00
 -2.6693e+01  -3.4912e+00
 -5.6107e+00  -5.7424e-01
  7.4811e+01   1.0465e+02
 -9.2601e+01  -3.6441e+01
 -3.7385e+00  -1.4934e+01
  5.6313e+00  -1.3446e+00
  5.2220e+00  -1.0161e+02
  5.6279e+00  -7.1222e+00
  3.2690e+01  -2.2434e+00
 -4.9375e+00   1.5445e+00
 -1.4299e+01   2.3411e+01
 -2.8946e-01   1.5407e+00
 -1.6699e-01  -2.4171e+00
  5.4181e+01  -1.3518e+01
  2.1837e+02   2.5183e+02
 -1.5657e+01  -2.3168e+01
  4.4076e+00   1.0207e-01
 -4.5071e-01  -3.0022e+00
  2.4728e+00  -5.8390e+00
  2.1168e+00   6.3862e-02
 -8.8095e+00  -4.7286e+00
  3.5134e+00  -2.9261e+00
  2.7388e+01   9.7672e+00
  7.7319e-01  -1.7765e+00
 -3.9573e+00   3.1701e+00
 -2.4525e+00  -1.3793e+01
  1.9313e+01   9.6256e+00
 -9.1616e+00  -2.4918e+00
  5.6916e+00  -1.6591e+00
  6.0417e+00   2.4062e+01
  9.1547e+00   8.1251e+00
  5.3976e+00   6.8358e+00
  3.2149e+00  -4.3236e+00
 -5.4453e+00  -1.5033e+01
  4.5263e+01   1.3970e+00
  6.3090e+00  -1.2468e+01
  4.4929e+00  -8.9091e+00
 -4.8264e+00   3.4875e+00
 -6.9058e+00   6.9179e+00
  4.6080e+01   1.1869e+01
 -4.9130e+01  -9.1092e+00
  1.9719e+00   4.0478e-01
 -2.5686e-01   8.7486e+00
  1.3908e+00   1.1800e+00
 -4.2879e+00   1.5003e+00
  7.2984e-01  -5.8486e+00
 -3.4578e+00   2.6846e-01
  2.6538e+00   6.4971e-01
  2.6592e+01  -2.8396e+01
  4.4050e+00  -2.2673e+00
  1.0969e+00  -1.2960e+01
 -8.7157e-01  -9.0811e-01
  1.5523e+01   4.6251e+01
 -1.2163e+01   1.0063e+01
 -2.8584e+00   5.6550e+00
 -8.3824e+00   3.1456e+00
 -3.2890e+01  -4.8983e+01
 -3.7606e+01  -7.2823e+01
 -1.1035e+01   2.6163e+01
 -5.6872e-01   7.5962e+00
  8.0374e+00   1.8723e+00
  6.2273e+00  -6.1875e+00
  1.2227e+01  -1.0846e+01
  1.1080e+01   7.0412e+00
  4.4513e+00   1.4670e+00
  3.0520e+00  -4.5697e-01
  1.9004e+00   1.0814e-01
 -1.9591e+01  -3.6256e+00
 -1.1835e+01  -1.9530e+00
  1.3651e-02  -2.2527e+00
 -2.5236e+01   4.7562e+00
 -2.6097e+00  -5.2033e+00
  3.0209e+00   2.2389e+00
  1.0043e+02   3.9377e+01
 -1.8311e+01  -8.9556e+00
 -1.7679e+00   6.4120e-01
  1.8158e+01  -1.5631e+01
 -1.5809e+00  -3.5091e+00
  4.3142e+00  -1.3099e+00
  1.4696e+01  -5.1142e+00
  5.3799e+01  -4.3548e+01
  1.1672e+00  -9.1111e-01
 -2.2815e+01   8.2484e+00
 -2.7367e+01  -9.7326e+01
  9.9794e+00   8.2368e+00
  1.2300e+00  -1.3115e+00
 -1.9199e+01  -1.4771e+01
 -4.2043e+00  -9.6897e+00
  1.1129e+01   5.4390e+01
  2.1532e+01  -4.3088e+01
 -3.4334e+01   1.7040e+01
 -1.9438e+01   1.5587e+01
 -2.1654e+00  -1.3026e+00
  6.4783e+00  -6.1579e+00
  4.4468e+00   3.8472e-01
 -1.5646e-01  -1.8687e+00
 -1.3213e+00  -9.0721e-01
  3.5253e+02   3.8617e+01
 -7.1076e+02  -2.5268e+03
  8.4099e+00   4.0128e+00
  5.6275e+01   3.9956e+00
  4.3846e+00   3.0026e+00
 -1.5828e+01   5.7211e+00
 -1.3873e+00  -2.8052e+01
  2.8362e+00  -3.6522e+00
  2.0448e+01   1.1924e+01
 -4.3320e+00   2.5809e+00
  3.1006e+01   1.2597e+01
 -4.7514e+00   4.3034e+00
  1.1594e+02   1.2905e+02
  5.4639e+00  -3.0617e-02
  1.9295e+01  -1.1424e+01
 -3.1132e+00   1.1469e+01
  9.6842e+00  -1.9129e+01
 -2.5756e+01   3.5719e+01
  1.1156e+01  -3.9344e+00
  2.9095e+01  -3.1025e+01
 -4.4472e+01  -1.7922e+00
 -2.0061e+00  -1.4613e+01
  4.8085e-01   1.4565e+00
 -3.1210e+00   3.7790e+02
  4.0687e+01   3.2562e+01
  1.4204e+00   4.2904e+00
  1.1517e+01   3.5462e+00
 -2.5121e+00  -1.1031e+00
  9.8201e+00   2.7057e+00
  2.0021e+00  -5.0891e+00
 -4.7482e+00  -2.4480e+00
 -1.2190e+01  -4.7642e-01
  1.3188e+02   4.2453e+01
  2.6672e+00   5.8449e+00
 -1.0218e+01  -2.8887e+01
 -1.7030e+01   7.4229e+00
 -4.9261e+01  -2.6188e+01
  6.5787e+01  -1.8946e+01
 -9.6644e+00  -9.7454e+00
 -3.6277e+00   1.0003e+01
  4.4433e+00   3.1653e+00
 -5.7710e+00   1.2357e+00
  1.9111e+00   5.0402e-01
 -2.6058e+00  -4.1560e+00
  5.1068e+00   8.3133e+00
  1.4956e+00   4.8021e+00
 -1.1846e+01   5.5868e+00
 -8.8797e+00  -1.6539e+01
 -3.4251e+00   2.0240e+00
  7.7722e-01   1.8417e+00
  1.7214e+01   1.4006e+01
  1.5243e+00  -1.1813e+00
  4.1721e+00  -2.6267e+00
  1.3668e+00  -3.3657e+00
 -1.6084e+00  -4.8254e+00
 -2.0795e+00   1.7028e+00
  2.8568e+00   1.4745e+01
 -1.4809e+01  -8.7975e-01
 -1.6772e+00  -1.1013e+00
 -1.0701e+01   1.7939e+01
  1.4693e+01   5.2330e+00
 -4.4009e+00  -1.4143e+01
 -1.3814e+03  -2.8288e+03
 -6.3090e-01   8.3714e+00
  8.6055e+00  -2.3017e+00
  2.3477e+01   1.2857e+00
 -1.4710e+00   4.8673e+00
  2.4912e+00  -1.3228e+01
  2.1290e+00  -3.3334e+01
 -1.1131e+01  -2.6685e+01
 -7.4134e+01   1.2187e+01
  3.7441e+00   1.1086e+00
 -2.0500e+00  -3.7209e+00
  8.4866e+02   1.9979e+01
 -7.3394e+00  -5.9372e+00
  1.7378e+01   2.6718e+01
 -6.2636e+00  -6.2269e+00
 -2.5661e+01  -3.5961e+00
 -3.8347e-01  -1.0914e+01
  1.5258e+01   2.5086e+01
 -1.2157e+01   6.0507e-01
 -9.5386e+00  -1.7121e+00
  5.8085e-01  -8.5613e-01
  2.4283e+01   7.8207e+01
  9.5202e+00  -8.7811e+00
 -2.5845e+00   9.8179e-01
 -1.8100e+00  -2.5418e-01
  2.8468e+00   1.4323e+01
 -9.2701e+00   1.6583e+01
 -3.9347e+00   7.3300e-01
 -2.7244e+02  -2.4228e+02
  1.6483e+01  -1.9679e+01
 -4.7696e+00  -2.8051e+01
 -9.1942e-01   1.1596e+01
 -2.0034e+00  -8.6463e+00
  5.9084e+00  -6.0221e+00
  3.6374e+01   1.6483e+01
  9.0990e+00   7.5523e+01
  1.5472e-01  -6.2112e-01
  2.0668e+01  -4.4929e+01
  8.0119e+00  -1.4366e+02
  1.2633e+01   2.3541e-01
 -2.0656e+00   2.0307e+00
  4.0669e+00   3.9328e+00
 -1.6137e+00  -2.9836e+00
  2.2608e-01  -2.6683e+00
 -3.0906e+00   4.3134e-02
  3.9049e+00  -2.7913e+00
  9.7529e+00   8.2260e+00
  9.1765e+01   1.6570e+01
  1.4217e+01  -9.0191e+00
 -2.7306e-01  -1.1081e+01
  4.1929e+00  -4.3953e+00
 -2.2659e+01   3.6135e+01
 -5.1213e+00  -4.3495e+00
  2.0550e+01   1.3264e+01
 -1.9097e+01   1.5209e+02
  1.8137e+01   4.1039e+01
  1.0187e+01   3.2621e+01
  2.6649e+00  -2.6777e+00
 -2.3711e+00   1.0047e+00
 -2.0774e+01  -8.9475e+01
 -5.6333e+00  -3.5157e+00
 -7.5440e-01  -3.8338e-01
 -7.0024e-01  -5.0546e-01
  4.9490e-01  -3.1557e+00
 -6.4426e+00   1.1808e+01
  1.5817e-01  -2.6559e+00
  1.7289e+01   1.8344e+01
  5.8163e+00   5.0167e+00
  1.6011e+01  -1.2963e+02
 -1.8260e+01  -2.4678e+01
  4.5896e+01   3.0056e+00
 -1.7261e+01   9.2409e+00
  4.8964e+01   1.4315e+01
 -1.4798e+00  -3.0737e+00
  8.0749e+00   7.5729e+00
  1.3961e+00   4.9656e+00
 -1.2196e+01   1.0395e+01
  7.5445e+00   9.4206e+00
 -1.6053e+01  -4.3089e+00
  1.7795e+01  -1.4018e+01
  2.9140e+00   4.9754e+00
 -1.1768e+00   5.4925e+00
  6.1151e+01  -1.7338e+01
 -2.1083e+01   1.3166e+01
 -1.0721e+02   8.2366e+01
  2.0576e+00   3.6586e+00
  6.6015e-01  -6.6933e+00
 -1.4063e+01  -4.1617e+00
  4.0488e+01  -1.3248e+01
 -3.0097e+01  -7.8380e+00
  4.3372e+01   1.3503e+01
 -3.3546e+00  -1.5519e+01
 -7.9612e+00  -6.7479e+00
 -2.1951e+00   2.5449e+01
 -2.1494e+02   7.8351e+01
 -6.0605e+02  -5.9550e+02
  7.4806e+00  -6.3115e+00
  5.8310e+00   1.9538e+00
  5.9474e+00   1.3213e+01
 -3.3664e+00  -9.1719e+00
 -5.1060e+00   1.5617e+01
  1.2208e+01   7.5957e+00
 -6.3773e+00  -9.2576e-02
 -3.3929e+01  -3.7726e+01
  2.7447e+02   2.5304e+02
 -8.2185e+00   9.9292e+01
  1.6599e+01   4.3606e+00
  4.3361e+00   9.4667e+00
 -6.7970e+00  -9.0406e-01
 -9.8143e+01  -1.5627e+02
  2.3910e+01  -1.7197e+01
 -4.1855e+00   6.3583e-02
 -2.3852e+00  -7.8973e+00
  9.2696e+00  -2.8168e+00
 -3.8789e+01  -1.9992e+00
  3.5303e+00   1.0682e+00
  3.5353e+00  -3.1543e+00
 -6.4890e+00   3.9133e+00
 -1.3352e+02  -1.3242e+02
 -2.1491e+00  -2.8322e+00
  1.7256e+01  -1.3475e+01
 -1.5669e+00  -2.5636e+00
 -4.2597e+00  -5.0761e+00
 -2.0677e+01  -1.2330e+00
 -3.0471e+00   7.2296e-01
  9.4725e-01  -3.0014e+00
  4.8316e+00   9.8450e+00
  1.3826e+03   2.8312e+03
  2.5689e+00   9.3609e-02
 -3.4747e+00  -2.0749e+01
 -4.2339e+00   1.5627e+01
  7.1143e+00   2.5171e+00
 -1.7059e+01  -6.0886e+00
 -1.3126e+01   5.8744e+00
 -1.9185e+00   2.8635e+00
  4.5482e+00  -1.2637e+01
 -3.4566e+00  -2.4174e+00
  3.4994e+00   7.4441e-01
  6.5502e+00  -2.3374e+00
 -1.5486e+01  -8.9960e-01
 -2.6334e+01   1.5503e+01
 -4.9453e+00  -1.3639e+01
 -8.5613e+02  -2.3951e+01
  3.6082e+00  -2.0110e+00
  4.4492e+00   9.8987e+00
  6.4403e+00  -1.1036e+01
 -1.6867e+01  -2.1242e+00
 -2.1197e+01  -3.1013e+00
  6.2724e+00   1.4608e+01
 -2.2768e+01  -3.1054e+00
 -4.6185e+01  -2.9800e+00
 -9.5170e+00  -1.6550e+01
 -9.9259e+00  -6.7279e+00
  5.3751e+01   3.0343e+01
  1.9950e+01  -6.1797e+00
 -4.8780e+00   1.0166e+01
 -1.9138e+00   4.1432e+00
 -2.3348e+00  -9.2989e-01
  3.4409e-01   1.2928e+00
 -2.5753e+00  -1.4707e-01
  1.7696e+00  -1.2099e-01
 -7.7252e-01   9.1839e+00
 -1.0764e+01   2.5739e+01
  1.7134e+00   4.1341e+00
  1.3732e+01   1.2717e+00
  4.1897e+00   9.2057e+00
  9.3074e+00   2.8422e+00
 -1.0780e+01   5.0322e+00
  2.7168e+00  -3.2909e+00
 -4.8712e+01  -1.0744e+00
  9.6960e-01   2.6721e+00
  7.9389e-01  -1.5617e+01
 -3.7504e+00   5.5760e+00
  1.3948e+01  -1.1524e+01
 -9.8446e+00   1.8231e+00
 -1.5971e-01  -2.0504e+00
  4.6506e+00   1.9980e+00
  7.5295e+00  -4.6668e+00
  2.1897e+01   7.1484e+00
  7.0234e+00   2.1860e+00
  1.2367e+00  -6.4910e+00
 -1.0092e+01   3.3526e+00
  8.7089e+00   3.1590e+00
 -4.1835e+01   1.3225e+01
  4.1698e+00   2.9045e+00
  1.0986e+01   1.8449e+01
 -2.3477e+02   4.0401e+02
 -6.3880e+00   1.3108e+00
  7.1725e+00  -8.5125e+00
  1.4763e+00  -9.0691e-01
 -9.1974e-01  -1.4828e+01
 -9.8795e+00   4.4391e+00
  7.9078e+00   1.1364e+00
 -7.9848e+00   1.9195e+00
  2.0817e+00   3.8260e+00
 -6.2683e+00  -1.7044e+00
  3.1074e+00  -1.8475e+01
  2.3484e+01   9.1141e+00
 -1.8918e+00  -5.7505e+01
  1.0491e+01  -8.0243e+00
  1.0349e+00  -3.0974e+01
 -4.5871e+00   1.2623e+00
  2.9226e+01   1.2308e+01
 -2.9121e+00   2.4177e+00
 -3.8448e+00   3.4991e+00
 -2.6425e+00   3.5949e+00
 -2.9320e+00   1.1286e+00
  5.1156e-01   2.8140e+00
  6.4294e+00   4.8029e-01
 -2.8433e+00   2.9359e-01
  2.7221e+00  -3.4010e+00
  3.7497e+00   3.9982e+00
  4.2846e+00   8.4265e+00
 -1.6069e-02   1.1321e+01
  3.4448e+01   3.2671e+01
 -9.8350e+00  -6.5687e+00
  1.5616e+00   3.2962e+01
 -7.4096e+00   3.3175e+00
 -2.6857e+01   1.6632e+01
 -3.0903e+00  -1.5989e+00
 -1.2449e+02   2.1315e+01
  1.2067e+01   4.1059e+00
  1.0036e+01  -1.0057e+01
  1.0990e+01   6.4162e+00
 -3.2693e+00  -4.9352e-01
  3.8013e+00  -5.6728e+00
 -2.6390e+00  -9.4592e-01
  2.7261e+01  -1.8446e+01
 -1.0725e+00   3.9880e+00
 -3.6115e+00   5.2725e+00
  4.2756e+00  -3.1511e+00
 -3.3848e+00  -7.0372e+00
 -3.6043e+00   2.6920e+00
 -2.1393e+00   4.5561e+00
 -6.4334e+00  -6.5250e+00
  4.4624e+00  -1.2089e+01
 -4.1423e+01  -2.8421e+01
 -5.5247e+00  -8.8811e+01
 -2.8579e+02   2.6521e+02
 -3.8185e+00  -2.9989e+00
 -4.1894e+00  -3.7753e+00
  3.0107e+00   1.4817e+01
  3.4954e+01   2.7273e+01
 -5.7454e+00   3.6012e+00
 -1.5428e+00  -4.4435e-02
  5.5909e+00   1.1850e+00
 -2.1842e+00   3.8449e+00
 -3.5340e+00  -2.3230e+00
  1.3995e+00  -4.9709e+00
  6.2491e+00   1.3691e+00
 -1.8787e-01   1.1419e+00
  2.4368e+01  -3.5982e+00
 -7.4844e+00  -3.3370e+00
 -7.8266e+00   2.2240e+00
 -6.7504e-01  -3.4139e-01
 -2.2209e+02  -2.5185e+02
 -1.7088e+00  -1.0373e+00
  4.6528e-01   2.6054e+00
 -2.7308e+00   2.9761e+00
 -4.1779e+00  -1.7036e+01
 -6.1992e+00  -5.5133e+00
  2.6284e+00  -1.5925e+00
 -3.6954e+01  -4.6635e+01
 -6.5817e-02  -5.3013e+00
  1.4156e+01  -1.2292e+01
  1.3528e+00  -8.0865e-01
 -1.9683e+02  -4.4173e+01
  1.5326e+01  -8.3280e-01
 -4.6536e+00  -7.9796e+00
 -4.9105e+00   6.8203e+00
  2.1051e+00  -9.3016e-02
  2.0281e+00  -6.6035e+00
 -6.0855e+00   3.4450e+01
  2.4667e-01   1.5879e-01
  2.7597e-01   7.3230e-01
 -1.9738e+01   1.2811e+02
  5.6030e+00  -2.7321e+00
  3.8376e+01  -2.2679e+01
 -1.7091e+01   2.8607e+01
  1.4996e+00   1.8976e+00
  1.5568e+01   1.4613e+00
 -1.5087e+00   7.7436e+00
 -2.8614e+00  -6.5665e+00
 -9.9423e+00   2.6047e+01
  6.1722e-01   2.9760e+01
  1.7325e+00   3.0145e-01
 -4.0532e+00   2.5117e+00
 -3.0405e+00  -1.3796e+00
 -4.1466e+00   1.2422e+01
 -3.4361e+00  -2.5702e+00
 -2.1077e+01  -1.2780e+01
 -6.3407e+00  -4.8240e+00
 -2.5424e+01   2.7429e-01
 -1.2419e+01   1.4119e+01
 -3.2258e-01   1.5569e+00
 -7.5197e+00  -1.5739e+01
  2.9586e+00  -9.2574e-02
 -8.2464e+00  -3.1854e+01
  1.6977e+01  -3.7564e+01
  7.6094e+00   4.2741e+00
  6.4965e+00   2.5620e+01
  2.9712e+00  -3.5935e+00
 -2.0083e+01  -9.3877e+00
 -3.0189e+00  -5.3641e+00
  1.1772e+01  -7.7318e+00
  6.4227e+00  -4.3800e+00
 -3.0026e+00   4.3516e+00
  1.1544e+00  -4.8620e+00
 -2.1644e+00  -2.8099e+00
  1.7076e-01  -1.9524e+00
  5.6246e+00  -4.3761e+00
  1.4999e+00  -7.1843e+00
 -1.8220e+00  -2.1584e+00
  1.8971e+01   3.0427e+01
  2.4842e+00   7.0179e+00
  7.4722e-01  -1.0887e+00
  2.8665e+01  -1.0550e+01
 -1.1248e+00  -1.3120e+01
  5.4974e+01  -9.3688e+01
 -9.3381e+00   1.0540e+01
 -7.3777e+00  -3.8820e+00
 -9.7204e+00  -5.3768e+00
  5.4343e+00   7.6507e-01
 -5.3572e+00  -7.1459e-01
 -2.7330e+00  -3.3161e+00
 -3.0752e+01   3.1893e+01
 -7.8430e+02  -2.7668e+01
 -1.5072e+02  -2.6128e+00
  3.8745e+00  -4.9548e+00
 -1.6778e+00  -2.4335e+00
  1.0037e+01   1.8459e+01
  2.9887e+02  -3.7133e+02
  1.0920e+01  -1.4768e+01
  3.9311e+02   1.8758e+02
 -3.5859e+02  -1.4924e+01
 -1.9546e+00   1.0149e+00
 -4.2755e+00   1.1919e+01
 -8.0880e+01   2.1225e+02
 -1.9964e+01  -2.4630e+01
 -2.0189e+01  -8.0989e+00
  4.4783e+00  -1.3567e+00
 -9.2325e+00   2.8404e+00
  2.2376e+02  -6.0182e+02
  1.5065e+00  -6.1351e+00
 -4.6186e+00   9.5941e+00
  5.3939e+00   7.2783e-01
 -2.4600e+01  -3.2917e+01
 -1.7424e+00  -1.5869e+00
  1.0877e+00   1.3272e+00
  5.1832e+00  -4.0242e+00
 -2.4852e-01   3.2459e+00
  1.6326e+01  -2.6365e+01
  8.6408e+00  -4.1372e+02
  4.1906e+01   4.8495e+01
 -1.4442e+00   1.0741e+00
  1.2853e+00   7.8268e+00
  8.1207e-01   3.6102e+00
  3.2933e+00   9.4123e+00
  1.8294e+01   5.5315e+00
 -1.2165e+00   1.4771e+01
  1.6946e+01  -4.7415e+00
 -2.4821e+01   2.9363e+01
  8.8561e+00   3.3751e+00
  1.2129e+01   4.4756e+00
  1.8553e+00   2.2497e+00
  4.2821e+00   1.0217e+01
  1.1723e+02   6.8523e+01
 -5.1882e+00  -1.4707e-02
  2.5391e+01   7.0464e+01
  1.3259e+01   4.0556e+00
 -2.9056e+01  -2.6149e+01
  2.0745e+00  -1.4728e+00
  1.5082e+00   1.9125e+00
  3.5999e+00   1.0688e+00
 -5.7174e+01  -2.2327e+01
  7.3277e+01  -3.0107e+02
 -1.1429e+00  -8.8285e-01
 -1.0744e+01   7.7831e+00
  1.3821e+01   1.6344e+00
 -1.6730e+01  -9.7791e+00
  1.6369e+01   1.7416e+00
  5.4772e+00  -1.2696e+01
  1.1466e+00  -8.0550e-01
 -1.8642e+02  -6.1180e+02
 -3.5503e+01  -4.0719e+01
 -1.0619e+01   8.0523e+00
 -2.7299e+01   6.5699e+00
 -4.4637e+00  -2.2778e+00
 -1.0017e+01   1.4011e+00
 -3.9453e+00  -5.5030e+00
 -8.5555e+01   6.2627e+01
 -3.9144e-01   9.3388e-01
 -3.4077e+00   1.8081e+00
  4.4031e+00  -3.1170e-02
  9.9958e+00  -1.6193e+01
 -7.9031e+00   2.6478e+01
 -4.6432e+00   2.6115e+01
  2.2943e+01  -1.1788e+01
  6.6251e+01  -2.1424e+02
 -2.0970e+02   9.2733e+01
 -8.1930e-01   1.9648e+00
  5.4014e+00  -1.9713e+00
 -5.6714e+00  -7.3342e+00
 -4.5478e+00  -1.9351e+01
  3.7526e+00  -9.2542e+00
  5.5458e+00   9.7989e-01
 -3.1353e+00   3.4610e+00
  1.2736e+02   1.4044e+02
  6.1084e+00   5.6689e+00
 -6.5580e+00   4.1749e+01
  7.1211e+00   1.3724e+01
 -4.7195e+00  -2.1835e+01
  9.6396e+00  -2.4541e+01
  4.0551e+00  -5.4057e+00
 -4.6729e+00  -2.2297e+00
  7.1636e+02   2.5166e+03
 -2.6788e+00  -1.5289e+01
 -5.0525e-01  -5.2312e+00
  9.7211e-01   4.9160e+00
  3.5934e+00  -1.9984e+00
 -2.3338e+01   4.8888e+00
  1.8362e+00  -9.6500e-02
  1.9542e+01   7.5665e+00
  2.1278e+01   5.3815e+01
 -6.7737e-01  -3.2732e+00
 -3.5307e-01   2.5552e+00
 -2.5904e+01  -3.3102e+01
 -2.2499e+00   3.2456e+00
 -4.4387e+01   3.5922e+00
  8.2521e+00  -3.4741e+01
  1.6057e+00  -5.7840e+00
 -1.4970e+01  -4.5721e+00
  1.2806e+01   3.8092e+01
 -2.9309e+00  -4.7646e+00
 -4.1888e+01   8.0164e+00
 -7.6702e+00   5.0991e+00
  3.3268e+00   3.5141e+00
 -1.0705e+01   4.1755e+00
  2.4313e+00   2.1119e+00
