  2.4553e+01  -3.8475e+01
  2.8766e+01  -4.9110e+00
  9.6919e+00   6.7361e+01
 -2.2861e+01  -4.7990e+01
 -4.1423e+02  -5.0486e+02
 -1.8744e+01  -7.3581e+01
 -4.2971e+00   1.1554e+01
 -1.5186e+00   4.7274e+01
 -1.3427e+01   5.7529e+00
  2.6498e+01   1.1024e+01
 -3.8894e+01  -4.5439e+00
 -5.5715e+01  -4.7464e+01
  2.1824e+02   1.4482e+01
 -3.8418e+02  -2.1486e+01
  5.4219e+01   8.0577e+01
 -1.4399e+02  -3.7347e+01
 -4.4965e+00  -1.1490e+01
  9.3346e+01   6.0368e+01
 -2.1593e+01  -4.6929e+00
  1.8559e+01  -3.6497e+01
  1.7445e+02   4.1687e+01
 -6.6072e+01   3.4196e+01
  2.8394e+01  -1.9948e+01
  8.9306e+01   6.5537e+01
 -1.7243e+02  -6.5407e+01
  1.1854e+01  -3.3771e+01
  7.0863e+02   1.9107e+02
 -1.0838e+03   2.8195e+03
  1.5739e+03  -1.0128e+03
  1.0179e+01   5.8362e+01
  1.9240e+02   9.2310e+01
  5.4819e+00   9.1290e+01
 -5.4581e+00  -1.3054e+01
  3.2579e+02   1.6011e+01
  4.2118e+00  -5.2442e+01
  2.6979e+01  -8.9892e+00
  2.9838e+02   6.0702e+02
  8.6175e+00   1.0401e+01
  1.2657e+00   6.4684e+00
 -1.9254e+01   1.0803e+02
 -6.6655e+01   4.5294e+01
 -2.0283e+00  -3.6853e+01
 -4.5583e+01   4.4647e+00
  4.2484e+01   2.0771e+01
 -4.4834e+02  -1.7398e+02
 -1.1000e+02  -4.9132e+01
 -3.6892e+00  -9.0439e+01
 -9.8978e+01  -7.6345e+01
 -1.1582e+01  -2.4223e+01
  9.6151e+01  -4.6338e+01
 -3.0512e+02   3.0096e+02
  2.4389e+01   5.6363e-01
  4.0018e+01   2.4979e+01
  3.0825e+00   1.9217e+00
 -4.0578e+01  -1.7425e+01
 -4.4050e+01   4.5332e+01
  1.0306e+01   5.3755e+01
 -1.6786e+01  -3.1557e+01
 -2.4897e+02   5.8216e+01
  8.1796e+01   1.6824e+02
 -4.4544e+01  -3.3456e+00
 -2.2551e+02   9.9198e+00
 -5.4370e+01   1.7001e+01
  8.7931e+02   4.2263e+03
  9.6693e-01   8.2118e+01
 -6.7139e-01  -3.2957e+01
 -1.6144e+01  -4.9746e+00
 -1.1139e+01  -9.7496e+00
  2.9979e+03   9.2099e+01
  2.6675e+01   5.1650e+01
  8.7090e+00   2.2826e+01
  2.3586e+01  -4.1262e-01
  3.0087e+00   2.0484e+01
  8.5778e+01  -8.1685e+01
  7.3975e+02  -3.1723e+02
  1.5804e+02  -7.9668e+01
  5.1042e-01   3.3274e+01
  3.3281e+01  -8.3501e+01
 -1.9454e+01   2.0001e+01
 -6.0879e+01   9.7879e+00
  6.6145e+01  -9.6754e+01
 -4.4932e+01  -2.4070e+01
 -1.0812e+02  -2.0267e+02
 -2.0299e+01   1.4744e+00
  5.5060e+01   4.1301e+01
  4.4951e+01  -3.0740e+01
  1.7303e+02   3.3231e+02
  1.9400e+01  -2.3177e+01
  1.5487e+01   2.8892e+01
 -6.2180e+01   7.6185e+01
  3.2570e+01   2.3785e+00
  2.2072e+01   1.1897e+01
 -8.7031e+01  -1.2764e+01
  1.3114e+02   7.0913e+01
 -6.3778e+00   9.6015e+00
 -1.0250e+01  -1.7815e+01
  1.4904e+02  -7.8351e+01
  3.2565e+01  -1.4046e+02
  6.5291e+00   1.5586e+01
 -1.8333e+02  -7.3036e+01
 -2.4919e+01   1.3438e+01
 -7.2073e+02   6.0606e+03
  1.6477e+01   2.3957e+01
 -3.8985e+00   1.8925e+00
  1.3049e+01  -7.4794e-01
 -1.1944e+01  -5.9228e+00
 -4.5147e+01  -6.4861e+01
  4.6816e+01   1.1445e+02
 -8.5431e+01   6.8729e+00
  3.6271e+01  -2.0778e+01
  1.1024e+01  -3.1033e+01
  2.4993e+00  -2.5016e+01
 -6.2159e+01  -6.3074e+01
  1.3823e+01  -1.2862e+01
 -1.5422e+02   9.5702e+01
 -1.6632e+01  -2.1556e+01
 -2.9834e+02  -1.0827e+01
 -2.9531e+01   6.6162e+01
 -1.4081e+02   3.5414e+01
  3.2200e+00  -1.2086e+01
 -1.4931e+01   2.4118e+01
  4.9887e+01   3.9715e+00
  2.5625e+01  -6.5987e+01
  8.0091e+00  -3.5051e+01
 -6.8250e+01  -1.8596e+00
 -1.2177e+01  -4.9065e+00
 -7.4516e+01   6.8103e+01
 -2.4033e+02  -1.3771e+01
 -1.9522e+01  -3.3801e+01
  2.1084e+02  -1.2078e+02
  2.5588e+02  -3.2528e+00
 -2.0796e+00  -1.3354e+01
 -2.4142e+01  -1.5300e+01
  2.9441e+00  -1.1657e+01
 -2.0999e+01  -2.4415e+01
 -1.9395e+01   3.6882e+01
 -2.1320e+00   1.6107e+01
 -5.5837e+01   6.1928e+01
  2.6776e+01   4.7563e+00
  1.1226e+01   1.8601e+01
 -7.1477e-01  -5.6026e+00
  2.9430e+01   5.4667e-01
  2.8492e+01   2.5816e+00
 -6.0316e+00  -2.3979e+01
  1.2462e+01  -4.7966e+01
  2.8403e+01  -3.6617e+01
  3.5505e+01   3.8526e+01
 -2.0742e+01  -1.7852e+01
  2.1037e+01  -2.1079e+01
 -3.8346e+01  -2.0460e+01
 -3.3765e+01  -1.3517e+02
 -7.9180e+01  -9.1301e-01
  2.9290e+01   2.7952e+01
  6.0249e+02  -3.8674e+00
 -3.0260e+01  -3.0665e+02
 -3.3846e+01  -7.1986e+01
  5.5655e+00  -6.3398e+01
  2.3711e+03   2.2890e+03
 -6.3697e+02   2.3250e+02
 -1.0839e+02  -9.9828e+01
 -1.2663e+01   1.7718e+01
 -2.7239e+01   3.8230e+01
 -5.3174e+00  -7.5671e+00
  6.7408e+02   2.2717e+03
  1.7469e+02  -1.5473e+02
 -7.7023e+01  -3.8159e+01
  6.1591e+00   2.2413e+01
 -8.1124e+00  -1.0486e+01
  9.9854e+00  -2.3682e+01
 -2.1352e+02  -3.3070e+02
  5.5144e+01   1.7523e+02
 -2.3811e+01  -6.2902e+01
 -1.5822e+03   1.0069e+03
 -9.4586e+00   4.6750e+00
  2.7108e+00   4.5195e+01
  4.3915e+01   5.3069e+01
  1.7418e+01   1.0453e+00
 -1.6207e+02   1.7392e+02
  2.6913e+02   5.6955e+01
 -3.2212e+01  -5.2713e+00
 -1.2499e+02  -1.8502e+02
  4.9176e+01  -8.9246e+01
  3.7032e+01   1.4666e+01
 -6.6807e+00   7.1708e+00
  5.3348e+00  -5.1858e+01
  3.2551e+01  -1.0996e+02
 -4.3499e+01  -7.3169e+00
 -3.6405e+00  -2.0757e+01
  3.0698e+01  -1.4334e+01
  3.4190e+02   4.0284e+02
 -2.2716e+01   2.7982e+00
 -1.4455e+02   1.4089e+02
  1.4015e+01  -7.0995e+01
  9.8023e+00  -1.3862e+01
  4.2886e+01  -3.3664e+01
  1.7223e+01  -3.3980e+00
  1.5412e+02  -4.2418e+02
 -1.0011e+01  -5.1854e+00
  2.6146e+01   3.5114e+01
  2.0320e+01   6.0116e+00
  9.7123e+02  -8.7094e+02
  5.7381e+00   6.8457e+00
  5.5418e+01   2.3582e+02
 -4.4251e+00   2.1406e+01
 -6.0423e+01  -1.2477e+01
 -2.6309e+02  -3.9919e+02
 -1.6691e+01   1.0640e+02
 -3.2475e+01   4.2378e+01
  5.3549e+02   3.0102e+02
 -5.6141e+01  -9.1750e+01
  6.7036e+02  -1.8880e+02
 -2.3937e+01   6.9307e+01
 -1.0603e+02  -7.8980e+01
 -1.8407e+01  -6.5853e+01
 -1.0072e+01  -1.8799e+01
 -1.0676e+01  -3.8833e+00
 -7.0595e+01   5.4327e+01
  3.3034e+00   1.3545e+01
 -6.6011e+01   3.6374e+01
  1.0701e+02   1.1071e+02
 -4.1667e+01  -2.4492e+01
  1.2802e+02  -3.3246e+01
  7.3194e+00   1.6763e+01
  7.1261e+01  -1.2125e+02
 -2.4059e+00  -2.8659e+01
  5.4708e+02   3.4152e+01
  1.2654e+01   8.1291e+01
 -2.5513e+01   1.2785e+01
  8.5492e+00   3.5013e+01
 -4.8823e+01  -1.8092e+01
  1.6410e+01   9.5355e+00
  6.5043e+00   8.5979e+00
 -5.1433e+01   5.0124e+01
 -2.9964e+00  -1.4156e+01
 -5.6460e+00  -7.3611e+01
 -3.5266e+01   1.2907e+01
 -4.8945e+00  -1.3655e+01
  3.5763e+01   1.0808e+02
  2.2905e+01   4.1245e+01
 -3.3152e+00   6.4358e+01
  1.7862e+01   4.0933e+01
 -2.4871e+02  -4.0427e+02
  4.5343e+01   8.0538e+01
  7.5481e+01  -6.0093e+00
 -2.1618e+02   1.1871e+02
 -1.7938e+02   6.2276e+01
 -2.4356e+00   1.9588e+01
  4.2619e+00  -3.4007e+01
 -1.9712e+01   3.0304e+01
  9.3124e+00  -2.3095e+01
  1.3980e+01  -6.8476e+01
  4.1443e+02   2.7221e+02
  2.3186e+01   7.8036e-02
  2.3025e+01  -7.4779e+01
 -6.5159e+01  -1.8292e+02
  1.1915e+02   8.5433e+00
 -2.8606e+00  -1.0002e+01
  2.9370e+01  -2.3713e+01
  5.1712e+00   8.1978e+00
 -1.9423e+01  -4.0870e+01
 -5.1927e+01   4.3730e+01
  1.0496e+01   1.4860e+02
 -5.2911e+01   6.1021e+01
 -5.3770e+01   1.6298e+00
  1.7336e+01   4.7491e+00
 -1.1284e+02  -5.8601e+00
  1.0373e+02  -1.3611e+01
 -7.0320e-01  -1.3719e+02
 -3.2514e+02   1.0261e+03
  4.1791e+00  -5.8042e+00
 -1.8921e+02   3.3810e+02
 -9.9314e+01  -4.2225e+01
 -6.2658e+00  -8.7243e+00
 -2.6440e+01   2.5641e+01
  5.3298e+01  -1.6957e+01
  2.4101e+01   3.1201e+01
  3.4816e+01   4.1041e+01
  1.3602e+01  -5.2486e+01
 -3.4198e+00  -6.6813e+01
  2.0847e+00  -8.3926e+01
 -1.8727e+03  -6.0041e+02
 -2.0919e+01  -2.3260e+00
 -1.6808e+01  -9.2925e+01
 -5.2030e+01   6.0912e+00
 -7.7066e+00  -1.5343e+03
 -2.1735e+01   1.4330e+00
  1.6407e+02  -9.0870e+01
  4.2966e+01   9.8330e+00
  2.1304e+01  -9.4395e-01
 -3.6979e+01  -5.2527e+00
  1.3566e+01   1.3544e+01
 -1.3585e+01   3.0211e+01
  1.1728e+01   1.1730e+01
 -5.2268e+00   4.5553e+01
 -4.8562e+00   3.0108e+01
  1.0686e+02  -2.8603e+01
  2.2218e+02   1.9428e+02
 -4.4756e+01  -3.6235e+01
 -9.3168e-01  -3.2464e+01
  3.7580e+02  -2.8798e+02
  6.5882e+02  -1.2495e+03
 -2.7439e+01  -1.0413e+02
 -2.0037e+02   1.9956e+02
 -2.7173e+01  -2.0421e+01
  1.2673e+00   6.1332e+01
 -6.2981e+01  -5.9109e+01
 -7.4502e+01   1.3683e+01
  8.7490e+01  -2.3105e+01
 -2.8163e+01  -1.3199e+01
  1.4219e+01   4.9911e+01
 -2.5407e+01  -2.2485e+01
 -7.0856e+00   1.5631e+01
 -4.4959e+01   3.4849e+01
 -3.8501e+02  -1.4006e+02
 -1.9122e+01  -9.4111e+01
  9.8682e+01  -3.6733e+01
  8.0638e+01   3.1197e+01
 -1.5436e+01   5.6535e+00
  1.2138e+01  -1.2611e+01
  4.9292e+01  -6.0599e+01
 -4.3584e+00   1.8275e+01
  3.2366e+01   8.9631e+01
 -3.4441e+02  -5.1283e+01
 -4.0708e+00  -2.6905e+01
  1.3563e+01   2.3071e+01
 -5.1943e+01  -9.1526e+01
  1.6067e+01  -1.9467e+01
 -1.7032e+01   4.0077e+01
 -1.4542e+01   4.2961e+01
 -5.0460e+00   1.1532e+01
 -7.0869e+01   5.8754e+00
 -2.1378e+01  -2.2462e+01
 -7.6804e+02   1.7434e+03
 -3.3326e+01  -1.1432e+01
  1.2682e+02   3.2463e+01
  1.8147e+01  -2.1939e+01
  5.0367e+02  -1.9989e+02
 -3.0934e+01   2.9376e+01
 -2.4120e+03   2.9353e+03
  2.2587e+00   3.5165e+01
 -2.6574e+01  -1.0391e+02
  6.0065e+01   1.1163e+01
  3.6956e+01   6.6088e+01
 -3.3968e+01   3.6069e+01
 -4.9517e+01   4.6425e+01
 -1.9570e+01   9.9490e+00
  5.9148e+01   7.3113e+01
 -5.9563e+02   2.5460e+02
 -3.5749e+02  -3.0025e+02
 -7.4692e+01  -3.1559e+01
 -2.6681e+01  -1.5627e+00
 -2.7260e+00   1.4748e+01
  5.7128e+01  -4.7649e+01
 -3.8985e+01   2.1886e+01
  1.0435e+01  -3.9832e+01
 -4.5069e+01  -8.9300e+01
  3.6446e+02   2.9351e+02
 -9.7734e+01   2.4862e+03
 -2.0265e+03  -9.0007e+02
 -8.8793e-01  -1.6063e+01
 -2.3354e+02   1.1509e+02
  5.6943e+02  -2.8589e+01
 -4.3476e+01  -1.1044e+01
  8.9447e+02  -4.6523e+02
  9.0921e+01  -3.1219e+01
  1.0429e+01   2.7044e+01
 -3.9333e+00   1.5319e+01
  8.9183e+00   2.9705e+00
 -8.5166e+01   3.6483e+01
 -6.3514e+01   8.1570e+01
 -4.5693e+01   7.5563e+01
  1.5897e+01   3.2774e+01
 -2.3219e+01  -2.4939e+01
  2.6198e+00  -2.6828e+01
 -2.6696e+01  -5.2419e-02
  3.3720e+00  -3.9926e+01
  1.5127e+00  -5.0464e+00
 -8.7891e+01   9.0286e+01
 -1.9034e+02   2.9603e+02
  1.0743e+02   5.3468e+01
 -1.0276e+02  -5.6447e+00
 -6.1552e+02  -3.7793e+01
 -6.7548e+01   1.2641e+02
 -5.0515e+02   2.0609e+02
 -1.6058e+01   5.8814e+02
  2.2988e+01   1.1009e+01
  3.5305e+01  -2.6303e+01
  1.3443e+02   2.9071e+02
 -1.1304e+03  -6.6800e+02
 -5.6996e+01  -1.5374e+02
  2.0611e+01  -1.1403e+02
 -5.1844e+00   1.7163e+01
 -7.5019e+00  -3.1526e+01
 -5.5164e+00   3.8580e+00
 -1.4706e+02  -1.5439e+02
 -5.3941e+01   1.8698e+01
 -3.2597e+00  -1.4136e+01
  6.5603e+01  -8.0521e+01
 -1.2243e+01   2.7252e+01
  4.4823e+01   9.6069e+00
  1.9537e+01   4.2001e+00
  4.0751e+02   1.1853e+01
 -1.4431e+02  -2.2402e+01
 -6.9820e+01   1.7569e+01
  2.6594e+02   4.0234e+02
 -6.1171e+02  -2.1317e+02
 -5.6107e+01  -8.9938e+01
 -1.7490e+00   9.7811e+00
  2.6084e+01  -6.0842e+02
  7.6934e+00  -2.2220e+01
  1.4619e+02  -1.5102e+01
 -2.0797e+01  -1.5558e+01
 -9.3359e+01   1.1850e+02
  1.1706e+01   3.8296e+01
 -1.1404e+01   1.8578e+01
  1.9204e+02  -4.6296e+01
  8.0195e+02   9.2293e+02
 -6.2636e+01  -9.2951e+01
  6.5245e+00   1.8438e+01
  1.1922e+02   1.2573e+01
  2.0586e+00  -5.4066e+01
  1.2603e+01  -8.4743e+00
 -3.1318e+01   5.9982e-01
  1.4140e+01   4.2239e+01
  1.4614e+02   4.9111e+01
 -1.5283e+01  -5.9765e+01
 -2.2402e+02  -1.5305e+02
 -6.6714e+00  -4.0905e+01
  1.8469e+02   5.8246e+01
 -3.1188e+01  -2.8212e+00
  1.8810e+01   7.0667e+00
  2.1826e+01   1.3868e+02
  7.9567e+01   6.8314e+01
  3.1477e+01   5.0103e+01
  1.0944e+01  -3.9029e+01
 -1.0928e+01  -4.3624e+01
  2.6876e+02   2.3340e+01
  2.0911e+01  -6.1274e+01
  1.5318e+01  -2.5844e+01
  2.7123e+01  -5.1402e+00
 -1.7749e+01  -4.6658e+00
  1.6664e+02   4.0924e+01
 -2.6861e+02  -4.5327e+01
  1.7677e+01  -2.5751e+01
 -2.4103e+00   8.0293e+01
 -1.0849e+01   3.0643e+01
 -2.1065e+01   1.2194e-01
 -8.7413e+00  -3.4427e+01
  1.5785e+01  -1.4357e+01
  1.8239e+01   2.5682e+01
  8.3455e+01  -9.8739e+01
 -2.2545e+01   7.8510e+00
  1.4016e+01  -1.2882e+02
  4.5024e+01  -4.0294e+01
  5.2003e+01   1.8766e+02
 -2.6552e+01   2.8559e+01
 -1.4245e+01   2.1662e+01
  6.3567e+00   1.0432e+01
 -1.0327e+02  -1.8354e+02
 -1.4262e+02  -2.7687e+02
 -5.9966e+01   1.1434e+02
 -3.1142e+01   1.1534e+01
  3.1349e+01  -1.9246e+01
  9.8239e+00  -1.0333e+01
  5.7149e+01  -4.8996e+01
  4.1200e+01   5.2380e+01
  1.3101e+01   7.7653e+01
 -1.4994e+01   1.4260e+00
 -2.9105e+01   4.1496e+01
 -7.3027e+01  -5.7541e+00
 -2.7817e+01  -7.0123e+00
  3.9220e+00   2.7423e+00
 -1.0536e+02  -1.7744e+00
  1.3319e+01   1.6026e+01
  2.3790e+01   1.3816e+01
  6.1540e+02   2.6890e+02
 -5.6504e+01  -4.7811e+01
  1.0310e+01  -2.8316e+01
  5.4611e+01  -3.7969e+01
  1.6462e+01   4.1461e+00
  2.2620e+01  -1.3067e+01
  1.9236e+02  -7.5915e+01
  2.2684e+02  -1.7820e+02
 -5.6806e+00   8.3763e+00
 -9.7939e+01   4.6416e+01
 -1.5131e+02  -5.2924e+02
  5.8734e+01   2.5818e+01
 -1.9026e+02  -4.1825e+01
 -1.0041e+02  -9.9065e+01
 -4.6333e+01  -4.5322e+01
  3.5421e+01   2.1058e+02
  8.5401e+01  -1.5952e+02
 -1.2380e+02   5.4951e+01
 -5.6425e+01   4.8269e+01
  4.5281e+01   5.4088e+01
 -7.9495e+00  -2.9016e+01
 -2.5050e+01   2.7648e+01
  2.7018e+01  -1.8337e+01
  1.5048e+01   4.9932e+00
  1.3554e+03   1.4709e+02
 -2.6622e+03  -9.4194e+03
  3.4818e+01   1.9975e+01
  1.8792e+02   1.5491e+01
  1.7175e+01   3.7036e+01
 -6.5882e+01   4.6444e-01
 -1.6663e+01  -9.5149e+01
  4.0091e+01  -1.3032e+01
  6.8681e+01   3.8491e+01
 -1.0640e+01   1.6835e+01
  1.1690e+02   4.8958e+01
 -1.0302e+02   6.6713e+01
  4.3672e+02   4.8162e+02
  4.7717e-01   2.1663e+01
  7.8494e+01  -2.7732e+01
  1.4469e+01   4.3243e+01
  4.4266e+01  -5.8328e+01
 -7.2940e+01   1.4459e+02
  3.8754e+01  -9.5470e+00
  1.3555e+02  -1.7050e+02
 -1.6049e+02  -6.1645e-01
 -8.7609e+00  -8.2417e+01
 -1.5766e+01  -3.9755e+01
  6.9592e+00   1.5244e+03
  1.6541e+02   1.1345e+02
 -1.7700e+01   1.0382e-01
  2.1178e+01   1.6127e+01
 -6.3733e+00  -8.9571e+00
  5.3097e+00   6.5367e+00
  1.6412e+01  -3.2208e+01
  5.6655e+00   2.1518e+01
 -2.3567e+01  -8.7032e+00
  1.9053e+03   5.9254e+02
 -4.9244e+01  -1.1417e+02
 -4.0071e+01  -1.0532e+02
 -5.7154e+01   2.6231e+01
 -2.1868e+02  -1.2142e+02
  2.4110e+02  -6.1509e+01
  3.2973e+01  -7.7130e+01
 -2.0732e+01   3.1416e+01
  7.3829e+01   4.6783e+01
 -1.4486e+01   2.4110e+01
  6.3070e+01   6.1878e+01
  1.1395e+01   2.1482e+01
  2.0271e+01   4.0443e+01
 -8.3846e+01  -7.8514e+01
 -3.8733e+01  -2.8146e-01
 -2.4261e+01  -2.3026e+01
 -2.7575e+01   3.2041e+01
  2.2814e+01   3.8874e+01
  9.1532e+01   4.5332e+01
 -7.3999e+00   9.9251e+00
 -1.5704e+01  -1.6150e+01
  1.4098e+02  -2.8283e+02
  1.5415e+01  -4.3013e+01
  3.0602e+01   2.5004e+01
 -9.5940e+00   6.8567e+01
 -6.4581e+01  -2.7732e+01
  2.5587e+01   2.2734e+01
 -5.4931e+01   6.8171e+01
  4.5375e+01   1.3128e+01
 -3.1383e+01  -6.1963e+01
 -5.1573e+03  -1.0566e+04
  4.6449e+00   1.8326e+01
  4.0105e+01   1.5452e+00
  7.5827e+01   1.8534e+01
  4.8091e+00   2.2000e+01
  3.1316e+01  -3.7840e+01
  6.4777e+00  -1.2786e+02
 -4.6532e+01  -1.0029e+02
 -2.7001e+02   5.1854e+01
 -8.9121e+00  -1.7063e+01
  1.4122e+01   1.1647e+01
  3.0906e+03   7.5550e+01
 -2.5736e+01  -3.0674e+01
  7.9826e+01   1.0817e+02
 -3.7508e+01  -4.2120e+01
 -1.1382e+02   1.6205e+01
  2.6398e+01  -2.5929e+01
  1.4722e+02   2.2784e+02
 -1.1471e+02  -2.1178e+01
 -2.5437e+01  -1.1643e+01
 -4.3546e+01  -2.7383e+01
  1.4728e+02   5.0594e+02
  2.5484e+02  -2.9809e+02
  1.7838e+00   1.3039e+01
  2.0317e+02  -4.1542e+02
 -3.3049e+00   7.7488e+01
 -1.8270e+01   6.6131e+01
  1.9744e+01   5.1908e+01
 -1.0138e+03  -9.0172e+02
  2.4071e+03  -2.9818e+03
 -1.7002e+01  -1.0186e+02
 -8.2088e+00   4.0303e+01
  2.6450e+00  -1.8856e+01
  4.0715e+01  -3.8027e+01
  4.8379e+02   2.6598e+02
  4.1476e+01   2.9627e+02
  1.6540e+01  -3.8652e+01
  1.2197e+02  -2.4426e+02
  3.9818e+01  -5.3036e+02
  3.2007e+01  -2.0910e+01
 -1.3229e+01  -3.6335e+01
  3.1974e+01   3.3453e+01
  2.1586e+01   1.3981e+01
 -2.9423e+00  -1.6769e+01
 -4.3253e+01  -3.8471e+01
  2.6057e+01  -2.1006e+01
  4.1358e+00   2.2352e+01
  3.4259e+02   6.0414e+01
  7.3454e+01  -1.1485e+01
 -1.9213e+01  -9.2851e+01
 -3.4903e+00   1.1668e-01
 -6.6980e+02   1.2264e+03
 -1.4360e+01   7.0204e+00
  7.4174e+01   5.0495e+01
 -5.7935e+01   5.4128e+02
  9.0102e+01   1.6038e+02
  2.4906e+01   1.2696e+02
  5.5433e+01  -3.6826e+00
 -1.4678e+01  -2.0829e+01
 -7.5967e+01  -3.4010e+02
  1.2674e+01  -1.1946e+01
  3.2573e+01  -3.4959e+00
  3.7268e+01  -6.1433e-01
 -9.1216e+00   6.5135e+00
 -3.3797e+01   5.8809e+01
  1.7676e+01  -1.0077e+01
  6.7008e+01   6.1894e+01
  4.5067e+01   2.5323e+00
  7.0284e+01  -4.9136e+02
 -5.9597e+01  -7.8402e+01
  1.9776e+02   3.1109e+01
 -1.0349e+02   9.3615e+01
  1.8570e+02   8.1260e+01
  1.4220e+01   1.6947e+01
  1.1772e+01   2.8070e+01
  1.0745e+01   2.4880e+01
 -4.0831e+01   3.4205e+01
  4.7603e+01   5.0929e+00
 -6.1359e+01  -1.3859e+01
  7.0033e+01  -8.2159e+01
  2.7194e-01   3.8048e+01
  6.1576e+02  -2.2191e+02
  2.6798e+02  -9.0281e+01
 -6.0449e+01   5.6854e+01
 -3.8303e+02   2.9735e+02
  3.1675e+01   4.9882e+01
  1.9449e+01  -3.9849e+01
 -6.4739e+01  -2.2589e+01
  2.4355e+02  -7.4335e+01
 -1.7590e+02  -6.8586e+01
  1.6139e+02   5.0905e+01
 -7.5353e+00  -7.8204e+01
 -6.1461e+01  -5.7364e+01
 -1.3982e+01   1.5581e+02
 -8.2635e+02   3.1516e+02
 -2.3603e+03  -2.2855e+03
  3.5732e+01  -1.9139e+01
  7.9360e+01   2.0334e+02
  4.3924e+01   1.2410e+02
 -1.1283e+01  -2.4483e+01
 -3.1148e+01   7.1298e+01
  4.7371e+01   4.0179e+01
 -1.3748e+01   2.7277e+00
 -1.2925e+02  -1.4773e+02
  9.9913e+02   9.2087e+02
 -3.0309e+01   3.5873e+02
  3.7242e+01   1.2748e+01
  3.5436e+01   4.4972e+01
 -2.4945e+01  -2.3207e+00
 -3.7382e+02  -6.0003e+02
  1.1071e+02  -8.2554e+01
 -9.0348e+00  -8.1922e+01
 -8.7598e+00  -5.8189e+01
  6.3728e+02   1.4533e+02
 -3.1681e+02  -1.4262e+01
  3.3617e+01   5.0210e+00
  2.6338e+01  -5.4730e+00
 -1.8428e+01   5.7560e+00
 -5.0958e+02  -5.2722e+02
 -2.4610e+01   4.1072e+01
  9.4637e+01  -4.3782e+01
  1.9938e+01   1.8559e+01
 -1.4305e+01  -7.5899e+00
 -6.9054e+01   3.0494e+00
 -9.1336e+00  -1.5714e+01
 -1.3556e+01   1.4056e+01
  4.7840e+01   7.1326e+01
  5.1661e+03   1.0572e+04
 -1.8098e+01   1.9938e+00
 -4.1474e+01  -1.1740e+02
  2.4184e+00   4.9131e+01
  4.0397e+01   3.8724e+00
 -6.1132e+01  -3.5888e+01
 -5.7979e+01   1.0351e+01
  1.0795e+01   7.2276e+00
  3.0107e+01  -6.9564e+01
 -5.9676e+01  -3.9855e+01
 -2.2925e+01  -4.4948e+01
 -1.3032e+01  -3.1029e+01
 -6.9604e+01  -7.1674e+00
 -1.1847e+02   6.4181e+01
  1.7332e-01  -5.0826e+01
 -3.0933e+03  -8.3802e+01
  1.2400e+03  -5.4761e+02
  8.3754e+00   7.0989e-01
  1.5767e+01  -2.9530e+01
 -6.6461e+01  -1.1602e+00
 -8.5215e+01   4.0631e+00
  2.7888e+01   8.1979e+01
 -9.6350e+01  -2.5091e+01
 -1.7920e+02  -1.4247e+01
 -1.1623e+01  -5.1099e+01
 -2.3619e+00  -1.6753e+01
  2.3485e+02   1.3341e+02
  7.5225e+01  -4.2469e+01
 -4.2348e+01   5.0647e+01
 -3.9760e+01   4.0167e+01
 -1.5414e+02   2.6780e+02
  1.5742e+01   4.8756e+00
 -6.7019e+01   1.6289e+01
 -2.8358e+01  -3.1293e+01
  8.2163e+01   1.5465e+02
 -4.4754e+01   1.0135e+02
 -1.8052e+01   2.0147e+00
  6.9585e+01   1.6115e+01
 -4.1210e+00   3.0470e+01
  1.1984e+01   2.4207e+01
 -2.0149e+01   1.2755e+02
 -5.5149e+00   7.7580e+00
 -2.8602e+02  -2.9492e+00
  2.9804e+01  -4.4540e+00
  8.2291e+00  -6.8311e+01
  1.4744e+01  -6.4380e+00
  1.1363e+02  -1.2020e+02
 -1.7112e+01   2.4203e+01
  4.5578e-01   1.8392e+01
  1.0962e+02   3.9190e+00
  9.8266e+01  -1.4192e+01
  7.5403e+01   1.3483e+01
  4.9977e+01   6.5812e+01
  9.9409e+00   1.0158e+00
 -8.5378e+01  -1.7323e+02
  6.1448e+01   1.0483e+01
 -1.7755e+02   6.5107e+01
 -1.3630e+00   2.5043e+01
  5.1556e+01   8.2466e+01
 -9.4234e+02   1.6021e+03
 -2.4661e+01  -1.3733e+01
  1.5921e+01  -3.9145e+01
  7.0067e+02  -6.0378e+03
 -2.4916e+01  -8.0047e+01
 -4.1044e+01   1.2727e+01
  3.7497e+00  -1.3246e+00
 -1.0662e+01   2.8557e+01
  5.6384e+01   2.2603e+01
 -4.5115e+01   9.5512e+01
  6.0703e+00  -8.8939e+01
  9.9787e+01   2.9149e+01
  9.6371e-01  -2.1014e+02
  4.4228e+01  -4.5381e+01
  9.0961e+00  -2.1323e+02
  3.3422e+01   1.8570e+02
  1.0190e+02   4.2367e+01
  1.1128e+01   2.4501e+01
  8.2509e-01  -5.4448e+00
 -2.9699e+01   2.5232e+01
 -2.7794e+01   1.1736e+01
  1.3347e+02   2.9200e+01
 -2.0087e+00   1.0256e+00
 -1.5309e+01   2.5755e+00
  2.5337e+01  -1.0419e+01
 -1.2741e+01   4.6393e+00
  3.1184e+01   9.7422e-01
 -9.6104e+00   1.6717e+01
  1.5543e+02   1.3481e+02
 -1.0562e+01  -3.8116e+01
  5.6899e+00   1.4657e+02
  2.8916e+00  -4.8842e+01
 -9.4113e+01   5.6997e+01
  2.8706e+01  -2.8607e+01
 -5.2455e+02   8.6378e+01
  1.1890e+01   9.0695e+00
  4.7915e+01  -6.2618e+01
  4.8909e+01   3.3264e+01
 -3.8518e+01   9.6533e+01
  8.2382e+02  -1.7637e+03
 -2.7680e+01  -2.3877e+01
  1.0664e+02  -5.5303e+01
 -2.4949e+01   3.5146e+01
 -1.6093e+01   1.5500e+01
  4.4291e+01  -4.0680e+00
 -1.7146e-01  -4.0189e+01
 -5.6949e+01  -1.0726e+01
  1.6112e+01  -1.1228e+00
 -1.6451e+01  -2.1842e+01
 -2.2269e-01  -2.7723e+01
 -1.5440e+02  -1.2291e+02
 -4.2254e+01  -5.5541e+02
 -1.0331e+03   9.5806e+02
  1.5275e+02   2.4737e+01
  1.3029e+01  -2.6551e+01
  1.4074e+00   4.6134e+01
  1.9813e+02   1.6335e+02
 -4.8172e+01  -2.8321e+00
 -5.3176e+01  -2.4996e+01
 -9.3826e+00   1.8566e-01
 -4.8230e+00  -4.3972e+01
 -7.1623e+01  -1.3888e+02
  4.0254e+01  -1.0133e+01
  1.2943e+02  -9.5746e+01
  1.8437e+01  -4.0557e+01
  1.1325e+02  -2.8789e+01
  5.3533e+00  -1.4857e+00
 -3.4919e+01   1.1058e+01
 -1.4856e+01   6.4051e+01
 -8.1892e+02  -9.3067e+02
 -1.8930e+01  -1.4336e+01
  1.0776e+00   3.3283e+01
  1.7917e+00  -9.3865e+00
 -1.9882e+01  -3.9370e+01
 -2.7887e-01  -3.3798e+01
 -2.6404e+01   4.8027e+01
 -1.3766e+02  -1.5977e+02
 -6.2316e+02  -1.9026e+02
  4.6275e+01  -3.4761e+01
 -3.0528e+00   4.1527e+00
 -7.1205e+02  -1.5835e+02
  9.3875e+01   2.2727e+01
  3.3314e+01  -2.7904e+01
 -5.2061e+01   4.1939e+00
 -1.2263e+03   5.6756e+02
  1.9697e+00  -6.2599e+00
 -1.5188e+01   1.1892e+02
 -4.9929e+01  -3.2152e+01
 -1.2541e+01   1.4315e+01
 -6.4937e+01   4.8474e+02
 -1.2018e+02  -1.5197e+02
  1.4247e+02  -7.9456e+01
 -9.7353e+01   1.2925e+02
  5.2402e+01   2.7237e+01
  5.0158e+01   2.6842e+00
 -6.4328e+00   5.6567e+01
  5.9521e+00   5.5252e+00
 -2.8163e+02   6.5072e+02
 -4.1262e+00   9.7140e+01
  1.3115e+01  -3.6280e+01
  4.5844e+00   2.6364e+00
  2.6612e+01  -4.2344e+00
 -3.7840e+01   9.2933e+01
  2.0413e+01  -3.2125e+01
 -1.2277e+02  -1.1872e+02
 -4.7444e+01  -9.0583e+01
 -8.6639e+01  -2.6839e-01
 -2.9976e+01   5.8706e+01
 -4.0240e+01  -3.6768e+01
 -2.2243e+01  -6.0882e+01
 -1.0790e+01   4.1780e+00
 -5.6799e+01  -1.9773e+02
  5.6408e+01  -1.3712e+02
  1.4307e+01   6.0840e+00
  1.8033e+01   8.5304e+01
  3.5828e+01  -4.3060e+01
 -7.0140e+01  -6.1868e+01
 -6.7382e+01  -9.8714e+01
  5.6445e+01  -3.5614e+01
  2.4322e+00  -3.7415e+01
 -1.6149e+01   6.1103e+00
  2.1064e+01   3.6479e+01
 -1.5587e+01  -4.0006e+01
  8.3529e+00   1.3034e+00
  8.3216e+00  -1.8914e+00
 -1.4365e+00  -2.3363e+01
  1.9198e+01   2.4569e+00
  1.2006e+02   1.4617e+02
  1.1255e+01   9.6528e+00
 -1.6659e+01  -6.9158e+00
  1.0823e+02  -6.6576e+01
 -1.7410e+01  -3.8171e+01
  1.9434e+02  -3.4229e+02
 -3.1783e+01   4.6695e+01
 -5.3820e+01  -1.1423e+01
 -3.5060e+01  -1.6072e+01
  1.2399e+01   1.4352e+01
  7.8037e+00   4.8340e+00
 -2.1621e+02   4.1540e+02
 -1.3930e+02   1.4670e+02
 -3.0012e+03  -9.7347e+01
 -5.4603e+02  -8.2979e+00
  4.9759e+00  -1.2904e+01
  1.9604e+01  -8.1466e+00
  4.7488e+01   1.4898e+02
  1.1803e+03  -1.4824e+03
  4.0782e+01  -3.8365e+01
  1.9590e+03   9.1204e+02
 -1.3825e+03  -5.8647e+01
  6.0408e+01   3.4284e+01
 -2.2692e+01   3.1438e+01
 -2.7921e+02   7.9304e+02
 -2.0195e+02  -2.6319e+02
 -7.4561e+01  -2.6962e+01
  1.6401e+00   1.7133e+01
 -1.3456e+02  -3.0642e+01
  1.0359e+03  -2.7832e+03
  3.0753e+00  -1.7041e+00
 -1.2449e+01   2.5021e+01
  9.3266e+01   3.1427e+01
 -7.9950e+01  -1.1605e+02
  9.8724e+00   3.5550e+00
  1.2077e+01  -1.4421e+01
 -3.7281e+01  -3.0580e+01
  1.2085e+01  -2.5639e+00
  3.3092e+02  -5.7145e+02
  4.9621e+01  -2.4711e+03
  1.4483e+02   1.8227e+02
 -2.5167e+01  -7.6251e+00
 -7.6291e-01   3.3809e+01
 -8.5420e+00  -1.6087e+01
  1.0923e+01   3.0106e+00
  7.6293e+01   1.5102e+01
 -2.8038e+01   3.1347e+01
  5.6559e+01  -1.2318e+01
 -1.6673e+02   2.1089e+02
  1.9486e+02  -3.8483e+01
  3.2258e+02   5.6098e+01
  1.5147e+00   2.6007e+01
  2.2211e+01   4.2934e+01
  1.1023e+03   6.6892e+02
  1.1272e+01   3.7281e+00
  9.5631e+01   2.6425e+02
  3.1409e+01   7.3411e+00
 -1.0519e+02  -1.2773e+02
 -7.1629e+00   1.3385e+00
  5.0330e+00  -2.2067e+01
  3.5731e+01   6.7603e+01
 -2.1022e+02  -8.3572e+01
  2.9698e+02  -1.1574e+03
 -2.6273e+01  -1.7983e+01
 -1.9160e+00   2.1664e+02
  7.8223e+01   2.9962e+01
 -3.7205e+01  -3.7989e+01
  9.7960e+01  -2.2628e+00
  1.3580e+01  -2.9020e+01
 -4.6356e+01  -9.9860e+00
 -6.7663e+02  -2.2820e+03
 -3.9013e+02  -4.2889e+02
 -2.4299e+01  -2.0892e+00
 -1.1010e+02   1.0420e+01
  1.5178e+01   3.4337e+00
 -1.9083e+01   1.5144e+01
 -5.3030e+00   1.1590e+01
 -3.0557e+02   2.2369e+02
 -3.4143e+01  -2.8899e+01
 -3.5812e+01   2.7456e+01
  8.3735e+00  -3.5522e+00
  1.7806e+01  -8.3226e+01
 -3.1022e+01   1.1371e+02
 -3.2315e+01   1.4153e+02
  9.5153e+01  -4.6624e+01
  2.7018e+02  -7.9958e+02
 -7.8886e+02   3.4022e+02
  8.9780e+01   8.2739e+01
 -3.5510e+00  -8.5342e+00
  1.4610e+01  -3.6719e+01
 -4.4907e+01  -1.3260e+02
  2.5332e+01  -1.9791e+01
 -8.4499e+02  -4.1175e+03
 -1.4616e+01  -2.5930e+01
  4.9475e+02   5.2345e+02
 -1.3172e+00   6.7159e+00
 -2.6246e+01   1.4498e+02
  1.6395e+01   3.2769e+01
 -1.0168e+01  -7.6419e+01
  3.3318e+01  -9.3751e+01
 -6.3771e+00   2.4137e+00
 -3.3288e+01   1.5085e+01
  2.6676e+03   9.4163e+03
 -2.5192e+01  -6.3893e+01
  1.3695e+01  -4.1425e+00
  2.1739e+01   2.2102e+01
  4.6596e+01  -1.5453e+01
 -2.3410e+02   3.6713e+01
  2.2264e+00  -2.1566e+01
  6.0024e+01   3.2771e+01
  9.0622e+01   1.8545e+02
 -1.0301e+02  -3.3292e+01
  3.6367e+00   2.3389e+01
 -9.2847e+01  -1.4882e+02
 -1.6180e+01   8.4026e+01
 -1.6479e+02   1.6002e+01
  2.7308e+01  -1.2037e+02
 -5.2099e+00   7.0029e-01
 -5.5171e+01  -2.3150e+01
  7.1401e+01   2.1524e+02
 -4.2766e+01   4.2801e+00
 -2.2899e+02   4.6503e+01
 -4.9878e+01   3.7342e+01
  2.9783e+01   3.1763e+01
 -4.1142e+01   2.9398e+01
  4.0225e+01  -3.0872e+00
