 -1.6761e-01   4.1917e-01
  5.1541e-02  -3.0584e-02
 -1.9406e+00   1.9173e+00
 -1.6165e-01   4.4940e-01
  1.3177e+00  -2.6890e+00
 -3.7572e+00  -4.8547e+00
 -6.2717e-01   1.8390e+00
 -5.2497e+00   5.5237e+00
 -1.8536e+00   1.0980e+00
 -1.0899e+00  -3.9331e-01
  1.2376e+01  -3.4409e+00
  1.7549e+00   2.2336e+00
 -1.3030e+00  -1.6719e-01
 -2.7749e+00  -2.0194e+00
 -2.0463e+00  -2.8643e-01
  1.0518e+01  -7.3626e+00
 -2.0464e+00   2.6686e+00
  1.2928e+01   6.1227e+00
 -5.2352e-01  -4.7177e-01
  1.6336e+00  -2.0386e+00
 -2.7836e+00   7.3796e+00
 -4.1158e-01   2.2168e+00
 -9.8849e+00  -2.3154e+01
  3.2504e+00   3.2061e+00
 -2.2399e+00  -1.1723e+00
 -2.1326e+00   2.9640e+00
  1.5893e+00  -5.1119e+00
 -2.6438e+00  -1.4658e+00
  1.5971e+00   3.3470e-01
 -8.8115e-01   5.4511e-01
  1.5610e+00  -8.8992e-01
  9.0686e-01  -1.4822e+00
  1.5978e+00  -1.3285e+00
  7.9607e-01  -1.9642e+00
 -1.5729e+00   5.0135e-03
 -2.8599e+00   3.7312e+00
 -1.0574e+00   2.3328e-01
  6.4782e+00   2.0413e-01
  3.1677e+00  -1.9720e+00
 -1.0797e-01   4.5378e-03
 -2.0592e-02  -5.6210e-01
 -8.4293e-02  -8.1919e-01
  2.3460e-01   1.4479e-01
  4.3040e-01  -4.5404e+00
 -1.9060e-01  -1.4771e+00
 -4.3485e-01  -1.7775e+00
  4.3651e+00  -4.9068e-01
 -3.5160e-01   5.9991e-02
  4.8247e-01  -1.9721e+00
  2.0419e+00  -2.5766e-01
 -1.5954e+01   7.2691e-01
 -4.4468e-01  -3.3705e-01
 -1.2666e+00  -2.7081e+00
 -1.8017e+00  -1.3575e+00
  1.9404e+00   2.6824e+00
  1.7776e+00  -6.0918e+00
  3.6960e-01   4.8027e+00
  1.6648e+00   1.0833e-01
 -1.3203e+00   1.0844e+00
  2.1710e+00  -2.9873e+00
  1.4887e+00  -1.3749e+00
  3.2258e+00   8.4195e-01
 -3.7578e-01  -5.0351e-01
 -9.1889e-01  -3.0136e+00
 -2.3486e+00   2.8992e+00
 -2.3463e+00   1.4633e+00
  7.1391e+00   6.7404e-01
  4.7385e-01  -7.8472e-01
  7.4286e-01   2.9280e+00
  1.0701e+01  -2.3650e+01
 -5.1496e-01   2.6695e+00
 -9.0218e-01   1.0117e+00
  5.9658e+00   1.4291e+01
 -5.2136e+00  -2.3536e+00
 -9.3664e-02  -5.1242e-01
  5.7582e-01  -3.2693e-01
 -4.8849e+00   6.2756e-01
  7.0686e-01  -1.5055e-01
  7.6676e+00  -6.6586e+00
 -8.9259e+00  -1.1220e+00
  1.9111e+00  -1.0010e+00
 -1.0540e-01  -4.1831e+00
 -1.0695e+00  -2.8489e+00
 -1.4067e+00  -3.8564e+00
  5.1857e-01  -2.3062e+00
 -5.2438e+00  -1.2514e+01
  3.0561e-01  -1.2401e-01
 -1.7044e+00  -3.4634e+00
  4.8617e+00   2.5262e+00
 -5.5450e+00  -1.8942e+00
 -1.7491e+00  -1.1261e+00
  8.0045e+00  -2.0193e+00
  5.6517e-01   2.6103e-01
  4.7835e+00  -8.7246e+00
  4.1896e+00   5.0538e+00
  1.7614e+00   1.7601e+00
  2.7245e-01   5.5395e-01
 -7.3284e-01  -2.4762e-01
  8.9330e+00  -4.1871e+00
 -2.8302e+00   1.5482e+00
 -1.1567e+00  -1.6876e+00
 -9.0073e-02   1.0493e+01
  2.8544e+00   7.2381e+00
  4.0690e+00  -8.1682e-01
 -4.2805e+00   5.6248e-01
  7.1798e-01  -1.7751e-01
  8.1675e-01   8.3964e-01
  1.4308e+00   1.8297e+00
  2.7538e+00  -9.3631e+00
 -1.6175e+00   4.3094e+00
  1.3507e-01   2.0620e+00
  2.6241e+00   2.4875e-01
  3.5089e+00   2.5346e-02
  8.2914e+00  -1.5012e+01
 -3.5165e+00   2.4324e-01
  3.7895e+00  -2.9023e+00
  6.7358e+00   8.9838e+00
  3.6116e+00  -1.6031e-01
  1.7584e-01   1.2078e-01
  1.2505e+00  -8.7505e-01
  6.5202e-01  -3.4601e-01
 -1.4075e-01  -2.6165e-01
  1.6388e+00  -1.1869e+00
  1.3088e+00   4.1309e-01
 -3.1350e+00   2.3229e+01
 -2.5707e+00  -5.3641e-01
 -5.5184e+00  -7.3800e+00
  1.4462e+00  -2.6361e-01
 -1.7797e+00  -3.1046e-01
  1.1310e+00   1.1694e+00
  3.4156e+00  -5.3490e+00
 -3.8985e+00  -4.7471e-01
 -6.4324e+00   4.0020e+00
 -2.9959e+00  -9.0460e-01
 -1.4031e+00  -3.9080e-01
 -4.0592e+00  -7.2882e-01
 -3.8981e+00  -8.1738e-02
  1.6723e+00  -4.6619e-01
 -3.6518e-01   7.6029e-01
 -5.0964e-01   1.3014e+00
  1.3534e+00  -4.0993e-01
  3.6005e+00   9.6892e-01
 -9.0418e-01   3.8283e-01
 -1.8091e+00   1.5203e+00
  1.0183e-02   1.9355e+00
  4.3633e+00  -7.5599e-01
 -2.9816e+00  -5.9587e+00
 -3.0442e+00   1.3380e+00
  8.6208e-01   5.3112e-01
 -7.5614e-01   7.7103e-01
 -4.5495e+00  -5.2928e+00
 -2.2483e-01   2.9367e+00
 -1.5960e+00   2.6054e-01
 -3.3360e+00  -5.3076e-01
 -2.9322e+00   4.1190e-01
 -1.2767e+00   5.5292e-02
 -7.4816e-02  -5.5647e-01
  8.2218e+00   9.1032e+00
  1.7104e+00   4.2310e-01
 -4.6057e+00  -1.4822e-02
  1.4167e+00  -1.5115e-01
 -1.4486e+00   3.4410e+00
  2.9354e-01  -7.2758e-01
 -7.9696e+00  -8.2401e-01
  1.8431e+00  -2.8165e+00
  3.8062e+00   2.9046e+00
 -2.2055e+00   9.1845e-01
  1.4082e+00   5.3961e+00
 -1.3885e+01   1.7283e+01
  1.8258e+00  -2.4638e+00
  5.0278e-02   8.4823e-02
 -7.2004e-01   1.5589e+00
  1.6409e+00  -7.7305e-02
 -2.0337e+00   3.6636e+00
  1.0883e+01  -8.9279e+00
  2.3745e+00   2.7069e+00
  1.6541e+00  -3.5001e-01
 -2.9790e+00  -2.8870e+00
 -1.5287e+01   1.3479e+01
 -6.1895e-01  -7.3334e-02
 -4.5878e+00   2.3127e+00
  1.0177e+01   2.6450e-03
  1.7637e+00  -3.1156e+00
 -1.4499e+00   2.0339e-01
  2.2640e-01  -5.5544e-01
  1.3558e+01   6.5433e+00
 -1.3499e+00   4.0744e+00
  3.9659e-01  -4.1507e+00
  9.4332e-01   9.3827e+00
 -3.8062e+00   3.3645e+00
  8.5242e-01  -6.4735e-02
  3.3435e-01  -3.7836e-01
  2.3918e+00   8.2086e-02
 -1.5380e+00  -1.1129e+00
  2.7738e+00  -2.3087e+00
 -2.3473e+00  -1.2353e+00
 -3.6009e-01   1.1563e+00
 -4.5534e-01   1.0954e+00
 -1.0519e-01  -9.2212e-01
 -1.1176e+00  -3.3216e-01
 -1.4478e+00   2.5284e+00
  2.4480e-02  -4.0807e+00
 -1.3539e+00  -2.6271e+00
 -1.0929e+01  -2.4173e+00
  5.7751e-01   2.8282e+00
 -7.8940e-01  -3.0275e-01
 -2.1508e+00  -1.4311e+00
  8.7224e-01   8.4724e-01
  1.4316e+00  -1.2746e+01
 -1.3339e+00   6.9049e+00
  8.4029e-02  -2.5927e+00
 -8.1093e+00   2.0869e+00
  1.8908e+00  -1.4180e-01
  6.9074e+00   3.3866e+00
 -4.9313e-01   3.0322e+00
  5.4460e-01   2.5616e+00
  1.8185e+00  -2.3500e+00
 -1.6689e+00  -7.6558e-01
 -1.8219e+00  -5.8252e+00
  2.7175e-01  -1.4105e+00
  4.0951e+00  -3.3721e+00
 -9.9204e-01   8.0500e-01
  1.2159e+01  -3.3605e+00
 -1.6032e+01   1.8194e+00
  2.5818e+00   1.8907e+00
 -2.7367e+00  -2.5354e-01
  1.3772e+00  -1.8773e-01
 -6.0510e-01  -1.3189e+00
  8.2549e-01  -9.3014e-01
  1.4407e+01  -8.7271e+00
 -2.7890e+00   1.4793e+00
 -1.7134e-01  -3.3001e-01
  2.3289e-01   1.4542e+00
 -2.1323e+00   2.5384e+00
 -1.0616e+00  -4.1845e-01
 -2.4571e+00  -1.3709e+00
 -6.1833e-01   4.2485e-01
 -3.5665e+00  -8.8122e+00
 -1.2066e+01   1.2839e+01
 -1.2770e+00  -1.6797e+00
 -2.0632e+00  -9.1674e-01
 -8.8150e+00   2.7824e+00
  2.4144e+00  -8.5789e-01
 -5.6580e+00  -5.9847e+00
  3.0691e+00  -4.0340e+00
 -1.1809e+00   5.4281e+00
 -3.0599e+00  -1.0683e+01
  9.5730e-01   5.7928e-01
 -5.2024e-01  -1.0893e+00
  4.2969e+00   2.0205e+00
  6.3360e-01  -4.7413e-01
 -2.5495e+00   1.4124e+00
  2.4627e+00  -3.3033e+00
  2.7141e+00   1.6117e+00
 -1.6639e+01  -7.9321e+00
 -3.4729e+00   1.9880e+00
 -5.2183e+00  -2.7568e+00
  3.4308e-01   1.6829e+00
  3.2143e+00  -1.4839e+00
 -1.2260e-01  -1.0861e-01
  3.9726e+00  -3.4154e+00
 -7.7955e+00  -9.8341e+00
  1.1627e+00  -9.0941e-01
 -5.5936e+00   2.9267e+00
 -3.9659e+00   2.1153e+00
  1.8132e+00  -2.1596e+00
 -1.7568e+00  -4.1332e+00
  3.0928e+00   4.5795e+00
  1.2965e+00  -1.4563e+00
  4.2988e+00  -2.3858e+00
 -1.4959e+00   1.0641e+01
 -1.7110e+00  -2.5976e-02
  3.1056e-01  -1.4224e+00
  1.3627e+00   3.5578e+00
 -7.3223e+00   8.9267e-01
  1.2652e+00  -5.2693e-01
  1.6635e+01  -2.2630e-01
 -8.8054e-01   3.8708e+00
 -1.0135e+01   1.1688e+01
 -1.7016e+00  -1.3827e+00
 -3.3319e+00  -3.1777e+00
 -7.6053e-01  -9.8439e-01
  6.2459e+00   1.8688e+01
 -1.5162e+00   3.7230e-01
 -3.7844e+00   1.5905e-01
 -9.5276e-01   2.1891e+00
 -3.2870e+00   3.3277e+00
 -1.0645e-01   4.3453e-01
 -2.3849e+00   3.7911e+00
 -3.4392e+00   6.0766e-01
  6.9547e+00   6.7863e+00
  2.3976e+00  -9.1697e-02
 -3.4843e-01   7.4809e-01
  3.5667e+00  -1.9200e-01
 -1.2374e+00  -1.3978e+01
  9.5847e+00   4.1522e+00
  2.0440e+00  -6.0408e-01
  2.4483e+01  -1.2953e+01
 -6.3924e-01   1.3560e+00
 -4.0984e+00   8.0066e+00
 -6.8322e-01   1.0329e+00
  4.0632e+00   7.4764e+00
 -4.4722e+00  -2.9808e+00
 -6.6035e+00   5.8163e-01
 -4.9753e+00  -1.7654e-01
  4.3363e+00  -5.7468e+00
  4.7334e-01  -1.2742e+00
 -1.4275e+00  -5.9623e-01
  4.2639e-01   1.0211e+00
  2.1013e+00  -2.8476e-01
  3.0883e-02   6.2383e+00
 -7.0027e+00   4.4578e+00
 -5.8453e+00   6.6943e-01
 -3.8495e+00   7.8501e-02
 -1.2933e+00   2.4590e+00
 -1.9530e-01   8.2099e-01
  2.4168e-01  -6.3298e-01
 -2.1191e+00   2.1612e-01
 -3.3152e+00  -4.3167e-01
  3.9805e+00   5.9650e+00
  5.4248e+00   8.7515e-02
  2.8838e+00  -5.5298e-02
  1.6026e+00   1.5335e+00
  4.3097e+00   7.2751e+00
  1.0919e+00  -3.4050e-01
  2.8817e+00  -1.8251e+00
  1.3029e+00  -2.2917e-01
 -9.2990e-01  -3.8176e+00
 -1.2692e+00   3.1949e+00
 -4.4867e-01  -1.4964e-02
 -7.0253e+00  -1.7689e+00
  7.9001e-01  -8.2830e-01
  3.6049e-01   2.0248e+00
  4.7597e+00  -1.4274e+01
  3.7151e-01   1.0422e+00
 -1.5320e+00  -5.2535e+00
 -3.4893e-01   1.6209e+00
  1.5630e+00  -8.3290e-02
  1.5854e+00   6.0997e-01
  3.9093e+00  -2.1014e-01
 -2.4327e+00  -3.2458e-01
  7.2286e+00   1.2392e+01
  8.0077e-01   1.0120e+00
  2.2855e+00   2.8095e+00
 -2.6090e-01   2.6127e+00
 -5.3722e-01  -6.9103e-01
 -1.3249e+00   6.1618e+00
 -1.4268e+01   7.7023e+00
  1.8848e+01  -5.6878e+00
 -1.0334e+00   1.4206e+00
  5.0465e+00   5.4434e+00
  1.3342e+01  -5.6140e+00
 -6.4758e-01   5.4474e-01
  8.2361e-01   7.4700e-01
 -3.0708e+00  -3.2378e-01
 -7.4766e+00   7.1510e-01
  5.7079e+00   9.5058e+00
  1.0746e-01   9.5197e-01
  6.2947e-01  -6.4230e-01
 -8.9160e-01  -8.4910e-02
  1.6040e+00   1.4005e+00
 -2.6367e+00  -3.3895e+00
 -1.4487e+00  -2.4485e-01
 -1.2941e+00   7.8356e-01
 -8.9978e+00   2.3659e+00
 -4.0678e+00  -3.8280e+00
 -1.5690e+00  -9.0075e+00
  2.7660e-01   1.8325e+00
 -2.1168e+00  -4.9940e+00
  4.7579e-01   1.9560e+00
 -5.6337e+00   1.3326e+01
 -1.2433e+00  -3.6003e+00
  1.1756e+00  -9.6199e-01
 -5.1499e+00  -4.6680e+00
  7.1866e+00   2.5689e+00
  2.5850e+00  -1.7073e+00
  6.7575e+00  -3.2685e-03
  3.8383e-01  -1.9626e+00
 -1.8475e+00   7.1915e-01
 -4.1187e+00  -5.8347e+00
 -2.4076e+00   4.2283e+00
  8.9303e-01   2.4700e-01
  2.1673e+00   5.1128e-01
 -3.9580e-01   4.8997e-01
 -3.4763e+00   2.6265e-01
  1.4557e+00   2.9947e+00
 -1.9211e+00  -7.7861e+00
  4.6363e+00   6.9318e+00
  4.6470e+00  -7.1165e+00
 -3.0682e+00  -1.5095e-01
 -5.5587e+00  -6.1001e+00
  2.2539e+00  -1.1750e+00
 -1.8287e+00  -1.2188e+00
  2.8562e+00  -2.1646e+00
 -3.3496e+00  -3.4147e+00
  1.6644e+00   5.8854e-01
  4.9036e+00  -4.5727e+00
 -1.2895e+01   1.4064e+01
 -4.8450e+00   9.8077e-01
 -1.5971e+00  -3.0118e+00
  3.9907e-03   8.4815e+00
  1.9797e+00   2.7889e+00
 -3.6080e+00  -7.1510e+00
  5.4313e-02  -2.6577e+00
  2.0621e-01  -1.0109e+00
  3.5782e+00  -1.1163e+00
  2.6505e-01  -2.5949e-01
 -9.5153e-01  -3.1875e+00
  3.2165e+00  -1.5290e-01
 -1.0945e+01   2.2852e+01
 -1.2333e+00  -1.6785e+00
  2.2240e+00   2.2926e+00
 -2.6189e-01  -1.5457e+00
 -1.5884e+00  -3.5395e+00
  1.1679e+01  -2.4486e+00
  5.4631e-02   6.2353e-01
  8.3232e-01  -9.6151e-01
 -2.1253e+00   3.1669e-01
  2.1052e-01   1.7096e+00
 -5.7636e+00  -2.8419e+00
 -3.2872e+00   9.0355e-01
 -1.9121e+00   1.1392e+00
 -5.2480e+00  -6.5008e+00
  2.7229e+00   2.2042e+00
  8.9289e-01   6.1087e-01
  3.0211e+00   1.2984e+00
  1.4608e+01   1.8650e+01
  8.3103e-01  -1.8920e+00
  1.1129e+00   4.8703e+00
  9.3247e-01   4.3541e+00
 -1.1608e+00  -1.3269e-01
  1.3430e+00   4.4903e+00
 -8.2186e-02  -1.0814e+00
  1.6108e+00   3.6452e+00
 -2.3773e+00   1.7372e+00
  6.7700e-01   1.0990e+00
  2.2896e+00  -8.5445e+00
 -5.1545e-01   1.7109e+00
  9.3061e-01   6.0275e-01
  5.8217e-02  -4.5105e-01
  6.7182e-01  -8.4417e-01
 -5.0297e+00   2.7399e-01
 -5.8720e-01  -2.0165e+00
  2.3890e+00   3.6703e+00
  4.5511e-01   3.9047e-01
  1.5093e-01  -3.6469e-01
  5.6073e-01  -4.0904e-02
  1.2431e+00  -5.2661e+00
 -1.4688e+00  -6.8719e+00
 -1.6422e+00  -8.2786e-01
  4.5813e+00   7.2660e-01
  4.0536e+00   3.0390e+00
 -7.5636e-02  -1.3105e+00
  4.6672e+00   3.0323e+00
 -3.2834e+00  -2.1012e+00
 -8.5687e-01   2.2960e-01
  1.6778e+00   3.4955e-01
 -2.3001e+00  -1.8968e-01
 -1.8120e+00   5.7281e-01
  1.6724e+00  -2.0659e+00
  7.1912e-01   1.5258e+00
  1.7876e+00   6.3290e-01
 -3.3501e+00  -3.5400e+00
  4.1928e-01   8.8391e-01
 -2.2469e+00   1.0593e-01
 -8.9280e+00  -1.5608e+00
 -8.1855e-01   6.4638e-01
 -3.0605e-01   9.3907e-01
  2.0134e+00  -2.9220e+00
  2.0517e+00  -4.2138e-01
 -2.1811e+00   1.2900e+00
  4.2300e-01   1.3569e+00
 -4.5293e-01  -3.7947e+00
  8.3235e-01  -2.2299e-01
 -3.9666e-01  -8.5668e-01
 -1.3132e+00   2.2377e+00
  6.4960e+00   2.8801e+00
  6.7908e-01  -6.1927e-01
 -1.1353e+00   1.1113e+00
 -1.0593e+01   1.5581e+00
 -1.2928e+00  -2.1974e+00
 -1.2658e+00   1.6107e+00
 -5.1233e+00   3.5395e+00
  9.1108e+00  -1.8352e+00
 -6.8297e-01   1.6729e+00
 -6.9135e+00   1.1152e+01
  4.1462e+00  -1.3153e+00
 -7.3636e-01  -6.3345e-01
  1.3552e+00   6.4709e-01
  7.8975e-01  -1.1924e+00
 -4.5264e-01  -2.4139e+00
 -2.1763e+00   4.8870e+00
 -9.1348e-01   7.3670e-01
 -9.0741e-01  -1.9961e-01
  9.7030e-01  -3.5754e+00
 -5.9904e+00  -1.4554e+00
  4.9041e+00  -8.0819e+00
  1.9005e+00  -5.0602e+00
  1.8583e+00  -1.8998e+00
 -1.1133e+01  -1.8083e+01
  2.1714e+00   2.8773e-01
 -5.9410e+00  -9.9516e-02
 -1.2165e+00   1.0614e+00
 -3.7015e+00  -9.6539e-01
 -5.6982e-01   2.4707e+00
  2.8194e+00   1.9402e+00
  3.9158e+00   7.5156e-01
  1.6755e+00   9.4822e-01
  1.2701e+00  -1.3340e+00
  5.4770e+00   2.6218e-01
 -1.1785e-01   3.8595e+00
 -2.5325e+00  -3.3738e+00
  7.1782e+00  -3.1520e-01
 -8.0168e+00  -6.2710e+00
 -3.6057e+00   1.7875e+00
 -4.6493e+00   3.2512e+00
 -3.3295e-01  -3.9706e-01
 -6.3379e+00  -5.2560e+00
 -2.7620e+00  -2.4609e+00
  6.9710e-01  -4.3660e+00
  3.0320e+00  -1.2671e+00
  4.8487e+00  -6.3964e-01
 -3.3645e+00   1.5860e+00
 -1.9617e-01  -8.8605e-01
  3.3190e+00   8.9427e-01
  1.2541e+00  -5.2210e-01
 -7.4249e+00  -6.3949e-01
 -1.2349e+00  -4.8478e+00
 -1.3467e+01  -3.8030e+00
  3.4849e+00   3.2521e+00
 -2.0513e+00   2.6935e+00
 -8.3789e-02  -3.4318e+00
  6.3826e+00   6.7870e+00
  3.4804e-02   9.6985e-01
 -3.7962e-01  -3.4469e+00
  2.2988e+00  -1.6924e+01
  4.3507e-01  -8.1142e-01
  4.5655e+00   1.3161e+00
 -2.6078e-01  -8.9974e-01
  7.8282e+00   4.9839e+00
  1.3267e+00  -1.4797e+00
  3.6585e+00  -2.3043e+01
 -3.3288e+00   2.9122e+00
 -1.2079e+00  -1.4194e+00
 -3.8612e+00  -4.5793e-01
 -9.9832e-03   4.4492e-01
 -1.2553e+00  -3.1491e+00
  2.9353e+00   2.0713e+01
  8.8110e-01   5.6897e-01
 -8.0816e+00  -7.5832e+00
 -5.5428e+00  -3.1414e+00
  6.8574e-01  -6.8026e-01
  1.8390e+00   2.3555e-01
 -2.4142e+00  -2.6605e-01
 -9.2617e-02   1.1702e+00
 -1.2763e+00   1.9376e+00
  6.4060e+00   6.8349e+00
 -3.0280e+00  -5.1242e-01
  1.0290e+00   8.4739e-01
  2.0864e+00   1.9337e+00
 -2.2868e+00  -6.1486e+00
 -7.0765e-01  -7.1654e-01
 -1.2018e+00  -6.5469e-01
  8.3179e-01  -8.6587e-01
 -6.1640e-01  -2.0721e-01
 -5.5212e+00   2.7375e+00
 -1.4869e+00  -4.6590e+00
  5.5304e+00  -2.0435e-01
 -1.3123e-01  -1.2213e+00
 -8.4884e+00   1.9575e+00
 -4.4138e-01   1.9746e+00
  1.0333e-01   6.1494e-01
  7.0405e-01  -1.8214e+00
  1.0549e+00   1.8144e-01
  1.9731e-01   2.4370e+00
 -1.7961e+00   7.5304e-01
 -5.1854e-01   1.3887e+00
  3.5731e+00   4.9775e+00
  1.7833e-01   2.5423e-01
 -5.9826e-01  -2.2654e+00
 -3.4073e+00   3.3494e+00
 -3.1804e+00   1.2459e+01
  3.6017e+00   6.2422e+00
  5.5784e+00  -3.0095e+00
 -1.5421e+00   1.5320e+00
  1.0122e+00  -1.3785e+00
  2.6231e+00   1.9643e+00
 -7.9871e+00  -1.0826e+01
  1.9390e+00   2.8841e+00
  1.7814e+00   1.3920e+00
 -2.2573e+00  -1.3159e+00
 -1.7448e-01  -1.0706e+00
 -1.4032e+00  -1.8562e+00
 -4.7590e+00  -7.1873e+00
 -1.9207e+01  -4.2347e+00
  1.3880e+01  -1.3304e+01
 -1.8252e+00  -2.2501e+00
  4.1272e+00  -7.8801e-01
  1.4326e+00   5.2797e+00
 -3.1440e+00   2.9519e+00
  3.3966e+00  -9.5688e-01
  5.0023e-01  -1.5342e+00
  1.1452e+00  -3.2776e+00
  2.4628e+00   3.6694e+00
 -1.7138e+00  -1.2517e-01
  4.5261e-01   3.8660e-01
  2.3702e+00  -1.8200e+00
 -9.0735e-01  -3.8593e-01
 -3.8558e+00   3.7554e+00
 -2.6108e+00  -4.4174e-01
 -8.2708e+00  -2.7421e+00
 -2.1840e+00   1.0487e+00
  8.2381e-01  -1.8546e+00
  7.8933e+00   2.4801e+00
 -1.4911e+00  -3.4399e+00
 -8.2697e-01  -1.6948e+00
  1.8869e+00  -7.6578e+00
 -7.6823e-01  -1.5395e+00
 -3.6804e-01   4.6271e-01
  2.4526e+00   4.4374e+00
 -2.3755e+00  -3.2517e+00
  5.1649e-01   1.0346e+00
 -1.8968e+00   3.3335e+00
 -1.9090e+00   2.2979e+00
  2.8957e+00   4.7971e-01
 -6.0608e-01   1.0539e+00
  1.8968e+00   5.9319e+00
 -5.8564e+00  -5.0935e+00
  6.2923e+00  -3.3237e+00
  3.5779e+00   2.5517e+00
  4.6743e-01  -3.9063e+00
 -4.4768e+00  -3.4999e+00
  3.0120e+00   4.3852e-01
  2.2832e-01   1.0334e+00
  5.1636e+00  -4.3691e-01
 -1.0881e+00   1.5369e+00
 -2.3260e+00   1.0585e-02
  5.6543e-01   1.5317e+00
 -4.3817e+00  -1.2128e-02
  2.9381e+00   6.4557e-01
 -7.1953e+00   8.8489e+00
  9.0839e-01  -1.1695e+01
  1.4151e+00   2.0991e+00
 -2.5511e+00   2.9218e+01
 -2.0651e+00   1.9925e+00
  7.0787e-01  -1.3682e+00
  1.8520e+00   2.1784e+00
  1.2010e-01   1.7789e+00
 -1.6075e+01   1.4272e+01
  7.6155e-01   9.1984e-01
 -1.4936e+00   6.3000e-02
 -2.3285e+00   2.3821e+00
 -7.6573e-01   1.1894e+00
  6.0224e-01  -1.8340e+00
  8.1594e+00  -1.8341e-01
  2.0994e+00   6.2586e-01
 -3.2602e+00   8.7439e-01
 -3.1473e+00  -3.2416e+00
 -5.4619e-01  -1.9948e+00
  1.1594e+00  -2.1959e-01
 -3.3525e+00  -4.3924e+00
 -1.7119e+01  -2.9271e+00
 -1.0179e+01  -2.5738e+00
  9.6151e-01  -2.3415e+00
 -1.3802e+00  -7.2147e-01
  2.0150e+00  -2.3558e+00
  1.9828e+00   1.5206e+00
  2.7126e+00  -7.6266e+00
  5.1569e+00   3.6531e-01
 -1.0616e+00   3.9502e+00
 -2.9005e-02   8.8767e-01
 -1.4032e-01   4.6004e+00
  8.5292e-01   4.5103e-01
 -3.2076e+00  -8.2063e+00
  8.2422e+00  -2.1108e+01
 -5.6490e-01  -7.7388e-01
 -4.7141e-01   3.1568e+00
  2.1325e+00  -5.0754e+00
 -1.3713e+00   1.4822e+00
  2.3598e+00  -1.2955e-01
 -1.5749e-01   3.7230e-02
  8.2410e-01  -8.3565e-01
  4.9403e+00   2.2247e+00
  1.2290e+00   9.5402e-02
  6.1216e-01  -9.1209e+00
  1.1945e+01  -8.6608e-01
 -2.6345e+00  -4.7668e+00
 -1.8956e+00  -1.3500e+00
 -7.2910e+00   1.4021e+01
  2.1259e+00  -2.0909e+00
 -2.5474e+00  -3.7550e+00
 -7.5368e-01   3.1977e+00
  7.1895e-01   9.1772e-01
  6.4590e-01   1.7463e+00
  9.3934e+00  -1.3205e+01
  1.6036e+00   6.5891e-01
  1.8449e+00   4.0366e+00
  5.0513e+00  -1.9440e+00
  2.0527e-01   1.2173e+01
  5.7972e-01  -3.1956e-01
 -2.0615e-01   2.2046e-01
  1.6025e+00  -4.3266e+00
 -1.5043e+00   1.8016e+00
  2.0281e+00  -9.2513e-01
  3.2542e+00   1.1618e+01
 -5.7938e-01  -5.6811e-01
  3.8797e-02  -1.1722e+00
 -1.9179e+01   7.2432e-01
  2.5488e+00  -5.1729e-01
  3.4064e-01  -2.5186e+00
  9.6556e-01  -2.1277e-01
  5.2587e-01   1.8215e+00
  7.9171e-01  -2.4133e-02
  1.1194e-01   1.6369e+00
 -7.7035e+00  -1.5714e+01
 -4.6799e+00  -4.1899e+00
  2.6374e+00  -6.7552e-01
  6.0288e+00   1.4378e+00
  1.7075e+00   2.2174e+00
 -2.5860e+00  -2.0683e+00
  5.8967e-01  -1.3729e+00
  1.8081e+00   9.1997e+00
 -4.7412e-01  -1.2340e-01
 -9.2490e-01  -2.4716e+00
  1.0057e+01  -9.3568e+00
 -2.7923e+00  -1.2784e+01
  1.0199e+00   9.6437e-02
  9.3831e-01  -2.3553e+00
  6.8929e+00   7.2172e-01
 -1.4368e-01   1.2299e+00
  2.4478e+00   2.2865e+00
 -1.4960e+00   2.8160e-02
  1.4329e+01  -9.4661e+00
  1.6577e-01   5.6415e-01
 -1.4459e-01   4.5588e-01
  1.0331e+00   7.9697e-02
 -1.9117e+00  -2.4911e+00
 -2.1092e+00  -2.1035e+00
  1.5880e+00   9.2629e-01
  1.6958e+00   2.4075e-01
  3.5401e+00  -9.7533e-01
 -3.6989e+00   1.6471e-01
  2.4289e+00   2.9166e+00
 -3.4442e-01   1.9127e+00
 -8.0211e-01   5.1376e-01
  1.6175e-01  -1.1786e+00
  7.7337e+00   1.8284e+01
 -7.4707e-01   2.2687e+00
 -2.2008e+01  -1.4833e+01
  6.7736e-01   1.7367e-01
 -1.8666e+00  -2.7633e-01
  1.3136e-01  -1.6388e-01
  3.6986e-01   1.1919e+00
  9.1351e-01  -9.4191e+00
 -4.5704e+00  -6.0998e-01
  7.8996e-01   4.5463e-01
  6.2421e+00   1.3189e+01
 -2.4754e+00  -5.2434e+00
  9.0359e-01   3.5560e-01
  5.5823e+00  -2.2673e+00
 -4.7233e+00  -4.0121e-02
 -1.1962e+00   4.0993e-01
  4.2972e+00   4.4932e+00
 -1.0866e+00   4.2988e+00
  1.7978e+00   1.8855e+00
  6.7332e-01   1.5759e-02
 -3.4994e+00   2.5195e-01
 -5.2965e+00   2.1717e+00
  7.9737e-01   2.9830e-01
  5.0252e-01  -8.3807e-01
  1.9213e+00   1.2532e+00
 -7.5564e-01   1.6607e+00
  1.0320e+00  -2.5447e+00
  2.5043e+00   1.9609e+00
  1.0765e+00   6.9651e+00
  5.1269e+00   9.2892e-01
 -1.2301e+00  -1.1382e+00
 -1.3811e+00   3.5276e-01
 -1.1212e+00  -1.5848e+00
  3.3928e+00   7.5684e+00
  9.5123e-01  -7.4028e-01
  1.6222e+01   7.9497e+00
 -3.2405e+00  -6.7315e+00
 -8.4592e-02   2.4130e-01
 -2.2211e+00   1.3428e+00
  4.6050e-01  -1.5645e-01
 -1.8126e+00   1.8192e+00
 -2.1721e+00   3.9866e+00
 -4.0121e-01   1.1445e+00
  3.1060e-01   2.2218e-01
  3.6730e+00   2.2566e+00
 -1.8526e+00  -7.4710e+00
 -5.3008e-01   1.7119e+00
  3.3056e+00   4.7597e+00
 -1.7321e+00   1.0479e+00
  2.5706e+00  -3.9797e-01
  1.9732e+00  -1.9314e+00
  2.5313e+00   1.0979e+01
 -6.2490e-01   1.4502e+00
 -5.4536e+00   5.7427e+00
  1.4238e+01   4.4946e-01
  4.9498e+00   3.6235e+00
 -1.0007e+00  -2.9337e+00
  2.0163e+00   2.6226e-03
  1.9938e+00  -7.7254e-01
  2.1576e+00  -1.6422e+00
 -4.8779e-01  -1.6408e+00
  3.5638e+00   8.1081e+00
 -4.5376e-01   1.1039e+00
  4.2954e-01   2.7217e-01
  1.5433e+00  -6.9364e-01
 -1.0522e-01  -1.8554e+00
 -7.5496e-02   2.7553e-01
  3.3510e+00   7.4125e-01
 -6.0204e-02  -2.8096e+00
  5.6329e-01   2.1192e+00
  1.7477e+00   2.8148e-01
 -3.7751e+00   2.3335e+00
  3.7535e+00  -5.2938e+00
 -8.2470e+00  -6.4068e+00
 -1.7769e+00   1.3382e+00
 -2.9921e+00   1.1352e+01
 -1.0950e+01   2.0929e+01
  1.3444e+00  -1.4460e+00
  3.7183e-01   5.2768e-02
  1.2114e+00   1.7838e-01
  2.2397e+00   8.9661e-01
  1.5201e+00   3.4811e+00
  3.1369e+00   1.2122e+01
  1.3432e+01  -9.3415e+00
  2.1923e+00  -1.2229e+01
  6.5079e-01  -2.3838e+00
  2.2363e+00   1.5277e+00
  1.2680e-01  -5.2792e-01
 -5.0202e-01   6.7954e-01
 -9.2959e+00   4.5657e+00
 -3.2950e+00   7.4919e-01
  6.7011e-01   3.9524e+00
 -3.4243e-01   2.8615e+00
 -6.6541e-01   8.7058e-01
 -2.1331e+00  -3.7061e+00
 -1.2225e+00  -1.2846e+00
  6.7126e-03   2.5301e-01
  3.6197e-02   1.9398e+00
  1.4628e+00  -8.9846e-01
 -1.8188e+00   3.1575e+00
  6.3951e-01   5.0485e-01
 -3.6529e+00   2.2768e+00
 -1.5125e+00  -2.6166e+00
  1.6339e+00  -3.4898e+00
 -2.9087e+00   2.2808e+00
 -8.3128e-01  -1.3854e-01
  8.0406e-01   2.1070e-01
 -1.9624e+00   7.7861e-01
  4.9166e+00  -4.9445e+00
  2.9938e+00   5.9243e+00
 -3.3377e+00  -6.7480e-01
  2.1926e+00  -6.1365e-01
 -1.0077e+00   5.0513e-01
  3.4066e+00  -3.0518e+00
  3.2546e+00  -3.8299e+00
 -5.9840e-02   4.5543e-01
  1.9182e-01  -3.2776e-02
  1.1745e+01  -1.7181e+01
 -1.8659e+00   1.4269e-01
 -1.1136e-01  -3.8037e+00
  2.6129e-02  -5.6260e+00
 -6.5304e+00   2.0020e+00
 -1.5134e+00   4.7088e-01
 -1.2198e+01  -5.0987e+00
 -1.3466e+00  -1.0226e-02
  2.2654e+00   3.3224e-03
  3.3794e+00   3.7311e+00
  2.7642e+00  -9.6377e-01
  6.2300e+00  -1.6832e+00
  1.3724e+01  -5.9605e-01
 -4.2362e+00  -1.7605e+00
 -1.2367e+00   2.5178e-01
  7.7260e-02  -1.5393e-01
 -4.6611e+00  -1.4246e+01
  1.5947e+00   3.0157e+00
 -2.0798e+01   8.8764e+00
 -7.3314e+00   2.0301e+01
  1.5873e+00   3.0930e+00
 -1.2913e+00   7.3942e-01
  1.5303e+00  -3.3439e-01
  6.7608e-01   2.3120e+00
  3.3902e+00   7.6615e-01
  9.2980e-01  -1.3011e-01
 -3.6389e+00   9.4378e+00
  6.4583e-01   2.3949e+00
 -1.4285e+00   5.9597e-01
  2.9879e+00   2.4886e+00
  5.8831e-01  -1.5527e+00
  2.0096e+00  -3.4666e+00
  1.2343e+01  -1.3763e+01
 -2.7248e-01  -7.8024e-01
 -2.9489e+00  -4.8455e+00
 -1.2742e+00   4.4970e+00
 -1.8647e+00  -1.7441e-01
  2.5184e+00   8.5439e+00
  1.9217e+00   8.9759e-01
 -1.8340e+01  -1.3718e+01
  1.7154e-01  -2.5813e-01
  1.8520e+00   1.6926e+00
  8.0163e-01  -4.9844e-02
  8.9630e-01   1.4803e+00
 -5.8668e+00   3.2943e-01
  4.8329e+00   7.0602e-02
 -1.5335e+00   7.0208e-02
  5.5189e+00  -1.0721e+00
 -1.0846e+00   2.3177e-01
  2.6291e+00   1.0698e+01
 -1.1098e+01   8.0591e+00
  2.6686e-01   1.3377e-03
 -8.1762e-01  -8.7288e+00
  2.1431e+00   1.8028e-01
 -6.4742e+00  -2.2739e+00
 -2.7523e-01  -1.1949e+00
  5.2736e+00   1.4204e+00
  5.1924e-01   2.2698e+00
  1.2871e+00  -4.5740e+00
  1.7144e+01  -1.6038e+01
  3.4468e+00   2.0974e+00
  1.0901e+00  -1.9716e+00
 -7.9485e-02   2.8850e-01
 -5.6049e-01  -5.2444e-01
  1.6415e+00   1.7254e+00
  1.3213e+00  -5.1675e+00
  2.0498e-01   2.2165e-02
  2.0974e-01  -1.5845e+00
  1.5993e+00   9.4189e-01
 -9.0691e+00   1.2187e+01
 -4.2882e-01  -5.9682e-01
  1.2045e-01   1.0938e+00
  2.5061e-01  -1.1274e+01
 -2.8542e+00   3.0863e+00
 -9.6779e-01   2.4276e+00
 -3.6556e-01   3.5540e+00
 -6.6013e-01   3.2997e+00
 -7.5267e-01   9.7675e-02
 -1.2687e+00  -2.5900e+00
  4.7216e+00   9.4235e-01
 -5.8819e-01   2.3978e+00
  6.3690e+00  -9.5999e-01
  3.0322e+00  -1.7064e+00
 -1.2319e-01  -1.8465e+00
  1.9548e+00  -8.8500e-01
 -2.7919e-01  -5.0921e-01
  9.4679e-01  -1.9678e-01
  8.2115e-01  -1.0826e+00
 -1.3975e+00   3.5175e+00
  1.1154e+01   1.8811e+01
 -7.6596e-01   5.4871e-01
  1.0203e+00  -1.0545e+00
  9.0543e-01  -3.5787e+00
 -9.8280e-01   2.4341e+00
 -1.3904e+00  -1.3491e+00
  2.3917e+00   2.4465e-01
 -1.4586e+00   3.2435e-01
 -4.3009e+00   8.6808e+00
  1.1962e-01   2.7899e+00
  1.7662e+00   2.2340e+00
 -7.4549e+00   2.3935e+00
 -6.4126e-01   1.1182e+00
  3.5531e+00   7.3933e+00
 -2.5245e+00  -1.4604e+01
 -1.7298e+00  -1.4265e+00
  2.6734e+00   3.3546e+00
 -4.5081e-01   1.2457e+00
 -3.6426e+00   1.7635e+00
  2.0996e+00  -1.3299e-01
 -1.9000e-01   6.9948e+00
 -3.6556e+00  -1.0951e+01
 -1.3936e+00   2.8414e-01
  6.9331e+00   2.0964e+00
 -5.3341e-01   3.0632e-01
 -1.4579e+00  -1.8628e-01
  6.4232e-01  -7.2957e-02
 -6.1835e+00  -6.1045e+00
  4.4971e-01   1.4538e+00
 -5.9428e-01  -2.8264e+00
  2.1726e+00   2.5859e+00
 -1.0246e+00  -9.1878e-01
  5.8840e+00  -4.0324e+00
 -4.1611e-01   1.7281e+00
  3.9438e-01  -1.2822e+00
  3.4438e+00   1.1752e+00
  6.6430e+00   2.1343e+01
 -6.9941e+00  -2.0668e+01
  3.5371e+00  -5.4267e+00
  1.4301e+00   1.1112e+00
 -1.1199e+00  -6.1836e-01
 -1.6810e+00   3.0629e+00
 -3.2306e+00  -1.3251e+01
 -9.2654e-01   2.2044e-01
  8.4788e-01  -1.1266e+00
  1.5777e+00   8.7950e-01
 -6.9350e-01   2.6041e+00
  2.2847e-01  -2.0755e+00
