  5.4052e-01   5.2245e-01
  1.7691e-01   1.1949e-01
 -1.3721e+00   1.1897e+00
 -1.3500e-01  -2.3495e-01
  5.4946e-01  -1.0045e+00
 -1.7904e+00  -2.5905e+00
 -4.6770e-01   1.2660e+00
 -3.0240e+00   3.1639e+00
 -1.2383e+00   9.2669e-01
 -4.4038e-01  -1.2120e-01
  5.6749e+00  -1.2547e+00
  5.3295e-01   1.1294e+00
 -4.7200e-01   3.7241e-01
 -1.2728e+00  -1.1028e+00
 -5.0011e-01   1.7701e-01
  5.6709e+00  -3.8342e+00
 -8.7310e-01   1.3448e+00
  6.0776e+00   2.8551e+00
 -2.1124e-01  -2.8467e-01
  9.0321e-01  -8.7461e-01
 -1.4126e+00   3.6677e+00
 -7.7591e-02   9.5565e-01
 -5.0975e+00  -1.1924e+01
  1.7030e+00   1.3999e+00
 -8.8450e-01  -4.6317e-01
  1.9307e-01   4.7887e-02
  6.8977e-01  -2.8151e+00
 -1.5540e+00  -8.6542e-01
  8.2920e-01  -9.4320e-02
 -5.6883e-01   7.0887e-01
  6.8765e-01  -7.3907e-01
  3.4045e-01  -9.1329e-01
  7.8484e-01  -1.0697e+00
 -1.5009e-01  -3.7481e-01
 -8.7757e-01  -2.3876e-02
 -1.3948e+00   1.9370e+00
 -4.2151e-02   2.4843e-01
  3.8994e+00   1.0641e-01
  2.0941e+00  -1.1849e+00
  3.3510e-01   2.6919e-01
 -1.5502e-01   3.0667e-02
 -6.7787e-01  -1.1432e-01
  4.0328e-01  -3.1459e-01
  2.1021e-01  -2.2427e+00
 -1.9688e-01  -1.2612e+00
 -3.9148e-01  -4.5403e-01
  2.3182e+00  -4.7582e-01
 -1.6616e-01  -5.0504e-02
  2.9093e-01  -1.1846e+00
  8.1667e-01  -2.8289e-02
 -5.5862e+00   2.1356e-01
  2.2425e-02  -5.1102e-01
 -7.4096e-01  -1.7343e+00
 -1.0342e+00  -1.2702e+00
  7.8516e-01   1.6187e+00
  6.5687e-01  -3.1971e+00
 -6.9776e-02   2.0347e+00
  4.1803e-01  -5.2462e-01
 -1.0645e+00   4.7866e-01
  1.1323e+00  -1.0053e+00
  8.4127e-01  -7.9945e-01
  1.8388e+00   2.7183e-01
 -3.8789e-01  -7.0333e-01
 -7.2171e-01  -1.7441e+00
 -1.6423e+00   1.9237e+00
 -7.5099e-01   9.4138e-01
  3.5971e+00   4.4171e-01
 -2.0399e-01   3.9385e-02
  4.1272e-01   1.1862e+00
  6.0891e+00  -1.3469e+01
 -5.7200e-02   1.5843e+00
 -3.6537e-01   6.3395e-01
  2.8472e+00   5.7726e+00
 -2.8673e+00  -8.0411e-01
  2.8867e-01  -1.6144e-01
  2.3445e-01   1.5850e-01
 -2.5042e+00   4.8889e-01
  3.7804e-01  -7.8438e-02
  4.6640e+00  -3.8859e+00
 -3.5526e+00  -6.9541e-01
 -8.3856e-02   5.7226e-01
  7.7102e-02  -1.8727e+00
 -5.0747e-01  -1.9536e+00
 -1.0570e+00  -2.3836e+00
 -1.2272e-02  -1.9349e+00
 -1.7223e+00  -5.1716e+00
  4.3142e-01  -3.7501e-01
 -9.9359e-01  -1.9623e+00
  1.2962e+00   7.9639e-01
 -2.1306e+00  -7.4969e-01
 -1.1712e+00  -1.4166e-02
  4.5825e+00  -1.1334e+00
  4.5321e-01   1.3898e-01
  2.2069e+00  -4.1624e+00
  2.0781e+00   2.8507e+00
  6.8232e-01   9.1558e-01
 -3.1896e-01   7.3043e-01
 -8.5543e-02  -2.4110e-01
  4.6232e+00  -2.5863e+00
 -1.8632e+00   1.0656e+00
  4.3750e-01   1.2947e-01
  1.0209e-01  -9.6928e-02
  5.1109e-01   2.4674e+00
  1.9037e+00  -4.3321e-01
 -1.2891e+00   2.9615e-01
  1.8323e-01  -1.4729e-01
  6.5133e-01   4.0751e-01
  4.4520e-01   4.5827e-01
  1.1340e+00  -3.3030e+00
 -9.3702e-01   2.2326e+00
  1.1177e-01   9.6942e-01
  1.1717e+00  -1.6966e-01
  2.0236e+00  -1.8647e-01
  4.2349e+00  -7.5612e+00
 -1.8475e+00   2.3541e-01
  1.8193e+00  -1.8551e+00
  3.9325e+00   5.2865e+00
  1.4193e+00  -4.2320e-01
  1.8379e-01   5.6881e-02
  1.0122e+00  -1.9233e-01
  4.7854e-01  -1.0854e-02
 -1.6840e-01  -2.9856e-01
  3.9593e-01  -3.1979e-01
  1.0975e+00   9.4470e-02
 -1.5670e+00   1.3103e+01
 -6.8216e-01   3.0302e-01
 -3.2017e+00  -4.3012e+00
  7.8218e-01  -1.9424e-01
 -9.2753e-01  -2.1952e-01
  5.4628e-01  -2.0451e-01
  2.0478e+00  -3.1499e+00
 -1.3763e+00  -4.4262e-01
 -2.6304e+00   1.5183e+00
 -2.1394e+00  -5.1744e-01
 -1.2947e+00   2.9643e-01
 -2.2577e+00  -8.2995e-01
 -1.6809e+00  -2.3571e-01
  1.4843e+00  -2.0184e-01
 -3.6201e-02   5.8696e-01
  1.0695e-01   3.5035e-01
  9.1360e-01  -9.5193e-02
  2.3440e+00   5.8371e-01
 -7.3065e-01   5.5946e-01
 -8.6751e-01   8.2661e-01
  3.1342e-01   5.4601e-01
  1.8213e+00  -2.4060e-01
 -1.3700e+00  -3.6786e+00
 -1.8677e+00   2.0741e-01
 -1.2648e-01   2.4578e-01
 -3.8485e-01   7.4911e-02
 -1.5265e+00  -1.9060e+00
 -9.7382e-02   1.5251e+00
 -1.0272e+00   6.0377e-01
 -1.5007e+00  -2.0990e-01
 -1.6024e+00   3.2896e-01
 -3.6502e-01  -1.3428e-01
 -1.4108e-01  -6.6284e-01
  4.2195e+00   4.4417e+00
  8.7537e-02   6.4746e-02
 -2.3140e+00   1.7534e-01
  8.9829e-02  -6.4066e-03
 -9.2403e-01   1.9670e+00
  9.9422e-03   2.3154e-02
 -3.6183e+00  -3.6829e-01
  7.7889e-01  -1.1853e+00
  2.0785e+00   1.9397e+00
 -4.9090e-01   1.8467e-01
  6.1853e-01   1.2909e+00
 -7.4548e+00   9.3886e+00
  3.8580e-01  -1.3078e-01
 -1.5742e-02   1.4524e-01
 -5.9490e-01   7.8875e-01
  2.4036e-01  -5.6672e-01
 -5.5429e-01   9.1607e-01
  5.8027e+00  -4.5988e+00
  1.2275e+00   1.5533e+00
  2.5205e-01  -2.7033e-01
 -1.6146e+00  -1.3735e+00
 -8.1222e+00   7.4568e+00
 -3.0030e-01  -4.0545e-01
 -3.8945e-01   1.5157e-01
  5.5360e+00  -1.5888e-01
  1.3385e+00  -1.9742e+00
 -5.0456e-01   2.8921e-01
 -3.2461e-02   1.5339e-01
  7.4750e+00   3.7179e+00
 -3.8219e-01   1.4154e+00
  4.4212e-01  -1.6944e+00
  5.7108e-01   5.3696e+00
 -1.9708e+00   1.8597e+00
  6.6352e-01  -8.1447e-03
  8.0213e-02   3.4426e-02
  1.7442e+00   8.0485e-02
 -8.9952e-01  -4.0368e-01
  1.5393e+00  -1.3444e+00
 -1.1982e+00  -4.4806e-01
  5.1016e-01   3.2853e-01
 -3.6717e-01   9.9962e-01
 -2.0440e-01  -2.0119e-01
 -3.4408e-01  -4.0635e-01
 -1.7329e-01   5.0723e-01
 -2.1804e-01  -2.0920e+00
 -7.0189e-01  -7.6136e-01
 -5.9946e+00  -1.4520e+00
  2.0041e-01   1.2825e+00
 -4.5125e-03   1.7348e-01
 -2.8240e-01  -4.9270e-02
 -6.2606e-02   3.5260e-01
  4.4943e-01  -5.1837e+00
 -8.2927e-01   3.3732e+00
  2.4075e-01  -5.6065e-01
 -4.1355e+00   1.0518e+00
  9.1374e-01   3.6441e-01
  3.4602e+00   1.6516e+00
 -2.3927e-01   1.3598e+00
  2.0698e-02   4.1640e-01
  8.3979e-01  -9.5792e-01
 -8.6067e-01  -5.0701e-01
 -8.8954e-01  -3.4716e+00
  5.2473e-01  -7.6171e-01
  1.3550e+00  -1.1361e+00
 -2.7840e-01   6.5099e-02
  6.5566e+00  -1.8803e+00
 -7.1531e+00   8.3829e-01
  1.5812e+00   1.2925e+00
 -1.3286e+00   1.1043e-01
  4.0388e-01   2.2904e-01
 -3.4293e-01  -7.0871e-01
  5.1721e-01  -5.7543e-02
  8.1207e+00  -5.1485e+00
 -1.0823e+00   6.5943e-01
 -1.6605e-01   2.4067e-01
 -3.9131e-01  -2.1212e-01
 -8.9424e-01   1.4701e+00
 -2.0705e-01   1.8951e-01
 -1.3951e+00  -4.5884e-01
 -1.6346e-01   2.2737e-01
 -1.7293e+00  -4.9488e+00
 -6.7492e+00   7.2809e+00
 -6.5552e-01  -9.2187e-01
 -4.9255e-01  -4.2382e-01
 -5.0754e+00   1.6311e+00
  9.3798e-01  -2.3364e-01
 -2.9060e+00  -3.4077e+00
  1.8626e+00  -2.3498e+00
 -3.4391e-01   2.5913e+00
 -1.7070e+00  -6.0473e+00
  6.6939e-02  -1.7869e-02
 -3.2718e-01   2.7168e-01
  2.9151e-01  -5.0052e-02
 -1.3755e-01   1.9224e-01
 -9.9776e-01   6.6379e-01
  1.3327e+00  -1.7974e+00
  1.4624e+00   6.2758e-01
 -9.3639e+00  -4.4503e+00
 -8.4898e-01   1.0002e+00
 -2.5254e+00  -1.7321e+00
  5.3041e-01   8.9871e-01
  1.5402e+00  -6.1526e-01
 -4.6517e-01  -4.3348e-01
  2.3173e+00  -2.0202e+00
 -4.4211e+00  -5.5218e+00
  8.2718e-01  -2.8422e-01
 -3.5403e+00   1.6464e+00
 -2.2795e+00   1.4568e+00
  5.0517e-01  -3.9851e-02
 -8.6520e-01  -2.6280e+00
  1.4552e+00   1.9470e+00
  1.8986e-01  -6.0083e-01
  1.6270e+00  -1.4189e+00
 -6.2004e-01   5.6073e+00
 -1.4714e-01  -4.0374e-02
  4.5774e-02  -4.3659e-01
  8.0516e-01   2.4591e+00
 -4.0609e+00   3.3572e-01
  4.4362e-01  -1.2378e-01
  7.4934e+00  -8.4000e-02
 -5.9097e-01   1.5444e+00
 -5.2721e+00   6.2182e+00
 -8.6659e-01  -6.9522e-01
 -2.0063e+00  -1.6040e+00
 -2.0759e-01   2.9492e-01
  3.4326e+00   1.0150e+01
 -8.7776e-01  -1.1970e-01
 -1.6935e+00   3.2879e-01
 -4.1392e-01   9.3040e-01
 -1.2481e+00   1.5952e+00
  3.6003e-01  -3.8348e-01
 -1.7153e+00   1.8022e+00
 -1.7953e+00   3.2958e-01
  3.3439e+00   3.1872e+00
  1.3226e+00   2.4415e-01
 -4.2097e-01   4.6334e-01
  2.1268e+00  -5.1834e-02
 -4.8152e-01  -6.8192e+00
  4.9294e+00   2.0226e+00
  8.3678e-01  -5.3741e-01
  1.2894e+01  -7.1916e+00
  1.3283e-01   6.8760e-01
 -2.2832e+00   4.4526e+00
 -2.7178e-01  -4.1194e-01
  2.0577e+00   3.9050e+00
 -2.4798e+00  -1.5841e+00
 -3.6476e+00   1.7605e-01
 -1.8526e+00   1.3600e-01
  2.5035e+00  -3.3174e+00
 -3.5106e-01   2.3986e-01
 -9.6021e-01   4.9199e-02
  4.4974e-01   7.2232e-01
  5.4049e-01  -1.0587e-02
 -1.7157e-01   4.0208e+00
 -4.0974e+00   2.5920e+00
 -3.2771e+00  -1.3037e-02
 -1.5509e+00  -7.5358e-02
 -1.5523e-01   1.1017e-01
  3.7727e-01   2.2084e-02
  3.3510e-01   1.3692e-01
 -1.0103e+00  -2.5131e-01
 -1.7768e+00  -3.0524e-01
  2.0743e+00   2.8902e+00
  2.6187e+00   3.3888e-01
  1.7385e+00   1.0712e-01
  9.1909e-01   9.5787e-01
  2.5646e+00   3.8524e+00
  5.9624e-01   1.5451e-01
  1.4285e+00  -7.6240e-01
 -3.0753e-02  -5.4889e-02
 -8.0697e-01  -1.8951e+00
 -9.2539e-01   1.3153e+00
 -3.7441e-01  -2.8144e-01
 -3.9764e+00  -9.3675e-01
  4.7755e-01  -1.0233e-01
 -1.2825e-01   9.5751e-01
  1.4702e+00  -4.4353e+00
  2.1632e-03  -2.7520e-02
 -6.8928e-01  -2.4786e+00
  6.6433e-02   4.6527e-01
  3.8604e-01  -2.4591e-01
  8.1575e-01   5.3291e-01
  1.6191e+00  -2.1660e-01
 -2.4173e-01   1.9981e-01
  3.7459e+00   6.9802e+00
  6.1239e-01   1.2124e-01
  7.0872e-01   9.9650e-01
 -2.8592e-02   1.3072e+00
 -6.4644e-01  -4.5025e-01
 -7.6113e-01   3.4287e+00
 -6.2938e+00   3.7486e+00
  1.0207e+01  -3.0509e+00
 -3.2882e-01   2.6473e-01
  2.5779e+00   3.2952e+00
  7.3044e+00  -3.0958e+00
  1.3376e-01   3.8697e-01
  2.7434e-01   1.0156e-01
 -1.2845e+00  -4.6609e-01
 -4.1802e+00   3.9623e-01
  3.0892e+00   4.9861e+00
 -1.6743e-01   5.5606e-01
 -1.7301e-01  -3.2915e-01
 -5.6988e-01   9.8853e-02
  6.3827e-01   3.2282e-02
 -7.9726e-01  -1.0397e+00
 -1.3200e+00  -3.1252e-02
 -8.0307e-01   6.5485e-01
 -4.8472e+00   1.2948e+00
 -2.4036e+00  -2.2430e+00
 -9.3442e-01  -4.7868e+00
 -2.8923e-01   1.0294e+00
 -9.1880e-01  -2.4940e+00
 -2.7258e-01   4.8649e-01
 -1.6987e+00   3.9786e+00
  1.9759e-01  -9.6162e-01
  1.1846e+00  -8.5643e-01
 -2.5522e+00  -2.4208e+00
  2.1930e+00   5.3513e-01
  1.4983e+00  -9.5235e-01
  3.8092e+00   1.5194e-01
  7.1638e-03  -3.4515e-01
 -3.9043e-01   1.3348e-01
 -2.0126e+00  -2.7358e+00
 -1.4612e+00   2.4920e+00
  2.5829e-01   2.7697e-01
  5.9795e-01  -6.5299e-02
  5.0314e-02  -2.1139e-01
 -1.1424e+00   3.4173e-01
 -7.7359e-02   1.0901e+00
 -8.9508e-01  -3.6376e+00
  2.7443e+00   3.6741e+00
  1.4158e-01  -4.6646e-02
 -1.0769e+00  -4.2338e-01
 -2.0648e+00  -1.6122e+00
  1.1710e+00  -8.5406e-01
 -7.4048e-01  -3.6668e-01
  1.2177e+00  -1.1014e+00
 -2.1426e+00  -1.9761e+00
  9.8828e-01   4.0412e-01
  2.5250e+00  -2.6618e+00
 -7.2008e+00   7.9449e+00
 -2.5939e+00   5.4008e-01
 -8.2302e-01  -1.6099e+00
 -1.7505e-01   3.5918e+00
  4.4944e-01   6.9099e-01
 -2.1017e+00  -3.9752e+00
  2.5635e-01  -1.3907e+00
  1.2553e-01  -7.4921e-01
  1.3702e+00  -8.1887e-01
 -2.6043e-01   2.0993e-01
 -3.6652e-01  -1.7028e+00
  8.7250e-01  -1.1069e-01
 -6.2049e+00   1.3002e+01
 -2.7345e-01  -2.0962e-01
  1.0495e+00   1.1389e+00
 -2.3065e-01   3.4280e-02
 -1.1244e+00  -2.2831e+00
  6.8462e+00  -1.1264e+00
 -5.6499e-01   1.6311e-01
  2.7063e-01  -8.4755e-01
 -8.3177e-01   4.2411e-01
  5.8448e-02   4.6563e-01
 -2.7816e+00  -1.3644e+00
 -1.9945e+00   7.1052e-01
 -1.0294e+00   4.4439e-01
 -9.4357e-01  -1.8831e+00
  8.4168e-01   5.3037e-01
  9.3250e-01   7.3879e-01
  1.5623e+00   4.8018e-01
  7.4836e+00   9.6248e+00
  5.9085e-01  -1.4371e+00
  8.2396e-01   2.3502e+00
  3.7192e-01   1.7170e+00
 -5.4686e-01   3.8333e-01
  2.5362e-01   2.0089e+00
 -2.9480e-01  -8.4467e-01
  5.6817e-01   2.0427e+00
 -1.3750e+00   6.7550e-01
  3.4789e-01   5.2394e-01
  9.3802e-01  -3.7131e+00
 -4.6586e-01   4.9459e-01
  1.0572e+00  -5.4359e-02
  4.5791e-01  -6.7133e-01
  8.5332e-01  -5.2908e-01
 -2.7257e+00   2.4329e-01
 -3.2702e-01  -5.5208e-01
  9.4698e-01   2.0759e+00
  2.4016e-01   3.4072e-01
 -4.0334e-01   2.7966e-01
  4.4841e-01  -5.3338e-01
  3.1790e-01  -2.0931e+00
 -5.9166e-01  -2.6807e+00
 -7.7249e-01  -9.9847e-01
  2.7153e+00   3.8029e-01
  1.2499e+00   1.0447e+00
  9.4391e-02  -8.1527e-02
  2.4737e+00   1.8618e+00
 -1.2690e+00  -6.9869e-01
  1.7132e-01  -9.8931e-02
  5.2176e-01   1.4332e-01
 -3.6528e-01  -1.6760e-01
 -7.1211e-01   2.6903e-01
  6.7685e-01  -8.0540e-01
  5.6333e-01   6.9239e-01
  9.3684e-01   3.2587e-02
 -1.7454e+00  -1.7685e+00
  3.9844e-01   3.9447e-01
 -1.1418e+00   4.8883e-01
 -4.4381e+00  -6.9631e-01
 -2.7985e-01   3.2615e-01
  9.4776e-02   6.3061e-02
  1.2029e+00  -1.5413e+00
  9.6571e-01   3.8662e-01
 -1.2226e+00   8.0874e-01
  1.7936e-01   3.3889e-01
 -1.2187e-02  -1.8475e+00
  1.9316e-02  -5.4825e-01
 -1.1135e-01  -1.9096e-01
 -3.0139e-01   1.2411e+00
  3.2334e+00   1.4785e+00
  2.0830e-01   1.2993e-01
 -6.4315e-01   4.9536e-01
 -5.6007e+00   1.1629e+00
 -8.4457e-01  -1.4875e+00
 -5.8494e-01   6.1341e-01
 -2.8347e+00   2.0183e+00
  9.4694e-01   2.8192e-02
 -6.4330e-01   1.2933e+00
 -3.5356e+00   6.4163e+00
  2.5236e+00  -6.4850e-01
 -3.4797e-01  -3.2155e-01
  7.0911e-01   5.1327e-01
  6.5083e-01  -8.4423e-01
 -1.0324e-01  -1.1840e+00
 -8.7042e-01   2.2930e+00
 -5.1122e-01   7.8052e-02
 -9.4715e-01  -2.6293e-01
  1.6346e-01  -2.0901e+00
 -2.9214e+00  -8.1681e-01
  2.9399e+00  -4.1637e+00
  7.1465e-01  -1.6744e+00
  1.0641e+00  -1.2788e+00
 -5.7215e+00  -9.8079e+00
  1.0767e+00  -3.0582e-02
 -2.7415e+00   2.0624e-01
 -4.8830e-02   2.1171e-01
 -1.9812e+00  -5.3429e-01
 -6.3056e-02   4.9848e-01
  1.7416e+00   7.3795e-01
  1.5877e-01  -3.1184e-02
  8.2178e-01   6.3842e-01
  4.3130e-01  -1.1072e+00
  2.6455e+00   1.7156e-01
  3.4192e-02   2.2325e+00
 -1.3835e+00  -2.1038e+00
  4.1941e+00  -1.2881e-01
 -4.5614e+00  -3.4792e+00
 -1.8682e+00   7.7161e-01
 -2.4021e+00   1.5435e+00
 -3.5872e-01  -4.7727e-02
 -3.8142e+00  -2.6837e+00
 -1.4534e+00  -1.1927e+00
  2.3733e-01  -2.7495e+00
  7.5151e-01  -9.4650e-02
  2.1562e+00  -4.0059e-01
 -1.8055e+00   8.7025e-01
 -1.5751e-01  -6.5433e-02
  1.5898e+00   2.5053e-01
  3.8680e-01  -2.7598e-01
 -3.8973e+00  -1.7103e-01
 -8.9403e-01  -2.7148e+00
 -6.7270e+00  -1.9645e+00
  1.6660e+00   1.3840e+00
 -7.2807e-01   1.0910e+00
  2.5873e-01  -1.6884e+00
  3.6439e+00   3.8659e+00
 -1.0277e-01   5.8528e-01
 -2.2607e-01  -1.4383e+00
  1.2891e+00  -9.7039e+00
  2.6352e-01  -1.6947e-01
  6.1700e-01  -6.5072e-01
  1.2722e-01   1.2869e-01
  4.5077e+00   2.9305e+00
  5.8804e-01  -2.2743e-01
  2.2848e+00  -1.3176e+01
 -1.5127e+00   1.2549e+00
 -3.2068e-01  -5.5591e-01
 -1.5667e+00  -3.1613e-01
  5.3336e-01   1.1480e-01
 -4.9561e-01  -1.2556e+00
  1.5179e+00   1.0778e+01
  3.4907e-01   1.9850e-01
 -4.6505e+00  -4.3013e+00
 -1.5608e+00  -1.0147e+00
  5.7496e-02   1.4584e-01
  6.0240e-01  -3.8365e-01
 -1.4964e+00  -4.1090e-01
 -1.2836e-01   4.2308e-01
 -1.1476e+00   1.3386e+00
  3.4530e+00   3.8668e+00
 -1.2541e+00  -2.2992e-01
  7.3124e-01   7.1460e-01
  1.0190e+00   9.0292e-01
 -8.0701e-01  -2.3128e+00
 -7.1587e-01   6.1780e-03
 -4.8318e-01  -2.5241e-01
  8.1134e-02  -6.4573e-02
 -3.2247e-01   9.1406e-02
 -2.9112e+00   1.6695e+00
 -9.3922e-01  -2.7672e+00
  1.7906e+00   3.6793e-02
 -2.4374e-01   4.7184e-02
 -4.6673e+00   9.3370e-01
 -4.8243e-02   1.3137e+00
  9.1291e-02   7.4475e-01
  1.4585e-01  -1.0760e+00
  5.4923e-01   3.7537e-01
  2.6430e-01   9.9476e-01
 -8.9450e-01   5.6557e-01
  2.4086e-01   7.0350e-01
  1.7031e+00   2.0695e+00
 -1.6872e-01  -2.4099e-01
 -2.3612e-01  -8.1804e-01
 -8.9745e-01   6.7167e-01
 -1.6478e+00   5.4934e+00
  8.1570e-01   1.5894e+00
  2.4762e+00  -1.2273e+00
 -2.8374e-01   1.0312e+00
  4.1577e-01  -4.4367e-01
  1.7165e+00   1.5495e+00
 -4.2546e+00  -5.4387e+00
  9.0831e-01   1.2914e+00
  4.8996e-01   8.7530e-02
 -9.5353e-01  -4.0330e-01
 -1.5126e-01  -1.0153e+00
 -8.2047e-01  -5.8461e-01
 -1.9268e+00  -2.8515e+00
 -1.0248e+01  -2.1581e+00
  7.7462e+00  -7.0942e+00
 -3.0908e-01  -4.5792e-01
  2.5401e+00  -8.3094e-01
  6.8763e-01   1.8734e+00
 -1.4055e+00   1.5810e+00
  8.3593e-01  -3.9467e-01
  7.2386e-02  -7.5779e-01
  1.1503e-01  -7.5647e-01
  1.4523e+00   2.0832e+00
 -1.2332e+00   4.1327e-02
  3.3062e-01  -3.7234e-01
  5.8413e-01  -9.8542e-01
 -6.2196e-01  -2.6107e-01
 -2.2912e+00   2.2638e+00
 -1.7230e+00   1.7555e-02
 -4.7558e+00  -1.5700e+00
  1.6543e-01   6.8150e-02
  5.8691e-02   1.5517e-01
  4.0632e+00   1.2279e+00
 -1.1689e+00  -1.7147e+00
 -8.1765e-01  -5.0525e-01
  1.0087e+00  -3.6534e+00
 -2.7716e-01  -5.7200e-01
 -5.3468e-01   2.0242e-01
  7.1734e-01   1.7538e+00
 -1.2824e+00  -2.0466e+00
  4.5667e-01   3.7646e-01
 -1.0414e+00   1.7624e+00
  1.3581e-01  -2.2058e-01
  1.6107e+00   5.8306e-01
 -6.8700e-02   3.9559e-01
  1.2522e+00   3.5108e+00
 -2.7237e+00  -2.3865e+00
  3.0037e+00  -1.5581e+00
  2.0309e+00   1.7278e+00
  2.6280e-01  -2.4107e+00
 -1.2132e+00  -7.5059e-01
  1.6515e+00  -5.5720e-02
 -2.7572e-01   4.7330e-01
  2.5493e+00  -1.4096e-01
 -6.3968e-02   3.2211e-01
 -1.5098e+00   9.0305e-02
  3.8808e-01  -1.6709e-01
 -1.5053e+00   2.4587e-01
  1.6640e+00   1.3709e-02
 -3.5052e+00   4.3785e+00
  1.7892e-01  -5.3686e+00
  5.3206e-01   9.9772e-01
 -1.4402e+00   1.5139e+01
 -1.2061e+00   1.2920e+00
  4.6791e-01   5.8288e-04
  6.5692e-01   1.3254e+00
  7.0671e-02   1.2369e+00
 -9.2787e+00   8.0661e+00
  2.1226e-01   5.9186e-01
 -4.4490e-02   5.6604e-02
 -1.1891e+00   1.5593e+00
 -2.6007e-01   1.4071e-01
  3.5638e-01  -5.4622e-01
  3.6486e+00   1.5779e-01
  9.6618e-01   4.9315e-02
 -1.8586e+00   7.5027e-01
 -1.6061e+00  -1.5337e+00
 -2.8755e-01  -6.0495e-01
  8.6677e-01  -4.7048e-02
 -2.0629e+00  -2.5815e+00
 -9.9128e+00  -1.6936e+00
 -5.8190e+00  -1.4327e+00
  4.4016e-01  -1.2365e+00
 -1.7384e-01  -2.2062e-01
  7.3788e-01  -1.4975e+00
  2.3744e-01   2.4487e-01
  1.3474e+00  -3.5268e+00
  2.4239e+00   6.0739e-01
 -1.0683e+00   2.2852e+00
  1.8999e-01   3.1538e-01
 -6.7465e-02   2.6061e+00
  8.1421e-01   1.8918e-01
 -1.7804e+00  -4.4597e+00
  4.5517e+00  -1.2238e+01
  2.3816e-01  -6.7176e-02
 -2.7504e-01   1.6037e+00
  1.2195e+00  -2.9648e+00
 -1.2284e+00   6.5251e-01
  1.3353e+00   2.4952e-01
  7.4225e-02   3.3396e-01
  5.9741e-02   7.0012e-02
  1.9982e+00   7.1205e-01
 -1.9447e-01  -1.0439e-01
  2.9734e-01  -4.6744e+00
  6.7319e+00  -4.8433e-01
 -1.5488e+00  -2.8890e+00
 -4.6920e-01  -1.2708e-01
 -3.5217e+00   7.1992e+00
  1.2642e+00  -1.1656e+00
 -8.7759e-01  -1.9089e+00
 -1.9595e-01   1.8530e+00
  4.1881e-01   4.0117e-01
  4.1071e-01   6.2337e-01
  5.1337e+00  -7.2913e+00
  7.8794e-01   4.4844e-02
  4.8601e-01   9.8266e-01
  2.1420e+00  -1.2015e+00
 -7.2333e-02   4.9810e+00
  4.9801e-01   2.7362e-01
  1.2786e-01   1.9135e-01
  3.4430e-01  -2.1297e+00
 -9.8477e-01   8.6243e-01
  6.2726e-01  -2.0314e-01
  1.9107e+00   6.3946e+00
 -2.5899e-01  -3.0091e-02
 -2.2215e-02  -1.6145e-01
 -1.0961e+01   3.0251e-01
  1.7766e+00   5.9814e-02
 -4.9853e-02  -1.9966e-01
  4.8111e-02  -1.1169e-01
  3.3272e-01   4.0091e-01
  1.0132e-01   6.2521e-01
 -2.2147e-02   7.5451e-01
 -3.6351e+00  -7.6950e+00
 -2.9792e+00  -2.5957e+00
  1.0391e+00  -7.1813e-01
  3.3605e+00   8.7764e-01
  1.0441e+00   9.6046e-01
 -4.9847e-01  -3.1494e-01
  4.3016e-01  -2.3389e-01
  1.0611e+00   5.3183e+00
 -1.4350e-01  -2.3362e-01
 -5.2165e-01  -1.1216e+00
  4.8586e+00  -4.4456e+00
 -7.5501e-01  -4.6626e+00
 -2.5464e-01   1.2127e-01
  8.9626e-01  -9.7308e-01
  3.5853e+00   5.6082e-01
 -1.8100e-01   3.9237e-01
  2.6725e-01   4.4899e-02
 -9.6866e-01  -2.9910e-01
  7.8379e+00  -5.2096e+00
  3.0859e-02  -3.0284e-01
 -1.1279e-01  -1.4667e-01
  2.2715e-01   4.5070e-01
 -8.6102e-01  -1.1313e+00
 -8.0702e-01  -7.3150e-01
  1.0462e-01  -3.5811e-02
  1.3156e+00   4.2278e-01
  1.0959e+00  -3.4149e-01
 -1.6882e+00   1.3011e-01
  1.0957e+00   1.6252e+00
  5.4092e-01   7.9482e-01
 -3.6188e-01   3.7539e-01
 -2.0453e-01  -1.4898e-01
  3.8314e+00   8.7733e+00
 -2.8816e-01   5.6702e-01
 -1.1728e+01  -8.1912e+00
 -6.0093e-03   1.3657e-01
 -4.4119e-01   5.1836e-02
 -1.6202e-01  -2.8585e-01
 -1.7358e-01   2.1822e-02
  6.7013e-01  -5.3312e+00
 -2.4272e+00  -3.5516e-01
  1.1105e-01   3.7252e-01
  3.3262e+00   6.2738e+00
 -1.6277e+00  -3.0842e+00
  6.3953e-01   6.0862e-01
  2.9821e+00  -1.1320e+00
 -2.0532e+00   1.4625e-01
 -5.9557e-01   6.3771e-01
  2.5275e+00   2.5484e+00
 -6.1894e-01   2.6506e+00
  8.3634e-01   1.4315e+00
  6.2149e-01  -7.9738e-02
 -1.0499e+00   2.9971e-01
 -3.1224e+00   9.5691e-01
 -1.7841e-01   4.1024e-01
  1.7541e-01  -1.5199e-01
  8.6090e-01   9.7990e-01
 -1.2947e-01   5.9812e-01
 -7.8825e-02  -5.8519e-01
  1.0150e+00   8.0896e-01
  6.4943e-01   3.9221e+00
  2.9127e+00   8.2582e-02
 -9.4331e-01  -1.1202e+00
 -2.1993e-01  -4.9368e-03
 -4.9798e-01  -6.6924e-01
  1.9876e+00   3.7868e+00
  3.8383e-01  -5.9527e-01
  9.3154e+00   4.5739e+00
 -1.7420e+00  -3.2865e+00
  1.1811e-01  -2.5891e-01
 -6.0993e-01   5.5373e-01
 -1.9146e-01   7.2690e-02
 -1.2300e+00   1.0196e+00
 -1.3169e+00   2.4547e+00
 -5.2925e-01   1.2071e+00
  8.3905e-01   1.3420e-01
  2.1408e+00   1.3520e+00
 -1.0598e+00  -3.1231e+00
 -7.7203e-01   2.5090e-01
  2.1850e+00   2.4050e+00
 -1.2217e+00   7.3307e-02
  8.2659e-01  -1.0750e-01
  1.2404e+00  -9.7445e-01
  1.4680e+00   5.9853e+00
  1.0517e-01   4.0756e-01
 -2.7043e+00   3.1097e+00
  5.3177e+00   1.1170e-01
  1.8812e+00   1.3470e+00
 -8.9879e-01  -1.6257e+00
  9.9968e-01  -1.7084e-01
  7.3972e-01   1.1417e-01
  5.0008e-01   7.1957e-02
 -3.0778e-01  -9.6474e-01
  2.1530e+00   4.5289e+00
  2.7453e-01   4.7324e-01
  3.3194e-01   4.6606e-01
  1.1065e+00   5.1685e-02
 -2.8146e-01  -4.4679e-01
 -4.6076e-01  -3.9429e-02
  1.7220e+00   4.8436e-01
 -1.0943e-01  -8.4070e-02
  4.3227e-01   7.0587e-01
  1.1937e+00   1.3812e-01
 -1.9417e+00   8.0010e-01
  1.8988e+00  -2.8894e+00
 -4.0863e+00  -3.1241e+00
 -5.5844e-01   2.7013e-01
 -1.6745e+00   6.3859e+00
 -6.2967e+00   1.2016e+01
  1.0632e+00  -4.8365e-01
  7.9169e-01   5.7999e-01
  2.1958e-01   1.8055e-01
  1.4385e+00   2.5912e-01
  5.2356e-01   1.2069e+00
  1.3873e+00   4.3343e+00
  7.7767e+00  -5.3947e+00
  1.2936e+00  -6.6466e+00
  3.4051e-01  -1.0602e+00
  1.4056e+00   1.2002e+00
  2.1394e-01  -2.5154e-01
 -4.2333e-01   7.6957e-02
 -5.5224e+00   2.3379e+00
 -1.2220e+00   2.5123e-01
  3.5034e-01   1.9189e+00
 -4.0033e-01   1.6365e+00
 -2.1837e-01   2.9571e-01
 -1.1841e+00  -1.6508e+00
 -6.7822e-01  -5.8038e-01
  1.4109e-01   5.3929e-01
  8.1276e-02   3.7561e-01
  6.6799e-01  -5.8724e-01
 -8.5643e-01   1.5572e+00
  5.1592e-01   6.3524e-01
 -1.8295e+00   1.1656e+00
 -1.2533e+00  -2.0109e+00
  6.2310e-01  -1.7473e+00
 -1.5615e+00   1.1410e+00
 -4.0102e-01  -4.1432e-01
  3.9646e-01  -2.1743e-01
 -7.6134e-01   6.9206e-01
  2.8366e+00  -2.8343e+00
  1.7784e+00   3.4803e+00
 -1.7776e+00  -1.0364e-01
  3.4318e-01  -1.2308e-01
 -7.5878e-01   2.8436e-01
  2.1177e+00  -1.9398e+00
  4.1424e-01  -4.8443e-01
 -1.0743e-01  -8.8432e-02
  2.1093e-01   1.0014e-01
  6.8595e+00  -9.9870e+00
 -1.3667e+00   3.5264e-01
 -3.7031e-01  -4.3431e-01
 -1.5474e-01  -3.0297e+00
  1.0630e+00   2.4090e-01
 -2.3186e-01   2.5164e-01
 -6.6562e+00  -2.6754e+00
 -7.3165e-01   5.7732e-01
  7.1901e-01  -1.5232e-01
  1.8186e+00   2.2989e+00
  1.2654e+00  -5.5672e-01
  3.6672e+00  -1.0868e+00
  6.6031e+00  -2.5612e-01
 -2.1390e+00  -9.9081e-01
 -7.7482e-01   6.2180e-01
  1.1824e-01  -1.1436e-01
 -2.3933e+00  -7.3350e+00
  5.7659e-01   1.9299e+00
 -1.1344e+01   4.8743e+00
 -4.3087e+00   1.1286e+01
  9.8078e-01   1.5888e+00
 -8.2947e-01   8.8345e-01
  5.1332e-01  -3.3694e-01
  6.6089e-01   6.2291e-01
  1.9226e+00   4.8278e-01
 -9.8408e-02  -2.0965e-01
 -1.2017e+00   3.5273e+00
  6.8028e-02   5.6327e-01
 -3.6436e-01  -3.7800e-01
  6.3505e-01   9.5280e-01
  5.4219e-01  -1.0721e+00
  1.1838e+00  -2.0813e+00
  7.0159e+00  -7.8112e+00
  3.4599e-01  -3.5344e-01
 -1.6554e+00  -2.8395e+00
 -6.4300e-01   1.7564e+00
 -1.3533e+00   2.0201e-01
  1.2257e+00   4.2338e+00
  3.8438e-01   8.3253e-01
 -1.0064e+01  -7.4324e+00
 -2.8972e-01  -3.5163e-01
  1.2321e+00   1.0554e+00
  6.1079e-01   1.2920e-01
  2.7080e-01   2.1336e-01
 -2.8773e+00   1.7689e-01
  2.5997e+00  -1.2600e-01
 -1.3908e+00   3.0000e-01
  2.9380e+00  -4.7714e-01
  2.9557e-01  -8.5672e-02
  1.4830e+00   6.2072e+00
 -5.9985e+00   4.3218e+00
  6.6077e-01  -1.5779e-01
 -3.4179e-01  -4.7800e+00
  1.2562e+00   1.9234e-01
 -2.9334e+00  -9.1338e-01
  5.5315e-02  -6.6204e-02
  3.2372e+00   9.9967e-01
  3.9609e-01   3.1662e-01
  4.8102e-01  -1.6847e+00
  9.5939e+00  -9.1546e+00
  1.1666e+00   8.4149e-01
  5.0677e-01  -1.1520e+00
  2.7182e-01  -2.3825e-02
 -8.0726e-01  -2.8671e-01
  1.0553e+00   1.1781e+00
  4.9790e-01  -1.6546e+00
  6.8410e-01  -4.6213e-02
  1.7484e-01  -9.4275e-01
  9.7297e-01   3.5861e-01
 -4.9146e+00   6.5432e+00
 -8.8722e-02   1.7541e-01
 -8.4852e-02   3.9916e-02
 -3.5666e-02  -1.6940e-01
 -9.8310e-01   1.6724e+00
 -5.1707e-01   1.2400e+00
  4.2659e-01   2.7413e-01
 -7.3358e-02   1.8562e+00
 -9.7748e-01  -1.7133e-02
 -2.1768e-01  -5.7101e-01
  1.7926e+00   3.2090e-01
 -6.0590e-02   9.3168e-01
  3.6171e+00  -9.1880e-01
  1.8975e+00  -8.7159e-01
 -1.1372e-01  -4.4401e-01
  6.3847e-01   2.2319e-01
 -1.5807e-01   2.2154e-03
  4.7725e-01   7.3373e-02
  7.1038e-01  -6.2185e-01
 -2.9120e-01   1.2725e+00
  6.3821e+00   1.0241e+01
 -6.8732e-01   7.0456e-01
  8.1849e-01  -9.0058e-01
  3.5737e-01  -2.0836e+00
 -2.1503e-01   1.0722e+00
 -1.0575e+00  -4.4151e-01
  1.2673e+00   2.7665e-01
 -1.0032e+00  -5.1276e-02
  6.2266e-02  -2.6312e-02
  2.7894e-01   2.0456e+00
  1.0271e+00   9.5515e-01
 -4.3563e+00   1.3287e+00
  2.7242e-01   1.1127e-01
  1.9939e+00   4.4036e+00
 -1.2609e+00  -7.0228e+00
 -3.7963e-01  -1.5450e-02
  1.2317e+00   1.6948e+00
 -1.8448e-01   6.1811e-01
 -1.7211e+00   8.3776e-01
  9.7594e-01  -6.4577e-02
 -6.5518e-02   3.6465e+00
 -1.4823e+00  -5.7330e+00
  2.9651e-02  -3.2592e-01
  3.9625e+00   1.1823e+00
 -3.3342e-01   7.3578e-01
 -6.9273e-01  -1.7117e-01
 -9.3466e-02  -2.0988e-01
 -2.9970e+00  -2.7856e+00
  3.6443e-01   5.3031e-01
 -3.6769e-01  -8.8695e-01
  7.2277e-01   2.0595e+00
 -3.7534e-01  -6.0333e-01
  2.9064e+00  -1.8181e+00
  1.5849e-02   7.4202e-01
 -2.4906e-03  -3.6045e-01
  1.8170e+00   6.7856e-01
  3.9285e+00   1.2228e+01
 -3.8152e+00  -1.1637e+01
  1.8915e+00  -2.8720e+00
  9.5867e-02  -3.8210e-02
 -1.1682e-01   2.6907e-01
 -3.7684e-01   1.1724e+00
 -1.8098e+00  -7.7977e+00
 -4.3254e-01  -3.5116e-01
  2.5429e-01  -8.7164e-02
  1.9567e+00   1.1555e-01
 -2.4573e-01   1.7553e+00
  1.6764e-01  -4.0843e-01
