  1.0552e+00  -8.6178e+00
 -3.4052e+00  -1.6235e+00
  5.6194e+00  -5.6717e+00
  9.1702e+00  -2.5650e+00
 -8.2255e+00  -8.2204e+00
 -3.8222e+00  -1.0613e+00
  7.7165e-01  -6.6827e-01
 -4.8436e+00  -5.7901e+00
  5.7994e-01   5.3552e-01
 -8.7701e+00  -4.4021e+00
  6.0090e+00  -7.0891e+00
  2.7170e+00  -6.2160e+00
 -8.3996e-01   5.0687e+00
 -3.8922e+00  -1.6497e-01
 -3.8143e+00  -1.1216e+00
 -6.0963e+00   6.4398e+00
 -4.9790e+00  -2.2528e+00
  1.3513e-01   1.7335e+00
  4.3222e+00  -3.4543e-01
 -7.0999e-01   5.1365e+00
  3.7984e+00  -3.5349e-01
 -1.2410e+00   4.7678e-01
 -1.0158e+00  -2.1529e+00
 -7.1905e-01   8.4599e-01
 -3.1604e+00  -5.2168e+00
 -1.9209e+00   1.5396e+00
  2.0842e+01   5.0472e+00
  6.7206e-01  -8.7357e-01
  1.7821e-01   5.8968e+00
 -7.7431e+00   3.8170e+00
 -6.1865e+00  -5.2160e-01
 -6.1371e-01   9.3039e+00
 -2.2083e+00   2.4895e-01
 -1.7044e+00   1.4649e-01
  8.1563e+00   4.9918e+00
  8.2556e-01   2.7712e+00
  2.3832e-01   2.8031e+00
 -3.3114e+00  -5.0143e+00
 -2.4238e+00   4.3505e+00
 -3.4695e+00  -1.0018e+00
 -1.5656e-01   4.1766e+00
  4.7256e-01  -1.7172e+00
 -3.2220e+00  -6.3715e-01
 -3.1176e+00  -1.2440e+00
  5.5685e-01  -1.4588e+00
 -5.2267e+00   2.7248e+00
 -9.2500e-01   6.1571e+00
 -5.6116e-01  -8.0931e+00
 -3.0021e+00   1.3180e+00
  5.3089e+00   4.7071e+00
  6.0669e+00  -3.2989e+00
 -3.7651e+00  -1.1107e+00
 -6.3843e+00  -2.1538e+00
  3.3715e+00   2.9883e+00
 -7.3215e+00  -1.4858e+00
  4.2284e-01   2.4336e+00
 -1.4346e+00   5.5234e+00
 -2.5081e+00   5.4004e+00
 -5.5928e+00   3.8989e+00
 -1.6917e+00  -4.9728e-01
  4.7116e+00  -2.2598e+00
  1.7669e+00   4.8519e+00
  1.7617e+00  -4.0817e+00
 -2.5096e+00  -3.8374e+00
  3.4584e+00  -3.0514e+00
 -6.1713e+00   5.9253e+00
  8.5727e+00   3.0310e+00
  8.6471e+00   2.4348e+00
  9.8657e+00  -2.7166e+00
  4.3152e-01  -3.3756e+00
 -1.6905e+00  -7.1681e+00
 -9.0468e+00  -3.6372e+00
  2.8346e+00  -8.4634e+00
 -1.4218e+00   3.9367e+00
  5.9461e+00   5.6439e-01
  1.7076e+00  -3.1156e+00
 -7.4054e+00   7.8889e-01
  7.4125e-01   2.0825e+00
  4.2173e+00  -2.1663e-01
 -1.6069e+00   1.0614e+00
 -4.0058e+00   2.5173e-01
  2.5783e+00   3.9925e+00
  5.7751e+00  -2.5577e+00
  8.4518e-01  -5.2165e+00
 -2.4738e-01   1.7540e+00
 -6.3441e+00   1.1821e+00
 -8.4346e-01   6.3390e-01
 -3.8979e+00   2.5846e+00
  9.4210e+00   9.5437e-01
 -1.6544e+00  -7.6127e+00
 -5.3980e+00   2.7606e+00
 -6.3255e+00  -2.7907e+00
  8.5695e+00  -2.0446e+00
 -1.8428e+00  -6.1732e+00
  2.4776e+00   4.0700e-01
  8.3786e+00  -2.8208e+00
 -3.5895e+00   1.0043e+00
  2.2900e+00  -5.0791e+00
  4.3475e+00  -5.8810e-01
  2.3143e+00  -7.9582e+00
  2.5558e+00   3.2994e+00
 -1.2813e+00  -8.2218e+00
 -2.7239e+00  -6.9211e+00
  8.1128e+00  -4.3129e-01
 -2.3050e+00   1.3673e-01
 -2.9774e+00   5.1147e+00
 -2.1052e+00  -1.9390e+00
  2.0579e+00   4.1528e+00
  7.0869e-01  -5.3806e-01
 -5.5183e+00   3.1739e+00
 -2.0607e+00   7.3455e+00
 -2.5468e-02   3.9589e-01
 -7.7272e+00   5.6969e+00
  1.1841e+00   6.0284e-01
 -1.7403e+00  -1.1683e+00
 -2.1867e+00   6.6231e-01
 -7.5437e-01  -1.0503e+00
 -4.9713e+00  -8.2505e+00
 -5.0644e+00   6.8225e-01
 -3.5428e+00   5.4293e+00
  1.9877e+00  -4.6420e+00
  2.6254e+00  -6.7678e+00
  2.9799e+00  -4.1775e+00
 -4.0161e+00   8.6560e-01
  9.4612e+00  -1.8747e+00
 -3.7864e-01   3.8557e+00
  2.2951e+00  -1.0387e+00
 -3.2732e+00   7.2434e+00
  2.0786e+00   9.6745e+00
 -1.9416e+00  -1.4496e+00
  5.0181e+00  -2.4297e+00
 -3.4307e+00   2.6519e+00
 -6.6410e-01   7.4390e-01
 -2.0633e+00  -1.5953e+00
 -3.8974e+00   7.3025e+00
  5.2690e+00  -1.2050e+00
 -3.4279e+00   9.2590e+00
  2.9204e+00  -6.8152e+00
 -8.7519e+00   9.5021e-02
  1.3041e+00  -2.7458e-01
  5.6181e+00   5.6627e+00
 -6.3666e+00  -4.1822e+00
  1.5057e+00  -4.9820e-01
  1.6264e+00  -2.0907e+00
 -8.1888e+00   5.4563e+00
 -4.8306e+00  -6.9068e+00
 -3.3261e+00   1.2601e+00
  4.0455e+00   8.6774e+00
 -2.8645e+00   2.5691e+00
  8.9971e+00  -5.8699e-01
 -3.3427e+00  -1.1569e+00
  1.7034e+00  -3.7843e+00
 -1.2221e+00  -1.9557e+00
 -2.9941e+00   5.3924e+00
 -1.0881e+00   4.4407e+00
  3.9820e+00   6.7662e+00
 -5.3615e+00   6.2044e+00
  2.2272e+01   9.9061e+00
 -6.3190e+00  -2.1670e+00
  5.2998e+00   4.8088e+00
 -6.1351e+00  -2.4725e+00
  9.2203e+00   2.1349e+00
 -7.5394e+00  -1.7541e+00
  4.0340e+00   3.6212e+01
 -6.7260e-01   6.1502e-01
 -3.4174e+00   1.2067e+00
 -3.0611e+00  -2.5245e+00
 -4.2196e+00   6.1712e+00
  2.3524e+00   4.3039e+00
  1.2140e+00   3.6918e-01
 -6.9807e-01  -8.4194e+00
  1.4550e+00   1.0578e+00
 -1.7199e-02   5.9426e+00
 -7.2838e+00   6.1520e+00
 -3.1154e+00  -3.9257e+00
 -4.4498e-01  -5.1907e+00
 -2.1335e+00  -8.2358e+00
 -6.6718e-01   6.0966e-01
  2.6666e+00  -1.8328e+00
  1.8015e+00   3.4239e+00
  2.2109e+00   1.5808e+00
 -7.5074e+00  -7.9341e-01
 -1.6866e+00  -9.6263e-01
  3.4542e+00   2.2952e-01
 -7.3118e+00   5.0259e+00
 -5.2585e+00  -5.1964e-01
  2.5876e+00   1.1059e+00
  4.3083e+00   5.4816e+00
  2.0238e+00   4.9041e+00
  1.7597e+00   1.6655e+00
 -1.7525e+00  -5.0426e+00
  5.0891e+00  -2.8233e+00
  3.9439e+00  -5.8924e+00
 -5.7817e+00   4.4214e+00
 -4.9729e+00   4.0586e+00
 -9.7677e+00  -7.2354e-01
  3.3677e+00  -7.1326e+00
 -1.0574e+00  -1.8828e+00
 -2.3638e+00  -4.5675e+00
  7.0333e+00   5.5619e+00
  2.8686e+01  -2.5348e+01
 -8.3823e+00   2.2630e+00
  5.9552e+00  -2.5057e+00
  1.0499e+00  -8.5206e-02
  1.8675e+00  -4.0969e-01
  9.1485e+00   2.4060e+00
  1.6346e+00   3.2176e+00
  3.2424e+00  -4.9229e+00
  5.8634e+00   3.1379e-01
  3.4887e+00   7.5932e+00
 -1.2910e+00  -9.6307e+00
 -3.5004e+00   4.6961e+00
 -2.8287e-01   3.5516e-01
  6.0909e-01   3.6280e+00
  9.4664e-01   5.3833e-01
 -7.1632e-01   4.6654e+00
 -4.8082e+00   4.3658e+00
 -8.1771e-01   7.7334e-01
  2.7900e+00   4.2603e+00
 -3.8596e+00   6.5821e+00
 -1.5049e+00  -5.5873e+00
 -1.3275e+00  -9.6090e-01
  2.6272e+00   1.9705e+00
  7.2803e-01  -1.8607e+00
  1.2340e+00  -1.6343e+00
  1.6515e+01   5.0207e-01
  1.3404e+00  -5.9470e+00
  3.9534e+00   3.3299e+00
  4.7474e-01  -9.9071e-01
  2.3702e+00   6.2901e+00
  2.1564e+00   2.8426e+00
  1.9727e-01  -1.7147e+00
  8.1826e+00  -4.8688e+00
 -6.6971e-01  -4.7635e-01
  2.2502e+00   8.9016e-01
  3.7445e+00  -2.2179e+00
  3.4589e-01   8.0398e+00
 -8.3259e+00  -2.4312e+00
 -2.8632e+00   5.2667e+00
 -3.5311e+00  -7.7688e+00
 -6.4949e+00   2.8498e+00
  9.0567e+00  -9.9101e-01
 -4.2673e+00   2.8692e+00
  1.8596e+00  -4.6191e+00
  4.2672e+00   8.5966e-01
  3.6369e-01  -6.3506e-01
  1.6304e+00  -5.5894e+00
 -2.4133e+00   5.8418e+00
  7.5452e+00  -2.0359e+00
  6.2346e+00  -5.8943e+00
  2.2408e+00   1.4607e+00
  1.0768e+00  -1.1025e+00
 -3.5685e+00  -2.2186e-01
 -5.6969e+00   4.1090e-01
  2.9450e+00   1.4168e+00
 -2.5948e+00  -8.7756e+00
 -1.4558e+00   4.1873e+00
  3.5976e+00  -5.9077e+00
  2.2033e+00  -1.6405e+00
  3.0448e+00   3.8173e+00
  1.3744e+00  -5.0278e+00
  6.6804e-02  -6.0967e-01
 -2.3365e+00  -4.8610e+00
  3.5548e+00   1.4113e+00
 -7.4027e+00  -5.1511e+00
  2.6596e+00   5.1637e+00
  2.7255e+00   6.6935e+00
 -7.1681e-01  -6.5640e-02
 -6.9605e+00   4.9832e+00
 -2.0283e+00  -6.0169e+00
 -1.3561e+00   6.6989e+00
 -1.2690e+00   6.6456e+00
 -6.0137e+00   3.4862e+00
  2.7060e+00  -3.5312e+00
  5.6928e+00  -2.2913e+00
  1.8375e+00  -2.5912e+00
  1.6550e+00  -6.7132e+00
 -2.8686e+00   9.3124e+00
 -4.2546e-01  -4.7626e-01
  1.1423e+00   7.4293e+00
 -2.0004e-01   4.0395e+00
  5.7737e+00  -3.1259e+00
  1.3754e-02  -2.8733e+00
  2.4492e+00   1.7497e+00
 -6.6076e+00  -7.1464e+00
  9.3733e+00   1.9383e+00
  1.2658e+00   1.1412e-01
 -6.2617e+00  -4.8068e+00
 -2.3731e+00   1.7517e+00
  6.7816e+00   6.3340e+00
  7.5645e-02  -1.3651e+00
  4.6826e+00  -1.9387e+00
  2.8742e+00  -7.0962e-01
  7.5964e+00  -5.0328e+00
  1.0584e+00  -1.2828e-01
  5.5731e+00   4.7210e+00
 -1.8303e+00  -3.5101e+00
 -3.2909e+00   1.6767e+00
 -1.5359e+00   2.3459e+00
 -2.4709e-02  -1.2256e+00
 -4.2763e+00   4.8782e+00
  7.3320e+00   5.9264e-01
  1.9897e+00  -3.1451e+00
 -2.1842e+00   2.1443e+00
  4.1615e+00  -3.4410e+00
 -6.3369e-01   7.3734e-01
 -4.6590e-01  -9.8222e+00
  6.9565e+00   3.3626e+00
  4.0393e+00   2.2352e+00
  1.0392e+01   2.9945e-01
  6.3628e-01   4.1453e-01
  5.4119e-01  -8.8893e-01
  7.7186e-01  -2.4083e-01
 -6.6785e+00  -1.3242e+00
  1.5340e+00   2.8470e+00
  5.0929e-01   1.1945e+00
 -1.9064e+00   6.7124e+00
 -6.4273e-01   2.3914e+00
  1.3546e+00  -4.1649e-01
  2.3254e+00  -1.9243e+00
 -1.2895e+00  -1.0150e+00
  3.1935e-01  -3.7331e+00
  9.2408e+00   3.5097e+00
 -6.2453e+00   3.8125e+00
 -2.8958e+00  -2.5215e+00
  1.9454e+00  -9.6796e+00
 -5.6860e+00   5.6992e+00
  4.8593e+00  -3.9992e+00
 -3.3918e+00   5.1913e+00
  4.6898e-02  -2.6618e+00
 -2.4771e+00   8.1610e-01
 -1.7248e+00   9.7070e-01
 -5.3931e+00   1.5121e+00
 -5.2374e+00  -8.6998e-01
 -1.8202e+00  -1.1235e+00
  3.5967e+00  -2.8868e+00
  7.0369e+00   2.7820e+00
 -2.8703e+00  -6.2475e+00
  6.6110e+00   4.7774e+00
  5.6574e-01   3.0823e+00
 -3.8691e-01  -4.6055e+00
 -6.5044e-01  -3.3648e-01
  8.3981e+00  -3.8773e-01
 -2.6536e+00   2.7947e+00
  8.7097e-01  -2.6401e-01
  2.7952e+00  -4.1812e+00
  4.2741e-01   2.6657e-01
 -3.9857e-01   2.3046e+00
 -8.1521e+00  -1.0152e+01
  4.6478e+00  -1.0297e-01
 -8.1502e-01   6.4451e-03
  3.5386e-01  -9.6493e-01
 -5.9333e-01   6.3964e-01
  3.9918e-01  -9.1735e-01
 -4.8426e+00   1.0228e+00
 -1.7035e+00  -8.8635e-01
  7.5429e+00   3.0297e+00
  5.0285e-01   3.0985e+00
 -2.8231e+00   2.2712e+00
  8.9255e-01   4.6984e+00
  2.0570e+00  -1.7413e+00
  7.6143e-01  -7.2486e-02
  1.7419e+00  -3.7068e+00
 -9.6943e+00  -1.1697e+00
  3.4457e+00  -3.7486e+00
  9.7671e-01  -1.6440e+00
 -3.1073e+00  -7.9406e+00
  2.4729e+00   6.0649e+00
 -3.3322e+00   7.5463e+00
  1.1623e+00  -6.4271e+00
  4.8144e+00   7.9861e+00
 -8.4901e+00  -3.0136e-01
  8.7197e-01   3.5138e+00
  1.0589e+00   6.9911e+00
  2.6602e+00  -3.0516e+00
 -2.2975e+00   7.8864e+00
 -4.7347e+00   5.0871e+00
 -3.7394e+00   1.1128e+00
  9.3713e-01  -1.4185e-02
 -8.1317e+00  -7.4221e-01
 -5.3078e+00   4.8036e+00
  5.0035e+00   7.0042e+00
  1.6983e-01  -2.5161e-01
  7.1290e+00   2.7749e+00
  2.1077e+00   6.3363e-01
  4.4116e+00  -2.8247e+00
  1.3699e+00   2.2496e+00
  2.6044e+00   1.0658e-01
  9.2555e+00   1.3373e+00
 -2.2226e+00  -6.6581e+00
  1.4920e+00  -2.5255e+00
  6.6331e+00  -4.4557e+00
 -5.3260e+00   8.1598e+00
  5.1063e+00   2.9617e+00
  2.5136e+00   6.1529e+00
 -2.3793e+00  -3.9087e-01
  1.7045e+00   3.6533e+00
  3.8280e+00  -1.8643e+00
  8.6060e+00   2.0075e+00
 -7.4437e+00   6.6926e-01
 -1.6768e+00  -3.4712e+00
  4.3420e-01  -2.6403e-02
  1.7432e+00   5.9178e-01
  2.2836e+00  -1.4421e+00
  9.1445e+00   2.3994e+00
  4.4385e+00  -5.5373e+00
  2.4068e+00  -5.2720e+00
  6.5292e+00  -4.9895e+00
 -3.1664e+00   2.7076e+00
  4.4109e+00  -4.6516e+00
 -4.7949e+00   1.5085e+00
 -6.4023e+00   5.1354e+00
  4.5729e-01  -3.8492e+00
 -2.0803e+00  -4.0220e+00
  2.5718e-01  -6.8165e+00
  6.6205e+00  -2.1199e+00
  1.8027e+01   2.1442e+01
  1.5887e-01  -7.0998e-01
 -1.8816e+00  -3.6542e+00
  2.7356e-02   2.8595e+00
  4.6880e+00   3.9088e+00
 -1.9804e+00   4.1492e+00
 -5.8656e-01  -9.8345e-01
  1.8614e+00  -8.1775e+00
 -1.3731e+00  -1.0337e+00
  3.2802e-01  -5.5973e-03
  1.9328e+00  -6.4248e-01
 -2.4378e-01  -2.9938e-01
 -7.2982e+00   2.4391e+00
  1.9719e+00  -2.5688e+00
 -2.4251e+00  -2.2586e+00
  1.9930e+00  -9.0919e-01
  2.5276e+00   5.1059e+00
 -3.2089e-01  -3.5092e+00
 -2.2438e+00   6.0360e+00
 -6.4966e+00  -2.8532e+00
 -2.6148e+00  -3.8786e+00
  2.2944e+00   4.8786e+00
 -1.7423e+00  -9.3777e-01
 -5.8112e+00   6.3084e+00
 -2.3900e+00   8.0481e+00
  4.2699e+00   1.6401e+00
  8.6670e-01  -6.6062e-01
 -5.5675e+00   8.4003e-01
  2.0655e+00   4.5121e+00
  5.5564e+00  -6.0812e-01
  2.9815e+00  -3.5408e-02
  3.5189e+00   1.9278e+00
 -1.6761e+00   4.8205e+00
 -8.8696e-01   8.3450e-01
  6.7287e+00  -3.9248e+00
  7.7694e+00  -4.5675e+00
  7.2118e-01   8.6055e+00
 -5.0066e-01   7.3644e+00
  4.0327e+00   1.8561e-01
 -4.2836e+00   2.1272e+00
 -5.7447e+00   1.5457e+00
 -5.3857e+00   1.2510e+00
 -8.5928e+00  -2.6311e+00
 -1.4525e+00  -2.5186e+00
  4.1894e+00  -5.2830e+00
  1.3103e+00   1.6482e+00
 -1.9540e+00   7.5589e+00
 -2.1961e+00   4.5479e-01
 -4.7412e-01  -4.4762e-01
  2.8494e+00  -5.7431e+00
  7.9794e+00  -1.2622e+00
  8.5426e+00  -1.5405e+00
  2.4081e+00  -4.8207e+00
  4.6034e-01  -2.5019e+00
 -7.3290e-01   1.4134e+00
  1.2185e+00   1.0681e+00
  4.2242e+00   5.0148e+00
 -5.3400e+00  -7.8155e+00
 -2.4962e+00  -1.0588e+00
  4.9919e+00  -5.4560e+00
 -4.2922e+00   5.5165e+00
 -4.5332e+00   6.6091e+00
  4.9327e+00  -6.9022e+00
 -3.1914e+00   1.8944e+00
 -2.7159e+00  -1.1748e+00
  5.2331e+00   4.9195e+00
  1.8865e+00  -3.4954e+00
 -1.1199e+00   4.3740e+00
  3.7039e+00  -5.8473e+00
  2.6630e+00   1.8054e+00
 -7.8255e+00   1.3310e+00
 -1.0107e+00   3.3856e+00
  2.3284e+00   1.7775e+00
  6.4538e+00   1.0375e+00
  2.8519e+00   1.4688e+00
  1.1661e+00  -5.8376e+00
 -2.9385e+00   3.5889e+00
 -5.9936e+00   3.3364e+00
 -1.1154e+00   5.1650e-01
  8.9030e+00  -2.7154e-01
  7.4895e+00  -5.6266e+00
 -4.6306e+00   5.6831e+00
 -6.0217e+00  -7.2075e-01
  8.2577e+00   1.3778e+00
 -4.0848e+01  -1.6074e+02
 -3.5752e+00  -3.2675e-01
  1.0758e+01   4.9774e-04
 -1.3471e+00  -3.5858e+00
  1.5177e+00   6.4331e+00
  3.4262e+00  -3.7789e+00
 -7.4413e+00  -2.9019e+00
  2.7485e+00   1.9488e+00
  3.7494e+00   3.4935e-01
  5.7366e-01  -6.1254e-02
 -2.0473e+00   4.8604e-01
  5.7972e+00   7.9834e+00
  8.0742e+00   3.4249e-01
  1.2909e+00  -5.3202e+00
 -5.5102e+00  -2.1287e+00
 -2.3879e+00  -4.8749e+00
 -9.5906e+00  -1.2643e+00
 -2.0780e+00   3.2853e-01
 -1.3867e-01   3.1429e+00
 -4.5118e+00  -6.4330e-03
 -4.1075e+00   2.7082e+00
 -5.8970e-01   1.1852e+00
 -6.5510e+00  -7.1346e+00
 -2.1472e+00   4.3550e+00
 -1.4636e-01  -2.2666e+00
  4.0101e+00  -7.0518e-01
  3.1026e+00   4.0460e+00
  9.3183e+00   1.7303e+00
  3.5181e+00   6.8307e-01
 -4.9355e+00  -7.0467e+00
 -4.4716e+00   2.5670e+00
  5.5395e+00   3.1199e+00
 -1.6410e+00  -2.1662e+00
  2.6135e-01  -1.6497e+00
 -3.7385e+00   5.0060e-01
  5.0406e-01  -1.8299e+00
  5.3346e+00  -4.2454e+00
  3.3112e-01   3.2106e-01
  5.4547e-01  -2.0654e+00
  4.4087e+00  -2.2072e-01
 -4.6132e+00  -2.2180e+00
  1.3304e+00  -4.0288e+00
 -4.4443e+00  -7.9558e+00
  5.9812e-01  -3.3222e+00
  6.3763e-01  -9.9479e-01
 -2.5644e+00   6.6528e+00
 -4.7355e+00  -8.3163e+00
  2.5017e+00  -3.4638e+00
 -1.6295e+00  -2.4593e+00
 -2.8568e+00   5.0464e+00
  4.3707e+00  -2.3211e+00
  1.4044e+00   4.6247e+00
  5.5429e+00  -6.6489e+00
 -5.7219e+00   6.2073e+00
 -5.7090e+00  -4.3817e+00
  6.5663e+00   1.3879e+00
  5.8720e+00   4.0707e+00
 -6.2729e+00  -7.6359e+00
  4.7285e+00  -1.5544e+00
  1.3884e+00   4.6508e-01
  1.5363e+00  -3.0718e+00
 -8.5201e+01  -1.7271e+02
 -2.3842e-01   3.6014e-01
 -2.5746e+00  -6.6353e-01
  3.7027e+00  -4.0341e+00
 -5.1226e+00  -2.6596e+00
 -5.3233e+00  -2.1862e+00
  5.8601e-01  -5.3742e-02
  1.6176e+00  -1.3313e-01
 -6.6907e+00  -1.4498e+00
  6.5269e+00   3.5980e+00
 -5.3974e+00  -3.1058e+00
  7.9024e+01   9.0185e-01
  1.7754e-01   1.2841e+00
 -4.5004e+00  -2.6115e+00
  3.8953e+00   5.4393e+00
 -3.0187e+00  -8.8557e+00
  4.8197e-01  -3.0051e+00
  5.3025e+00   3.0374e+00
  2.6119e+00   3.0491e+00
 -1.2708e+00   1.1313e+00
  8.0117e+00   4.0057e-01
 -3.8055e+00  -1.0020e+00
  4.3686e+00  -2.7896e+00
 -1.3338e-01   8.8981e-01
  2.8149e+00   4.0086e+00
  3.6250e+00   1.8219e+00
 -4.3024e+00  -1.9077e+00
 -6.6899e+00   1.9436e+00
 -1.7952e+01  -1.5894e+01
 -3.7479e+00   8.7388e+00
 -3.7784e-02  -1.0942e+00
 -2.7153e+00   4.7285e+00
 -1.1929e+00  -4.9675e-01
  2.7388e+00   2.3187e+00
 -8.4011e+00  -6.0409e-01
 -1.5514e+00   4.7830e+00
 -2.8789e+00   8.2549e+00
 -1.2183e+00  -1.6606e+00
 -2.9082e+00  -1.0845e+01
  2.9222e+00   5.4959e+00
  4.8357e+00   5.4278e+00
  1.7132e+00  -5.8732e+00
 -8.1209e+00  -1.4918e-01
 -3.9352e+00   3.0730e+00
  2.4116e+00  -7.1009e-01
 -6.0196e-01  -2.7920e-01
  3.6097e+00   6.1133e+00
  5.4998e+00   1.4825e+00
 -5.2208e+00  -8.2346e+00
 -6.6792e-01   3.6637e+00
  5.6940e+00  -6.6579e+00
 -3.6339e-01   8.4185e-01
  1.7129e+00  -6.2880e-02
  7.5939e-01  -4.0103e-01
 -5.7570e+00   1.8445e+01
 -4.0865e+00   2.6788e+00
  6.4645e+00   7.2840e+00
 -6.3069e+00  -5.6646e+00
  4.0245e+00   5.4892e+00
 -1.7636e+00  -3.2372e+00
 -5.9908e+00  -1.9125e+00
 -6.5870e+00  -4.6978e-01
 -1.1178e+00   3.3836e+00
  3.9173e+00  -3.3541e+00
 -1.7024e+00  -1.8921e+00
 -3.6541e+00   3.1878e+00
 -4.1013e+00   5.7209e+00
 -7.2900e+00  -3.1965e+00
 -2.6214e+00  -5.3693e+00
 -3.4246e+00  -5.5215e+00
 -3.0907e+00  -5.8619e+00
 -4.6358e-01  -3.1636e+00
  2.2357e+00  -8.0439e+00
 -5.0783e+00  -5.3825e+00
  5.1704e+00   1.8026e-02
 -2.0504e-01  -2.2296e+00
  6.1360e-01  -7.4802e-02
 -1.4706e+00   9.4600e+00
 -6.9884e-01   5.0501e-01
  3.8427e+00  -1.2746e-03
  1.7264e+00  -6.6270e+00
 -3.2420e+00  -4.8047e+00
  3.8843e+00   3.4519e+00
 -7.8304e+00  -1.6565e+00
 -1.2478e+01   8.5253e+00
 -4.4078e+00  -4.2420e+00
 -5.2501e+00   1.6193e+00
  2.1880e+00   1.4262e+00
 -2.5476e+00  -2.2708e+00
 -8.8650e+00   3.1787e+00
  2.3223e+00   3.4206e-01
  4.5845e-02   2.1357e+00
  3.7570e+00   1.7909e+00
  1.1850e+00   3.1758e+00
 -9.5713e+00  -1.1306e+00
 -3.8556e+00  -1.5344e+01
 -1.2998e+00   1.2633e-01
  7.8008e+00  -1.9259e+00
 -1.6720e+00  -3.1805e+00
 -7.8790e-01  -2.5501e+00
  2.9614e+00  -4.0972e+00
 -1.4004e+00  -2.1600e+00
 -9.2249e-02   8.3462e-01
 -9.1901e-01  -3.4824e-01
  2.5702e+01   2.3785e+01
 -6.2444e-01   1.0113e+01
  7.7403e+00   1.7614e+00
  1.4518e+00   3.3493e+00
 -3.2304e-01   1.9002e+00
 -3.4799e+00  -3.8871e+00
  6.0169e-01   1.6574e+00
  5.4520e+00  -8.0442e-01
 -4.1312e+00   2.5472e+00
 -2.9124e+00   7.1315e+00
  1.3279e+00   2.4676e+00
 -4.0346e+00  -3.2275e+00
  5.5066e+00  -7.8864e+00
  8.1513e-01  -1.0199e-01
 -4.3694e+00   3.1335e+00
  3.0769e+00  -8.2297e+00
 -7.6033e+00  -1.7318e+00
 -1.3320e+00   4.5785e+00
  5.9224e-01  -3.2381e-02
 -1.9225e+00  -2.2600e+00
  2.8171e+00   5.0199e+00
  4.4727e-01  -9.2732e+00
 -3.6006e+00  -1.5324e+00
  8.3838e+01   1.7393e+02
  6.6043e-01   3.0608e+00
  6.3165e+00   6.9031e+00
 -5.7005e+00   3.1046e+00
  1.6989e+00   4.5869e+00
  1.8034e-01   4.8576e+00
 -2.1556e+00   7.4780e+00
  1.2725e-01   3.6840e-01
 -1.1945e+00   2.8440e+00
 -5.1017e+00   1.0920e+00
 -4.4846e-01  -1.7209e+00
  6.1055e+00   4.6812e+00
  1.1741e+00   5.3580e-01
  1.1499e+00   1.6299e-01
 -4.9355e+00   7.1757e-01
 -8.8141e+01  -3.4055e+00
 -3.2559e+00  -3.2241e+00
  1.7078e+00   9.4370e+00
  1.3987e+00  -5.6521e+00
  1.4254e-01   2.1774e-01
  2.6961e+00  -4.1805e+00
 -2.3923e+00  -1.3161e+00
 -4.2829e+00   3.1190e+00
  3.5188e-01  -6.2282e-01
 -7.3960e+00  -3.2062e+00
 -9.1629e+00  -3.3650e+00
 -8.6828e-02   3.7516e-03
 -1.5854e+00   4.4688e+00
  7.5578e+00   1.5648e-02
 -2.3307e+00  -3.1594e+00
 -9.2024e+00   5.6161e-01
  1.3503e+00  -2.8733e+00
  3.1564e+00  -4.4146e+00
  1.3704e+00  -2.7730e+00
 -7.4582e+00   4.1160e+00
  6.2801e-01   5.0028e-01
  7.1465e+00   4.9479e+00
  7.1794e+00   5.6326e-01
  4.7297e+00   3.9618e+00
  9.2051e-01  -6.6292e-01
 -2.5090e+00  -1.8476e+00
  5.0777e+00  -4.5265e+00
 -1.2242e+00   2.2223e+00
 -7.9711e+00   2.3579e+00
 -2.6969e+00   1.0778e+00
 -5.6018e+00   3.1305e+00
  9.7381e-01  -2.2568e+00
 -7.1115e+00  -3.6290e+00
 -4.3567e+00  -4.0010e+00
 -7.6429e+00   1.7463e+00
 -5.0952e+00  -6.5695e+00
  2.3585e+00   4.0836e+00
  4.8874e+00   2.4566e+00
  1.7246e+00  -6.5932e+00
 -1.0313e+00   6.1475e-02
  7.0879e-01   1.8580e+00
 -3.5514e+00  -4.3347e-01
 -1.7849e-02  -2.5089e+00
  7.1100e-01  -1.4554e+00
  2.9563e+00   1.6845e+00
  2.1270e+00   5.1855e+00
  2.4197e+00   1.7787e+00
  6.1616e+00  -1.6829e+00
  1.5166e+00   1.8173e+00
 -2.5275e+00   9.5131e-01
  7.4310e+00  -6.2033e-02
 -3.2536e+00  -2.6239e+00
 -8.4660e+00  -1.1119e+00
 -6.6948e+00  -6.7305e+00
  4.2807e-01  -3.9852e-01
 -1.2573e+00   1.3574e+00
 -2.8356e+00  -4.7411e+00
  2.5469e+00   5.0167e+00
  6.0929e-01   3.4577e+00
  7.0725e+00   2.3591e-01
  3.7251e+00   1.1323e+00
  3.1705e+00  -8.8968e-01
 -3.1453e+00   6.8992e-01
  2.1430e+00   6.2978e-01
  7.5954e-01  -5.1617e+00
 -5.7655e+00   6.9812e+00
  3.8052e+00  -1.1719e+00
  7.9134e+00   1.7832e+00
 -2.8320e+00  -2.4153e+00
  1.8553e+00   3.0307e-01
 -4.4491e-01   2.7403e+00
  4.1872e+00   6.0843e+00
  1.8892e+00   5.5686e+00
 -8.1878e+00   2.1056e+00
  1.0731e-02  -4.8438e+00
 -2.1112e+00  -1.4048e+00
 -2.7865e+00   4.6716e+00
 -7.6403e+00  -2.4872e+00
 -1.4220e-01   2.9627e-01
  7.0430e+00   2.2237e-01
 -1.7726e+00   1.5643e+00
  9.1347e-01   6.5475e-01
  1.3906e+00   5.9273e+00
 -3.8443e+00  -5.2993e+00
  5.2080e+00  -2.9154e+00
 -3.7901e-01  -5.7944e+00
  2.9596e-01  -2.9619e+00
 -1.3531e+00  -9.5864e-01
 -6.1325e+00  -1.9087e+00
 -3.3192e+00   5.2221e+00
 -1.6259e+00   7.0114e+00
 -2.4844e+00  -4.0608e+00
 -2.0621e-01   3.1053e+00
  4.8511e+00  -3.9766e+00
 -2.1655e+00   4.2688e+00
 -4.1647e+00  -7.2019e-01
 -2.9234e+01   2.7363e+01
 -8.2758e+00  -5.4858e+00
 -8.1015e+00   3.0379e+00
  1.6313e+00   1.8543e+00
 -1.9585e+00   1.2467e+00
 -3.2937e+00   1.2503e+00
  1.1037e+00  -3.8295e+00
  4.3289e+00   3.8909e+00
 -4.2818e+00   8.1963e+00
  1.8669e-02   1.9661e-01
 -2.6476e+00  -7.5001e+00
  1.0288e+00  -1.0656e+00
 -1.5892e+00   9.5501e+00
  1.9322e+00  -2.2278e-01
 -7.3899e+00  -1.4388e+00
  2.8180e+00  -1.2984e+00
  1.5195e-01  -8.4786e+00
 -1.7195e+01  -1.8810e+01
  5.0769e+00   3.5220e+00
  6.2282e+00   4.4833e+00
  1.4808e+00   5.0197e+00
  3.3376e+00  -4.7711e+00
 -6.7072e+00   3.5810e+00
  5.5657e+00  -2.4774e+00
 -2.0928e+00  -7.4351e+00
  6.7200e+00  -5.3863e-01
  2.2210e+00  -2.0585e+00
  6.7752e+00  -2.9018e+00
 -1.9942e+01  -4.9721e+00
 -9.0234e-01   1.5020e+00
 -1.9864e+00   3.6491e-01
  8.0548e+00   5.4810e+00
 -3.8899e+00   9.5549e-02
  6.3443e+00  -5.9959e+00
 -2.8403e+00   4.1632e+00
  5.2593e+00   2.7440e-01
 -2.5045e+00   2.1197e-01
 -4.1957e+00   5.6013e+00
 -2.4165e+00   2.8132e+00
  2.2140e+00  -2.6769e+00
  3.8368e+00   4.9800e+00
 -3.0608e+00   4.8647e-01
  8.8935e+00   5.3960e-01
 -9.2001e-01  -2.5978e+00
 -5.6211e+00  -6.3978e+00
 -1.9326e+00  -6.1034e+00
  2.3544e+00   5.7230e+00
  2.1062e+00   1.4878e+00
 -6.7318e+00   4.6213e+00
 -6.2831e+00  -3.4953e+00
 -2.8406e+00   1.2101e+00
 -6.8427e+00   5.9963e+00
 -3.0563e-01   8.8979e+00
  3.9286e+00   1.9046e+00
 -3.8793e+00   1.2271e+00
 -3.1461e+00   1.3179e-01
  5.7008e+00   1.4169e+00
  4.4779e-01  -3.3566e+00
  1.6852e+00  -4.1328e+00
  2.5043e+00   3.5891e+00
  3.9994e+00  -5.1973e+00
  7.9866e+00   3.2235e+00
  2.0650e+00   3.7285e+00
 -2.0420e+00   8.4897e+00
 -3.5794e+00   5.9254e+00
  4.3970e+00   5.7810e+00
 -1.0768e+00  -9.3917e-01
  3.8423e+00   6.1363e+00
 -1.9082e-01  -3.0344e+00
  3.4506e+00  -8.2594e+00
  4.6800e+00   3.7243e+00
 -6.6066e+00  -2.3688e-01
 -3.0161e-01  -2.6056e+00
  1.1175e-01  -1.1988e+00
 -3.4933e+00  -3.6142e+00
 -8.3887e-02   2.0603e+00
 -2.7213e+00   3.8510e+00
  5.5777e+00  -1.0991e+00
 -1.5209e-01   4.6938e+00
  4.2607e+00  -3.2964e+00
  7.0824e+00  -8.2628e+00
 -7.1388e-01  -2.2933e+00
  3.6815e+00  -2.1801e+00
 -1.9533e+00   5.7808e-01
  8.8339e+00  -3.0771e+00
 -6.3060e+00  -2.5162e+00
 -8.8614e-01  -6.0672e+00
 -2.0286e+00  -1.3862e+00
 -2.3254e+01  -3.7486e+00
 -1.4968e+01  -6.6000e-01
 -3.3015e+00   1.2920e+00
 -6.8324e+00  -4.3645e+00
  5.1167e+00  -5.3968e+00
  1.3983e+00   1.0809e+00
  7.0542e-02  -9.8079e-01
 -1.0604e+00   4.5141e+00
 -7.0929e+00   8.5224e-02
 -7.6696e+00   1.0603e+00
  2.1183e+00   1.4467e+00
 -1.2787e+01   1.2848e+01
  3.7267e+00   6.0250e+00
 -2.3362e+00  -1.5363e+00
 -4.8527e-02  -4.1902e+00
  2.7536e-01  -5.7869e-01
  1.5251e+00   2.9448e-01
 -5.3675e-01   1.6970e+00
 -1.0135e+00   1.5349e+00
 -3.8994e+00  -5.3103e+00
 -5.3933e+00  -3.9207e+00
 -7.9756e-01  -3.0645e-01
 -1.7040e+00   5.9818e+00
  4.5655e+00   2.3773e+00
  4.0425e-01   4.5294e+00
  8.2164e-01  -6.7167e+00
  2.0114e+00  -2.4894e-01
  6.3594e+00   2.3668e+00
  5.7736e+00   2.6691e+00
  4.7033e+00   1.8379e+00
  3.4787e+00   8.5966e+00
  2.3279e+00   5.6921e+00
 -1.6352e+00  -2.2000e-01
  7.6599e+00   6.1434e+00
  1.0800e+00  -8.2515e-01
 -2.1296e+00  -2.6918e+00
  2.0156e+00  -1.1558e+00
  8.9113e+00   1.7021e+00
 -2.1746e+00  -5.2656e+00
 -1.5839e+00  -2.7354e+00
  9.6182e+00   3.1611e-01
 -1.1183e+00   7.0650e-01
  1.2228e+00   3.6814e+00
  1.3779e+00   1.0492e+00
 -3.9044e+00   6.7882e+00
  5.7875e-02   2.5498e-01
 -6.3488e+00  -7.2082e-01
 -4.2592e+00  -4.4592e+00
 -4.2990e+00  -1.1960e+00
 -3.5217e+00  -7.0852e+00
  6.7484e+00  -5.8262e-01
 -6.7203e+00  -4.3509e+00
 -2.6512e+00  -3.9202e+00
 -7.7976e+00   1.3580e+00
 -3.6096e+00   2.7733e+00
  2.2726e+00  -6.5336e+00
  9.4409e-01  -1.6710e+00
 -1.8138e+01  -3.8436e+01
 -3.2967e+00   1.2099e+00
 -2.5606e-01   2.2932e+00
  2.1964e+00   4.2631e+00
 -9.2509e+00  -2.4132e+00
 -1.3217e-01   3.7053e-01
 -1.4752e+00  -7.2909e+00
 -9.9477e+00   7.2782e+00
  4.3659e+00   6.6673e+00
  4.9384e+00  -3.9675e+00
  3.4379e+00   3.5965e+00
  5.6325e+00   6.2400e+00
 -8.4076e-01   1.6619e+00
  4.2221e+00   4.9064e+00
 -1.7769e+00   1.7652e-01
 -3.7566e+00  -1.3274e+01
 -1.0861e+01   7.7624e+00
  1.0062e+00   6.5643e+00
  2.7680e-01  -4.9107e-01
 -7.4564e+00   4.1520e+00
  5.0560e-01  -7.0777e-01
  1.6325e+00   1.8708e+00
  8.9328e+00  -4.2991e+00
 -1.5309e+00   3.5957e+00
  1.2070e+00   8.9144e+00
  4.0155e+00   5.6713e+00
  3.0217e-01   5.6673e+00
  7.6933e-01   3.3190e+00
 -1.8844e+00  -1.4810e+00
  4.4130e-01  -1.6477e-01
  4.7664e+00  -2.0660e+00
 -3.7305e+00  -5.2371e+00
  4.6540e+01   1.4801e+02
 -1.4225e+00  -1.7605e-01
 -3.1428e+00  -3.1196e+00
 -5.2791e+00  -2.8526e+00
  6.1093e-01  -7.1919e+00
  4.2679e+00   2.3724e+00
 -6.6348e+00   2.2402e+00
  4.6740e+00  -1.7088e+00
 -2.6476e+00   8.2942e+00
 -3.5501e+00   2.0042e+00
 -6.2254e+00   2.8861e+00
 -4.5983e+00   3.4867e+00
  2.8147e+00  -2.0045e+00
 -2.2532e+00  -8.0962e-01
  1.3573e+00  -4.4095e+00
 -2.1084e+00   1.1554e+00
  7.6044e-01   2.0584e+00
 -1.8286e+00   1.4193e+00
  4.8577e+00  -5.6177e+00
  8.1092e-01   1.7411e+00
  7.0806e+00  -4.3307e+00
 -4.6948e+00  -6.4947e-01
 -1.5075e-02   6.9022e-01
 -3.5098e+00   4.8231e+00
