 -5.1796e-01   3.3765e-01
 -2.4313e-02  -9.6999e-02
 -2.2088e+00   2.2693e+00
 -2.7288e-01   1.0647e+00
  1.6892e+00  -3.5058e+00
 -4.7357e+00  -5.9799e+00
 -7.0082e-01   2.0936e+00
 -6.3587e+00   6.7053e+00
 -2.1780e+00   1.1570e+00
 -1.3943e+00  -5.6113e-01
  1.5721e+01  -4.5402e+00
  2.4844e+00   2.7537e+00
 -1.6930e+00  -5.1938e-01
 -3.5114e+00  -2.4694e+00
 -2.7791e+00  -5.0890e-01
  1.2941e+01  -9.1259e+00
 -2.5626e+00   3.3200e+00
  1.6352e+01   7.7561e+00
 -6.6221e-01  -5.2085e-01
  2.0190e+00  -2.5666e+00
 -3.4673e+00   9.2314e+00
 -5.7693e-01   2.8224e+00
 -1.2278e+01  -2.8769e+01
  4.0246e+00   4.1108e+00
 -2.9056e+00  -1.5402e+00
 -4.4688e+00   5.5518e+00
  2.0353e+00  -6.2509e+00
 -3.1649e+00  -1.7554e+00
  1.9664e+00   5.6300e-01
 -9.8415e-01   4.1876e-01
  1.9405e+00  -9.4750e-01
  1.1755e+00  -1.7310e+00
  1.9988e+00  -1.4358e+00
  1.3025e+00  -2.6694e+00
 -1.8908e+00   3.4160e-02
 -3.5818e+00   4.6115e+00
 -1.5266e+00   2.1968e-01
  7.7614e+00   2.4326e-01
  3.6867e+00  -2.3545e+00
 -3.0065e-01  -9.4704e-02
  9.6885e-02  -6.2148e-01
  2.3056e-01  -1.1305e+00
  3.4561e-01   5.4210e-01
  5.4514e-01  -5.6736e+00
 -1.7244e-01  -1.5484e+00
 -4.5424e-01  -2.7312e+00
  5.3772e+00  -4.9412e-01
 -4.1121e-01   1.0659e-01
  5.8184e-01  -2.3321e+00
  2.6740e+00  -3.4044e-01
 -2.1137e+01   9.8366e-01
 -6.4186e-01  -2.3307e-01
 -1.5086e+00  -3.1828e+00
 -2.1567e+00  -1.3773e+00
  2.5425e+00   3.1942e+00
  2.3362e+00  -7.5319e+00
  5.9319e-01   6.1843e+00
  2.4330e+00   5.3982e-01
 -1.4226e+00   1.3546e+00
  2.6724e+00  -3.9635e+00
  1.7788e+00  -1.6276e+00
  3.9149e+00   1.0542e+00
 -2.7727e-01  -3.5789e-01
 -1.0181e+00  -3.6098e+00
 -2.7045e+00   3.3891e+00
 -3.1246e+00   1.7025e+00
  8.8986e+00   7.9114e-01
  8.1637e-01  -1.2283e+00
  8.9492e-01   3.7748e+00
  1.3007e+01  -2.8740e+01
 -7.4772e-01   3.1893e+00
 -1.0991e+00   1.1305e+00
  7.5249e+00   1.8549e+01
 -6.3803e+00  -3.1262e+00
 -3.5953e-01  -8.6844e-01
  8.6055e-01  -3.5360e-01
 -6.0648e+00   6.9540e-01
  1.1543e+00  -1.7388e-01
  9.1674e+00  -8.0432e+00
 -1.1608e+01  -1.3354e+00
  4.1607e+00  -2.9272e+00
 -2.0472e-01  -5.2985e+00
 -1.3736e+00  -3.3160e+00
 -1.5838e+00  -4.5737e+00
  8.1695e-01  -2.4332e+00
 -7.0035e+00  -1.6184e+01
 -7.3972e-03  -1.2173e-01
 -2.1043e+00  -4.8149e+00
  6.6335e+00   3.3851e+00
 -7.2459e+00  -2.4647e+00
 -2.0076e+00  -1.7141e+00
  9.7114e+00  -2.4608e+00
  6.1456e-01   3.0445e-01
  6.0704e+00  -1.1002e+01
  5.2404e+00   6.1503e+00
  2.2851e+00   2.2516e+00
  6.9825e-01   3.1032e-01
 -9.1749e-01  -2.5106e-01
  1.1085e+01  -4.9862e+00
 -3.2998e+00   1.7631e+00
 -2.0747e+00  -2.7256e+00
 -1.5589e-01   1.7056e+01
  4.0242e+00   9.6268e+00
  5.1493e+00  -9.9050e-01
 -5.7662e+00   6.9155e-01
  9.5915e-01  -1.3844e-01
  9.0807e-01   9.7741e-01
  1.9132e+00   2.5020e+00
  3.5620e+00  -1.2389e+01
 -1.9513e+00   5.3296e+00
  1.1560e-01   2.5201e+00
  3.3739e+00   4.8535e-01
  4.2391e+00   1.2270e-01
  1.0319e+01  -1.8737e+01
 -4.3443e+00   2.9211e-01
  4.7679e+00  -3.4248e+00
  8.1359e+00   1.0831e+01
  4.7231e+00  -6.9923e-02
  1.8354e-01   1.1347e-01
  1.3115e+00  -1.2151e+00
  4.0784e-01  -2.1083e-01
 -1.3441e-01  -2.3700e-01
  2.2563e+00  -1.6603e+00
  1.4971e+00   5.3246e-01
 -3.9189e+00   2.8291e+01
 -3.5064e+00  -9.7590e-01
 -6.6743e+00  -8.9160e+00
  1.7148e+00  -2.6156e-01
 -2.1646e+00  -3.0177e-01
  1.3716e+00   1.8934e+00
  4.1134e+00  -6.4346e+00
 -5.1112e+00  -4.4503e-01
 -8.3288e+00   5.2402e+00
 -3.4098e+00  -1.0890e+00
 -1.4504e+00  -7.2293e-01
 -4.9430e+00  -6.6934e-01
 -4.9995e+00   3.3583e-03
  1.7255e+00  -5.8663e-01
 -4.8642e-01   7.9428e-01
 -7.8620e-01   1.7381e+00
  1.6817e+00  -5.6544e-01
  4.2058e+00   1.1541e+00
 -9.5885e-01   2.8331e-01
 -2.2640e+00   1.8422e+00
 -1.5598e-01   2.7080e+00
  5.6181e+00  -1.0112e+00
 -3.7851e+00  -7.0930e+00
 -3.5622e+00   2.0145e+00
  1.3378e+00   6.7678e-01
 -8.1905e-01   1.1919e+00
 -6.0557e+00  -6.9821e+00
 -3.0946e-01   3.6160e+00
 -1.8418e+00   5.7750e-02
 -4.2445e+00  -6.7920e-01
 -3.5753e+00   4.4336e-01
 -1.6443e+00   1.4789e-01
  6.8366e-03  -4.6173e-01
  1.0221e+01   1.1432e+01
  2.5221e+00   5.5525e-01
 -5.6518e+00  -1.8073e-01
  2.0314e+00  -2.5091e-01
 -1.6999e+00   4.1645e+00
  4.1318e-01  -1.0490e+00
 -1.0140e+01  -1.0504e+00
  2.3799e+00  -3.6137e+00
  4.6613e+00   3.3758e+00
 -2.9974e+00   1.3248e+00
  1.6882e+00   7.5900e+00
 -1.7100e+01   2.1230e+01
  2.4385e+00  -3.6126e+00
  1.2587e-01   1.4929e-02
 -8.0476e-01   1.8797e+00
  3.0585e+00  -2.3127e-01
 -2.7769e+00   5.0189e+00
  1.3422e+01  -1.1092e+01
  2.9289e+00   3.2771e+00
  2.3049e+00  -3.2200e-01
 -3.6523e+00  -3.6386e+00
 -1.8869e+01   1.6490e+01
 -8.7905e-01   2.6485e-01
 -6.6741e+00   3.3882e+00
  1.2495e+01   8.3392e-02
  1.9722e+00  -3.6714e+00
 -1.9090e+00   5.0514e-03
  2.8406e-01  -9.0394e-01
  1.6598e+01   7.9551e+00
 -1.8293e+00   5.3722e+00
  3.9211e-01  -5.3688e+00
  1.1296e+00   1.1386e+01
 -4.7142e+00   4.1103e+00
  9.8533e-01  -1.8462e-02
  4.1986e-01  -5.9590e-01
  2.6789e+00   7.6651e-02
 -1.8563e+00  -1.4664e+00
  3.3801e+00  -2.7716e+00
 -2.8851e+00  -1.6227e+00
 -7.9298e-01   1.5416e+00
 -4.1797e-01   1.3035e+00
 -1.7096e-02  -1.2086e+00
 -1.4205e+00  -3.0689e-01
 -2.0644e+00   3.5406e+00
  1.5755e-01  -5.0832e+00
 -1.2413e+00  -3.1886e+00
 -1.3394e+01  -2.8995e+00
  7.7828e-01   3.5688e+00
 -9.9979e-01  -8.6080e-01
 -3.2319e+00  -2.1149e+00
  1.2874e+00   1.1456e+00
  1.9223e+00  -1.6525e+01
 -1.5837e+00   8.6636e+00
 -1.0850e-02  -3.5743e+00
 -1.0093e+01   2.6037e+00
  2.3561e+00  -3.9671e-01
  8.6260e+00   4.2508e+00
 -6.0089e-01   3.8638e+00
  7.7442e-01   3.6185e+00
  2.4189e+00  -2.9945e+00
 -1.9487e+00  -8.3352e-01
 -2.2879e+00  -6.9947e+00
  1.5902e-01  -1.6603e+00
  5.4511e+00  -4.4843e+00
 -1.2852e+00   1.1547e+00
  1.4962e+01  -4.0928e+00
 -2.0470e+01   2.3097e+00
  3.0411e+00   2.2137e+00
 -3.4178e+00  -4.3801e-01
  1.8127e+00  -3.7782e-01
 -6.9975e-01  -1.6086e+00
  1.0006e+00  -1.3084e+00
  1.7549e+01  -1.0517e+01
 -3.6161e+00   1.8993e+00
 -1.3427e-01  -6.3230e-01
  6.9144e-01   2.5529e+00
 -2.7523e+00   3.0950e+00
 -1.5283e+00  -6.5138e-01
 -2.9592e+00  -1.8098e+00
 -8.0371e-01   4.9018e-01
 -4.4836e+00  -1.0740e+01
 -1.4724e+01   1.5618e+01
 -1.5621e+00  -2.0457e+00
 -2.8248e+00  -1.1273e+00
 -1.0681e+01   3.3551e+00
  3.1259e+00  -1.1517e+00
 -7.0295e+00  -7.2703e+00
  3.6670e+00  -4.8684e+00
 -1.5979e+00   6.8368e+00
 -3.7375e+00  -1.2997e+01
  1.3567e+00   8.7368e-01
 -6.8832e-01  -1.8697e+00
  6.2889e+00   3.0451e+00
  9.9752e-01  -7.6184e-01
 -3.3012e+00   1.7874e+00
  3.0165e+00  -4.0443e+00
  3.3220e+00   2.0998e+00
 -2.0276e+01  -9.6727e+00
 -4.7753e+00   2.4646e+00
 -6.5557e+00  -3.2668e+00
  2.5276e-01   2.0430e+00
  4.0277e+00  -1.8936e+00
  7.7107e-02   5.7201e-02
  4.7948e+00  -4.1030e+00
 -9.4812e+00  -1.1990e+01
  1.2899e+00  -1.2340e+00
 -6.6121e+00   3.5609e+00
 -4.7927e+00   2.4381e+00
  2.4539e+00  -3.2751e+00
 -2.1995e+00  -4.8733e+00
  3.9080e+00   5.8911e+00
  1.6752e+00  -1.8598e+00
  5.6245e+00  -2.8633e+00
 -1.9335e+00   1.3156e+01
 -2.4473e+00  -1.1813e-02
  4.2758e-01  -1.9247e+00
  1.6482e+00   4.0876e+00
 -8.9526e+00   1.1673e+00
  1.5629e+00  -6.7194e-01
  2.1205e+01  -2.9747e-01
 -1.0251e+00   5.0341e+00
 -1.2565e+01   1.4423e+01
 -2.0221e+00  -1.7270e+00
 -3.9808e+00  -3.9649e+00
 -9.7610e-01  -1.6410e+00
  7.6524e+00   2.2956e+01
 -1.7334e+00   5.5448e-01
 -4.7735e+00   4.6874e-02
 -1.2197e+00   2.7992e+00
 -4.3004e+00   4.1799e+00
 -4.0126e-01   1.0799e+00
 -2.7099e+00   4.7796e+00
 -4.3125e+00   6.3070e-01
  8.7560e+00   8.5845e+00
  3.2321e+00  -5.5366e-01
 -3.3970e-01   9.1646e-01
  4.2301e+00  -2.0845e-01
 -1.6155e+00  -1.7555e+01
  1.1910e+01   5.2159e+00
  2.5825e+00  -6.2533e-01
  3.0277e+01  -1.5833e+01
 -1.0039e+00   1.6964e+00
 -5.0038e+00   9.7808e+00
 -8.5954e-01   2.1155e+00
  5.0634e+00   9.2574e+00
 -5.4620e+00  -3.6751e+00
 -8.0750e+00   7.8376e-01
 -6.5203e+00  -3.1964e-01
  5.2488e+00  -6.9566e+00
  1.3918e+00  -2.3247e+00
 -1.6197e+00  -9.0372e-01
  3.7496e-01   1.1211e+00
  2.8643e+00  -3.5321e-01
  1.2893e-01   7.3577e+00
 -8.4515e+00   5.3880e+00
 -7.1197e+00   1.0070e+00
 -4.9706e+00   1.6441e-01
 -1.8456e+00   3.6107e+00
 -4.8746e-01   1.2323e+00
  1.6652e-01  -9.6439e-01
 -2.6388e+00   4.4985e-01
 -4.0423e+00  -5.0993e-01
  4.9300e+00   7.4972e+00
  6.7939e+00  -1.3252e-02
  3.4247e+00  -1.3290e-01
  1.9445e+00   1.8058e+00
  5.1785e+00   8.9831e+00
  1.3554e+00  -5.9276e-01
  3.5993e+00  -2.3468e+00
  1.9627e+00  -3.1465e-01
 -9.9030e-01  -4.7624e+00
 -1.4339e+00   4.1210e+00
 -3.1865e-01   1.1196e-01
 -8.5444e+00  -2.1833e+00
  8.7698e-01  -1.2751e+00
  6.0709e-01   2.5081e+00
  6.4039e+00  -1.9191e+01
  3.9726e-01   1.3921e+00
 -1.9600e+00  -6.6239e+00
 -5.6518e-01   2.1530e+00
  2.1417e+00  -4.9965e-02
  2.1350e+00   6.9228e-01
  5.0317e+00  -1.9711e-01
 -3.4830e+00  -5.5923e-01
  8.9689e+00   1.5097e+01
  9.5365e-01   1.3389e+00
  3.0612e+00   3.6960e+00
 -3.8382e-01   3.2438e+00
 -4.2554e-01  -7.5918e-01
 -1.6060e+00   7.5229e+00
 -1.8254e+01   9.6787e+00
  2.3167e+01  -7.0060e+00
 -1.3998e+00   2.0258e+00
  6.2766e+00   6.5139e+00
  1.6360e+01  -6.8726e+00
 -1.3728e+00  -2.1957e-01
  1.5873e+00   4.8880e-01
 -3.9311e+00  -2.4265e-01
 -9.1143e+00   8.7704e-01
  7.0160e+00   1.1763e+01
  1.7672e-01   1.1928e+00
  1.0553e+00  -8.0617e-01
 -9.9827e-01  -1.6334e-01
  2.0838e+00   2.1120e+00
 -3.5400e+00  -4.5602e+00
 -1.5226e+00  -1.8264e-01
 -1.5200e+00   9.7113e-01
 -1.1069e+01   2.9013e+00
 -4.8938e+00  -4.6148e+00
 -1.8855e+00  -1.1114e+01
  4.3210e-01   2.1647e+00
 -2.7106e+00  -6.2366e+00
  8.3219e-01   2.6443e+00
 -7.6004e+00   1.7998e+01
 -1.9642e+00  -4.9011e+00
  1.1231e+00  -9.4590e-01
 -6.4443e+00  -5.7865e+00
  9.6779e+00   3.5822e+00
  3.1153e+00  -2.0739e+00
  8.2121e+00  -6.6838e-02
  7.3135e-01  -2.6034e+00
 -2.8894e+00   1.2571e+00
 -5.1690e+00  -7.3780e+00
 -2.8717e+00   5.0829e+00
  1.1707e+00   2.3763e-01
  2.9302e+00   8.1060e-01
 -6.3271e-01   7.8311e-01
 -4.6716e+00   1.9095e-01
  5.2882e+00   3.1403e+00
 -2.4332e+00  -9.8537e+00
  5.5783e+00   8.5582e+00
  7.0596e+00  -1.0913e+01
 -4.0483e+00  -2.0966e-02
 -7.3041e+00  -8.3401e+00
  2.7702e+00  -1.3188e+00
 -2.3237e+00  -1.6613e+00
  3.6587e+00  -2.6863e+00
 -3.9371e+00  -4.1288e+00
  1.8181e+00   6.1145e-01
  6.0888e+00  -5.5257e+00
 -1.5741e+01   1.7123e+01
 -5.9593e+00   1.1940e+00
 -1.9742e+00  -3.7037e+00
  9.3147e-02   1.0918e+01
  2.7005e+00   3.8199e+00
 -4.3587e+00  -8.7342e+00
 -2.6502e-02  -3.2628e+00
  2.5651e-01  -1.0862e+00
  4.6632e+00  -1.2673e+00
  5.3188e-01  -5.2842e-01
 -1.2470e+00  -3.9050e+00
  4.3649e+00  -1.6713e-01
 -1.3315e+01   2.7776e+01
 -1.7319e+00  -2.3329e+00
  2.8285e+00   2.9878e+00
 -3.2259e-01  -2.4810e+00
 -1.8103e+00  -4.1513e+00
  1.4093e+01  -3.1074e+00
  3.9835e-01   6.6933e-01
  1.0738e+00  -1.0101e+00
 -2.7236e+00   2.4398e-01
  2.6616e-01   2.3109e+00
 -7.2467e+00  -3.5778e+00
 -3.9194e+00   9.3099e-01
 -2.2996e+00   1.4753e+00
 -7.3970e+00  -8.8047e+00
  3.6672e+00   3.0099e+00
  8.9648e-01   4.9158e-01
  3.7368e+00   1.6978e+00
  1.8169e+01   2.3163e+01
  9.2361e-01  -2.0932e+00
  1.2594e+00   6.1189e+00
  1.2100e+00   5.6608e+00
 -1.4768e+00  -3.8734e-01
  1.9005e+00   5.7383e+00
  2.9725e-02  -1.1975e+00
  2.1231e+00   4.4310e+00
 -2.8562e+00   2.2492e+00
  7.9597e-01   1.3330e+00
  2.9648e+00  -1.0956e+01
 -5.9408e-01   2.3099e+00
  7.0036e-01   8.5923e-01
 -1.6855e-01  -3.3929e-01
  5.6751e-01  -9.7147e-01
 -6.1695e+00   2.8828e-01
 -6.7532e-01  -2.6912e+00
  3.1671e+00   4.4460e+00
  3.4266e-01  -4.8241e-02
  4.6581e-01  -6.5211e-01
  5.8492e-01   2.1382e-01
  1.7233e+00  -6.8373e+00
 -1.9079e+00  -8.9611e+00
 -2.1528e+00  -7.7606e-01
  5.5071e+00   9.0264e-01
  5.5169e+00   4.1384e+00
 -2.5233e-01  -1.9540e+00
  5.7546e+00   3.6134e+00
 -4.2767e+00  -2.7929e+00
 -1.4116e+00   3.1024e-01
  2.2207e+00   4.4056e-01
 -3.2344e+00  -1.8996e-01
 -2.3286e+00   7.0002e-01
  2.0949e+00  -2.7078e+00
  7.7129e-01   1.9201e+00
  2.1654e+00   8.9337e-01
 -4.1490e+00  -4.4079e+00
  4.3840e-01   1.1303e+00
 -2.8613e+00  -9.2734e-02
 -1.1169e+01  -1.9915e+00
 -9.8715e-01   7.0668e-01
 -4.7832e-01   1.3930e+00
  2.4064e+00  -3.5921e+00
  2.5970e+00  -7.9284e-01
 -2.6346e+00   1.5394e+00
  5.5201e-01   1.8395e+00
 -7.0625e-01  -4.7853e+00
  1.1862e+00  -4.0761e-03
 -4.1652e-01  -1.2477e+00
 -1.8029e+00   2.7111e+00
  8.1227e+00   3.5783e+00
  9.4313e-01  -9.5073e-01
 -1.3595e+00   1.3826e+00
 -1.3086e+01   1.7553e+00
 -1.4974e+00  -2.5382e+00
 -1.5799e+00   2.0835e+00
 -6.2617e+00   4.2946e+00
  1.4943e+01  -3.2651e+00
 -6.8712e-01   1.8253e+00
 -8.6016e+00   1.3519e+01
  4.9521e+00  -1.6381e+00
 -8.8472e-01  -7.7994e-01
  1.6475e+00   7.0254e-01
  8.4566e-01  -1.2948e+00
 -6.3026e-01  -3.0036e+00
 -2.8252e+00   6.1716e+00
 -7.9419e-01   8.8410e-01
 -8.5007e-01  -1.5346e-01
  1.3469e+00  -4.2639e+00
 -7.5175e+00  -1.7740e+00
  5.8841e+00  -1.0038e+01
  2.4876e+00  -6.7434e+00
  2.2428e+00  -2.1987e+00
 -1.3839e+01  -2.2220e+01
  2.7219e+00   3.8034e-01
 -7.5328e+00  -2.4824e-01
 -1.8154e+00   1.5429e+00
 -4.5457e+00  -1.1665e+00
 -8.4238e-01   3.4247e+00
  3.3337e+00   2.5353e+00
  5.7511e+00   1.1981e+00
  2.0447e+00   1.0835e+00
  1.6631e+00  -1.4337e+00
  6.9034e+00   2.8470e-01
 -1.9892e-01   4.6480e+00
 -3.0972e+00  -3.9933e+00
  8.6636e+00  -4.0644e-01
 -9.7285e+00  -7.6981e+00
 -4.4687e+00   2.2389e+00
 -5.7659e+00   4.1000e+00
 -3.3411e-01  -5.7186e-01
 -7.5949e+00  -6.5399e+00
 -3.4050e+00  -3.0841e+00
  9.2283e-01  -5.1610e+00
  3.9487e+00  -1.8522e+00
  6.1783e+00  -7.6068e-01
 -4.1425e+00   1.9319e+00
  7.3963e-03  -1.6374e+00
  4.1683e+00   1.2334e+00
  1.7564e+00  -6.1365e-01
 -9.1843e+00  -8.7456e-01
 -1.4058e+00  -5.9091e+00
 -1.6836e+01  -4.7218e+00
  4.3761e+00   4.1653e+00
 -2.7584e+00   3.4427e+00
 -2.5990e-01  -4.2894e+00
  7.7522e+00   8.2824e+00
  1.1674e-01   1.0603e+00
 -4.5363e-01  -4.4356e+00
  2.8034e+00  -2.0532e+01
  5.4086e-01  -1.1054e+00
  6.5216e+00   2.2970e+00
 -5.7161e-01  -1.3047e+00
  9.4855e+00   6.0089e+00
  1.6612e+00  -2.0250e+00
  4.3453e+00  -2.7975e+01
 -4.2195e+00   3.7354e+00
 -1.6658e+00  -1.8072e+00
 -5.0140e+00  -5.4709e-01
 -3.4225e-01   6.2530e-01
 -1.6181e+00  -4.0887e+00
  3.6440e+00   2.5679e+01
  1.1117e+00   6.9531e-01
 -9.7952e+00  -9.2222e+00
 -7.5287e+00  -4.1980e+00
  9.2699e-01  -1.0875e+00
  2.4698e+00   4.9638e-01
 -2.8484e+00  -1.8324e-01
 -4.4145e-02   1.5221e+00
 -1.3261e+00   2.2184e+00
  7.8784e+00   8.2784e+00
 -3.9081e+00  -6.3953e-01
  1.1502e+00   8.7289e-01
  2.5622e+00   2.3044e+00
 -3.0231e+00  -8.0596e+00
 -6.4936e-01  -1.0444e+00
 -1.6059e+00  -8.4839e-01
  1.5147e+00  -1.0606e+00
 -7.7278e-01  -3.6480e-01
 -6.8204e+00   3.2714e+00
 -1.7543e+00  -5.5961e+00
  8.9909e+00  -7.9513e-01
 -5.2654e-01  -2.2995e+00
 -1.0394e+01   2.4697e+00
 -6.7498e-01   2.3918e+00
  5.4330e-02   4.9481e-01
  9.3720e-01  -2.1920e+00
  1.2679e+00   8.0678e-02
  1.5898e-01   3.1237e+00
 -2.2832e+00   8.7078e-01
 -9.2400e-01   1.6833e+00
  4.5095e+00   6.4137e+00
  3.5733e-01   5.4996e-01
 -7.7535e-01  -2.9575e+00
 -4.6318e+00   4.6843e+00
 -3.9437e+00   1.5941e+01
  4.9913e+00   8.5618e+00
  7.1234e+00  -3.8964e+00
 -2.1484e+00   1.7248e+00
  1.2848e+00  -1.8132e+00
  3.0706e+00   2.1331e+00
 -9.8525e+00  -1.3518e+01
  2.4701e+00   3.7332e+00
  2.4831e+00   2.0705e+00
 -2.8832e+00  -1.7420e+00
 -1.5257e-01  -1.0476e+00
 -1.6659e+00  -2.4702e+00
 -6.1725e+00  -9.3507e+00
 -2.3685e+01  -5.2728e+00
  1.6946e+01  -1.6408e+01
 -2.5639e+00  -3.1252e+00
  4.8950e+00  -7.7158e-01
  1.7923e+00   6.9458e+00
 -4.0154e+00   3.6263e+00
  4.7474e+00  -1.1853e+00
  7.2358e-01  -1.8410e+00
  1.6750e+00  -4.5325e+00
  2.8976e+00   4.4590e+00
 -1.9217e+00  -2.0963e-01
  6.7663e-01   1.1652e+00
  3.2547e+00  -2.2261e+00
 -1.2711e+00  -2.5768e-02
 -4.6299e+00   4.4924e+00
 -3.0340e+00  -6.7157e-01
 -1.0025e+01  -3.3266e+00
 -3.3820e+00   1.5368e+00
  1.1383e+00  -2.8532e+00
  9.8029e+00   3.1048e+00
 -1.6736e+00  -4.2899e+00
 -9.6819e-02  -1.9762e+00
  2.3256e+00  -9.6563e+00
 -1.0141e+00  -1.9863e+00
 -2.0554e-01   6.3394e-01
  3.3157e+00   5.7669e+00
 -2.9184e+00  -3.8492e+00
  4.6771e-02   1.9363e+00
 -2.3079e+00   4.1019e+00
 -4.2951e+00   5.1685e+00
  3.5378e+00   4.2278e-01
 -8.4530e-01   1.3883e+00
  2.2189e+00   7.1269e+00
 -7.4127e+00  -6.4444e+00
  7.9308e+00  -4.2036e+00
  4.2710e+00   2.8538e+00
  5.4858e-01  -4.6427e+00
 -6.0998e+00  -4.8697e+00
  3.6667e+00   6.9094e-01
  4.5030e-01   1.2800e+00
  6.4589e+00  -5.8092e-01
 -1.5897e+00   2.1126e+00
 -2.7092e+00  -2.0832e-02
  6.0086e-01   2.4200e+00
 -5.8945e+00  -9.4625e-02
  3.5516e+00   9.4193e-01
 -9.0388e+00   1.1082e+01
  1.2732e+00  -1.4856e+01
  1.8569e+00   2.6275e+00
 -3.1065e+00   3.6257e+01
 -2.4729e+00   2.3156e+00
  6.7661e-01  -2.0363e+00
  2.4583e+00   2.6131e+00
  7.0455e-02   2.0373e+00
 -1.9473e+01   1.7374e+01
  1.2660e+00   1.0882e+00
 -2.1769e+00   5.2273e-02
 -2.8808e+00   2.7833e+00
 -9.6067e-01   1.6191e+00
  7.3137e-01  -2.4493e+00
  1.0423e+01  -3.5741e-01
  2.6225e+00   8.9467e-01
 -3.9417e+00   9.8308e-01
 -3.9163e+00  -4.0891e+00
 -6.8138e-01  -2.6783e+00
  1.2872e+00  -3.0783e-01
 -3.9923e+00  -5.2931e+00
 -2.0722e+01  -3.5437e+00
 -1.2356e+01  -3.1435e+00
  1.2428e+00  -2.8540e+00
 -2.0393e+00  -1.1985e+00
  2.6314e+00  -2.7640e+00
  2.8292e+00   2.1314e+00
  3.3927e+00  -9.6728e+00
  6.5120e+00   2.3816e-01
 -1.0529e+00   4.7744e+00
 -2.0806e-01   1.3243e+00
 -1.7579e-01   5.5851e+00
  7.8672e-01   5.4138e-01
 -3.9201e+00  -1.0076e+01
  1.0087e+01  -2.5543e+01
 -9.7210e-01  -1.1282e+00
 -5.6593e-01   3.8882e+00
  2.5830e+00  -6.1232e+00
 -1.4251e+00   1.8877e+00
  2.4491e+00  -4.7330e-02
 -2.2214e-01  -1.6429e-01
  1.2232e+00  -1.2363e+00
  6.4003e+00   2.9780e+00
  2.0652e+00   1.9470e-01
  7.6990e-01  -1.1342e+01
  1.4550e+01  -1.0568e+00
 -3.1764e+00  -5.6998e+00
 -2.5362e+00  -1.8980e+00
 -9.1751e+00   1.7431e+01
  2.5348e+00  -2.5345e+00
 -3.3994e+00  -4.6914e+00
 -1.0165e+00   3.8532e+00
  7.7593e-01   1.2030e+00
  1.2305e+00   2.0482e+00
  1.1523e+01  -1.6161e+01
  1.9755e+00   9.8567e-01
  2.5156e+00   5.5483e+00
  6.4976e+00  -2.3108e+00
  3.4408e-01   1.5766e+01
  5.6262e-01  -7.6476e-01
 -2.8484e-01   1.9983e-01
  2.2213e+00  -5.4174e+00
 -1.7454e+00   2.2442e+00
  2.6816e+00  -1.2526e+00
  3.9239e+00   1.4227e+01
 -7.0538e-01  -7.6269e-01
  1.0038e-01  -1.5337e+00
 -2.3287e+01   9.3517e-01
  2.9069e+00  -7.9269e-01
  5.3117e-01  -3.6489e+00
  1.3325e+00  -1.7547e-01
  1.1633e-01   2.7438e+00
  9.9572e-01  -3.4953e-01
  1.8441e-01   2.0550e+00
 -9.7372e+00  -1.9722e+01
 -5.5296e+00  -4.9852e+00
  3.4114e+00  -6.3988e-01
  7.3552e+00   1.7159e+00
  2.1209e+00   2.8493e+00
 -3.6099e+00  -2.9322e+00
  6.6111e-01  -1.9163e+00
  2.1811e+00   1.1137e+01
 -6.2029e-01  -8.7652e-02
 -1.1226e+00  -3.1282e+00
  1.2656e+01  -1.1811e+01
 -3.8112e+00  -1.6842e+01
  1.9166e+00   4.5505e-01
  9.1124e-01  -3.0326e+00
  8.5450e+00   7.9774e-01
 -1.4275e-01   1.5631e+00
  3.5962e+00   3.5064e+00
 -2.4302e+00  -1.8117e-01
  1.7573e+01  -1.1593e+01
  1.6096e-01   1.0102e+00
 -3.5152e-01   1.6339e+00
  1.9839e+00   3.8141e-02
 -2.4240e+00  -3.1535e+00
 -3.4308e+00  -3.0455e+00
  2.2939e+00   1.3734e+00
  1.8855e+00   1.3262e-01
  4.8487e+00  -1.3377e+00
 -4.6973e+00   1.9079e-01
  3.0772e+00   3.5416e+00
 -9.2223e-01   2.3797e+00
 -6.3776e-01   1.3584e+00
  3.5955e-02  -1.7421e+00
  9.6845e+00   2.3039e+01
 -9.5548e-01   3.0935e+00
 -2.7148e+01  -1.8154e+01
  9.8775e-01   2.2955e-01
 -2.5152e+00  -4.2408e-01
  3.2858e-01  -6.8804e-01
  6.1785e-01   1.7222e+00
  1.0338e+00  -1.1459e+01
 -5.6287e+00  -7.3260e-01
  1.1584e+00   5.0638e-01
  7.6992e+00   1.6646e+01
 -2.8958e+00  -6.3140e+00
  1.0292e+00   2.2786e-01
  6.8752e+00  -2.8318e+00
 -6.0388e+00  -1.1739e-01
 -1.4750e+00   2.5424e-01
  5.1760e+00   5.4612e+00
 -1.3223e+00   5.1076e+00
  2.2190e+00   1.9316e+00
  6.9111e-01   5.3816e-02
 -4.6812e+00   2.1368e-01
 -6.3758e+00   2.7769e+00
  1.2842e+00   2.1411e-01
  6.6002e-01  -1.0699e+00
  2.4232e+00   1.3880e+00
 -1.0565e+00   2.1588e+00
  1.5881e+00  -3.4917e+00
  3.2247e+00   2.5364e+00
  1.2894e+00   8.4811e+00
  6.2199e+00   1.3475e+00
 -1.3630e+00  -1.1276e+00
 -2.0132e+00   4.7999e-01
 -1.3852e+00  -2.0864e+00
  4.0991e+00   9.4558e+00
  1.1752e+00  -7.9006e-01
  1.9674e+01   9.6372e+00
 -3.9875e+00  -8.4489e+00
 -1.3505e-01   5.3996e-01
 -3.0014e+00   1.7149e+00
  6.0617e-01  -1.6869e-01
 -2.0954e+00   2.2096e+00
 -2.6019e+00   4.7358e+00
 -3.9364e-01   1.0012e+00
  1.6328e-03   1.6925e-01
  4.4261e+00   2.6983e+00
 -2.2482e+00  -9.6409e+00
 -3.2985e-01   2.4276e+00
  3.8541e+00   5.9371e+00
 -1.9617e+00   1.5157e+00
  3.4560e+00  -5.4086e-01
  2.3135e+00  -2.3951e+00
  3.0714e+00   1.3471e+01
 -9.2702e-01   1.8938e+00
 -6.8259e+00   7.0502e+00
  1.8697e+01   6.1791e-01
  6.4767e+00   4.7553e+00
 -1.0534e+00  -3.5534e+00
  2.4630e+00   5.8627e-02
  2.5760e+00  -1.2663e+00
  2.9634e+00  -2.4826e+00
 -5.7083e-01  -1.9539e+00
  4.2675e+00   9.8922e+00
 -8.1038e-01   1.3180e+00
  3.8193e-01  -3.7125e-02
  1.7362e+00  -1.0598e+00
 -9.0326e-02  -2.5379e+00
  1.9568e-01   5.2888e-01
  4.1792e+00   1.0214e+00
 -1.6717e-01  -4.3116e+00
  5.9111e-01   2.7948e+00
  1.9319e+00   3.9916e-01
 -4.6709e+00   3.0891e+00
  4.6653e+00  -6.4959e+00
 -1.0338e+01  -8.0136e+00
 -2.3372e+00   1.8737e+00
 -3.6527e+00   1.3833e+01
 -1.3276e+01   2.5385e+01
  1.6519e+00  -1.9286e+00
 -6.9530e-01   1.5535e-01
  1.6323e+00   2.1102e-01
  2.6122e+00   1.1984e+00
  2.0265e+00   4.6032e+00
  4.0113e+00   1.6013e+01
  1.6259e+01  -1.1314e+01
  2.6409e+00  -1.5018e+01
  8.0201e-01  -3.0148e+00
  2.6237e+00   1.6911e+00
  1.0746e-01  -5.6995e-01
 -6.0852e-01   1.0090e+00
 -1.1180e+01   5.6781e+00
 -4.3123e+00   9.9092e-01
  8.3179e-01   4.9564e+00
 -3.1553e-01   3.4417e+00
 -9.1297e-01   1.1257e+00
 -2.6006e+00  -4.7253e+00
 -1.4938e+00  -1.6229e+00
 -8.0694e-02   8.5629e-02
  6.0803e-02   2.6198e+00
  1.8355e+00  -1.0469e+00
 -2.2389e+00   3.9383e+00
  7.0163e-01   4.1450e-01
 -4.5607e+00   2.8220e+00
 -1.5252e+00  -2.2673e+00
  2.1347e+00  -4.3467e+00
 -3.5697e+00   2.8405e+00
 -1.0614e+00   5.7338e-03
  9.9240e-01   4.1217e-01
 -2.7396e+00   9.4305e-01
  5.9518e+00  -5.9941e+00
  3.5997e+00   7.1406e+00
 -4.1026e+00  -9.4733e-01
  3.0752e+00  -8.9057e-01
 -1.0866e+00   6.0811e-01
  4.0455e+00  -3.5963e+00
  6.0242e+00  -7.0734e+00
 -4.9861e-02   6.2734e-01
  1.1123e-01  -1.1866e-01
  1.4188e+01  -2.0778e+01
 -1.9470e+00   9.4856e-03
  1.7333e-02  -5.4762e+00
  1.1654e-01  -6.9158e+00
 -1.2074e+01   3.3627e+00
 -2.0563e+00   6.9863e-01
 -1.4968e+01  -6.3096e+00
 -1.6145e+00  -3.0771e-01
  2.9675e+00   1.2547e-01
  4.1517e+00   4.4390e+00
  3.4945e+00  -1.1489e+00
  7.5049e+00  -1.9784e+00
  1.7283e+01  -7.6598e-01
 -5.2749e+00  -2.1402e+00
 -1.4434e+00   4.2489e-02
  1.2856e-01  -1.0133e-01
 -5.7944e+00  -1.7699e+01
  2.1107e+00   3.5567e+00
 -2.5524e+01   1.0877e+01
 -8.8426e+00   2.4808e+01
  1.8754e+00   3.8151e+00
 -1.4858e+00   4.7828e-01
  1.9893e+00  -3.2495e-01
  6.5405e-01   3.1694e+00
  4.0604e+00   7.8785e-01
  1.3918e+00  -5.5274e-02
 -4.8565e+00   1.2390e+01
  1.1342e+00   3.3401e+00
 -1.9244e+00   1.0618e+00
  4.1605e+00   3.2577e+00
  5.9347e-01  -1.7792e+00
  2.4151e+00  -4.1433e+00
  1.5006e+01  -1.6738e+01
 -7.1263e-01  -6.4473e-01
 -3.5885e+00  -5.8415e+00
 -1.5875e+00   5.8499e+00
 -2.0821e+00  -3.6695e-01
  3.1641e+00   1.0695e+01
  2.7979e+00   8.1844e-01
 -2.2478e+01  -1.6861e+01
  3.5102e-01  -1.8602e-01
  2.1418e+00   2.0147e+00
  9.8412e-01  -2.7623e-01
  1.2465e+00   2.1017e+00
 -7.3530e+00   4.0474e-01
  5.9400e+00   1.6764e-01
 -9.2321e-01   3.8882e-01
  6.8005e+00  -1.3666e+00
 -2.1969e+00   3.3871e-01
  3.1939e+00   1.2944e+01
 -1.3647e+01   9.9268e+00
  4.5983e-02   4.1730e-02
 -1.0557e+00  -1.0700e+01
  2.5453e+00   1.6126e-01
 -8.2377e+00  -2.9515e+00
 -4.2129e-01  -1.7082e+00
  6.2830e+00   1.6276e+00
  5.9294e-01   3.2239e+00
  1.6904e+00  -6.0119e+00
  2.0919e+01  -1.9479e+01
  4.5703e+00   2.7240e+00
  1.3641e+00  -2.3596e+00
 -1.6021e-01   2.4234e-01
 -3.7148e-01  -6.2751e-01
  1.9242e+00   1.9630e+00
  1.7129e+00  -6.9100e+00
 -1.0565e-01   2.4735e-02
  2.1027e-01  -1.8512e+00
  1.8882e+00   1.1856e+00
 -1.1146e+01   1.5007e+01
 -5.9436e-01  -9.2405e-01
  2.4430e-01   1.5712e+00
  3.9306e-01  -1.8099e+01
 -3.7691e+00   3.7680e+00
 -1.1835e+00   2.9821e+00
 -3.8285e+00   5.9421e+00
 -9.5962e-01   3.9881e+00
 -6.3731e-01   1.6596e-01
 -2.2120e+00  -3.9349e+00
  6.1738e+00   1.2486e+00
 -8.1745e-01   3.0991e+00
  7.7312e+00  -9.7846e-01
  3.5814e+00  -2.1165e+00
 -6.0079e-02  -2.5030e+00
  2.6407e+00  -1.4242e+00
 -5.0701e-01  -7.7941e-01
  1.0763e+00  -4.2890e-01
  8.4671e-01  -1.3156e+00
 -1.9507e+00   4.6182e+00
  1.3540e+01   2.3096e+01
 -9.5088e-01   3.6307e-01
  1.0967e+00  -1.1025e+00
  1.1984e+00  -4.3537e+00
 -1.3544e+00   3.0918e+00
 -1.5331e+00  -1.7718e+00
  2.9203e+00   2.0321e-01
 -1.6926e+00   5.1359e-01
 -6.6611e+00   1.3306e+01
  2.3477e-02   3.1178e+00
  1.9480e+00   2.7969e+00
 -9.0007e+00   2.9232e+00
 -1.1088e+00   1.7868e+00
  4.3279e+00   8.8844e+00
 -3.1562e+00  -1.8393e+01
 -2.3888e+00  -2.0610e+00
  3.3837e+00   4.1728e+00
 -6.5957e-01   1.4834e+00
 -4.5614e+00   2.2878e+00
  2.7179e+00  -1.6693e-01
 -2.4880e-01   8.6473e+00
 -4.7397e+00  -1.3558e+01
 -2.0650e+00   6.1884e-01
  8.4128e+00   2.5526e+00
 -6.3284e-01   4.7006e-02
 -1.8195e+00  -1.8383e-01
  1.0953e+00  -2.4090e-02
 -7.7721e+00  -7.7608e+00
  4.5417e-01   2.0540e+00
 -7.0485e-01  -3.7742e+00
  2.9941e+00   2.7022e+00
 -1.3238e+00  -1.0496e+00
  7.3679e+00  -5.1357e+00
 -6.4643e-01   2.1820e+00
  5.8675e-01  -1.6991e+00
  4.2395e+00   1.4095e+00
  8.0001e+00   2.5900e+01
 -8.5833e+00  -2.5183e+01
  4.3527e+00  -6.7029e+00
  2.0606e+00   1.6523e+00
 -1.6244e+00  -1.0631e+00
 -2.3702e+00   4.0077e+00
 -3.9402e+00  -1.5976e+01
 -1.1994e+00   5.3629e-01
  1.2182e+00  -1.5356e+00
 -2.4135e-01   1.7284e+00
 -9.1398e-01   3.0180e+00
  4.6667e-01  -3.7576e+00
