  1.2525e-01   6.0118e-02
 -1.3142e-02  -2.8293e-02
 -1.0539e+00   7.8743e-01
 -3.3985e-01  -5.8139e-01
  1.2851e-01  -9.8152e-02
 -8.0835e-01  -1.4434e+00
 -3.6555e-01   9.0748e-01
 -1.8999e+00   1.9795e+00
 -8.9985e-01   7.8885e-01
  4.3744e-02   2.3392e-02
  2.3177e+00  -1.6187e-01
  1.6971e-01   7.1197e-01
 -3.0269e-02   5.3825e-01
 -4.9104e-01  -6.1529e-01
  2.7512e-01   2.6435e-01
  3.2433e+00  -2.0679e+00
 -2.8970e-01   5.5949e-01
  2.6478e+00   1.2192e+00
 -4.4437e-01   1.3498e-02
  4.2416e-01  -2.3974e-01
 -7.2102e-01   1.7992e+00
  3.5450e-02   2.8484e-01
 -2.7032e+00  -6.3082e+00
  8.5749e-01   5.2159e-01
 -1.1336e-01  -5.1796e-02
  2.4707e-01  -2.5165e-01
  2.3401e-01  -1.6466e+00
 -9.6905e-01  -5.4739e-01
  3.6252e-01  -2.5220e-01
 -4.1292e-01   6.5605e-01
 -2.0718e-02  -3.1493e-01
  3.2587e-02  -5.5307e-01
  4.1245e-01  -9.1560e-01
 -6.7580e-02   3.3644e-01
 -4.9248e-01  -4.9844e-02
 -6.3879e-01   1.0002e+00
  4.5524e-01  -8.6883e-03
  2.5681e+00   2.8855e-02
  1.5234e+00  -7.8416e-01
  4.4821e-01   2.7075e-01
 -3.7041e-01   5.0809e-01
 -8.1088e-01   2.6440e-01
  5.9781e-01  -1.4924e-01
  1.1262e-01  -1.0538e+00
 -1.8365e-01  -1.0897e+00
 -2.4784e-01  -1.6826e-01
  1.2651e+00  -4.4292e-01
 -4.2222e-02  -2.1723e-02
  2.3343e-01  -7.0043e-01
  1.3221e-01   7.5003e-02
 -3.9029e-01  -4.2472e-02
  2.6978e-01  -4.7195e-01
 -4.6576e-01  -1.1675e+00
 -6.1553e-01  -1.1936e+00
  2.0300e-01   1.0335e+00
  9.3786e-02  -1.7311e+00
 -2.6992e-01   6.2326e-01
 -1.7374e-01  -5.9085e-01
 -8.9158e-01   1.3137e-01
  5.7701e-01  -1.2158e-01
  4.4881e-01  -4.5903e-01
  1.0840e+00  -4.8644e-02
 -2.5500e-01  -6.7808e-01
 -5.8698e-01  -1.1045e+00
 -1.2858e+00   1.4188e+00
  5.3858e-02   6.3178e-01
  1.8069e+00   3.3181e-01
 -4.4810e-01   3.7245e-01
  2.4349e-01   2.0999e-01
  3.7827e+00  -8.3775e+00
  1.7742e-01   9.6362e-01
 -6.1117e-02   5.3986e-01
  1.2854e+00   1.5073e+00
 -1.6816e+00  -2.9493e-02
  2.8563e-01  -2.4151e-01
  3.1027e-01  -2.9984e-01
 -1.2945e+00   4.1508e-01
  1.6293e-02   1.7248e-01
  3.1581e+00  -2.4963e+00
 -8.4748e-01  -4.7620e-01
 -6.1927e-02   3.5171e-01
  1.0624e-01  -6.9033e-01
 -2.4031e-01  -1.4784e+00
 -8.9636e-01  -1.6018e+00
 -1.3869e-02  -1.4800e+00
  3.9000e-02  -1.4910e+00
  2.5724e-01  -5.4005e-01
 -5.3528e-01  -1.2525e+00
  6.0295e-02   2.8110e-01
 -4.0962e-01  -1.5826e-01
 -8.4918e-01   4.2840e-01
  2.8624e+00  -6.8744e-01
  1.0737e-01   1.1978e-01
  9.1434e-01  -1.8719e+00
  1.0409e+00   1.6899e+00
  7.3129e-02   4.6792e-01
 -3.2250e-01   6.5349e-01
  4.8670e-01  -2.0494e-01
  2.4621e+00  -1.7822e+00
 -1.3474e+00   7.9861e-01
  3.1287e-01  -6.1823e-02
  3.5197e-01   3.1266e-03
 -4.7126e-01   3.3287e-01
  7.8453e-01  -2.1670e-01
 -1.3131e-01   1.7139e-01
 -1.8096e-01  -6.6413e-02
  4.3867e-01   1.6848e-01
  4.1459e-02  -1.8581e-01
  3.1390e-01  -2.5244e-01
 -5.9242e-01   1.1460e+00
  1.0825e-04   2.6313e-01
  3.7524e-01  -3.1399e-01
  1.2434e+00  -2.8539e-01
  2.2055e+00  -3.8330e+00
 -9.6890e-01   2.3900e-01
  8.1786e-01  -1.3186e+00
  2.5272e+00   3.4335e+00
  3.6042e-01  -3.3317e-01
  3.4944e-01  -2.0094e-02
  7.0584e-01   1.6432e-01
 -1.6771e-01   2.8510e-01
 -3.2134e-02   3.0582e-01
 -3.7582e-02  -1.8579e-01
  9.9816e-01  -8.8564e-02
 -7.8283e-01   8.0394e+00
  1.2703e-01   1.4313e-01
 -2.0386e+00  -2.7555e+00
  3.9890e-01  -1.0277e-01
 -3.9222e-01  -1.7408e-01
  5.9104e-02  -4.9905e-01
  1.3601e+00  -2.0282e+00
 -1.8242e-02  -3.5399e-01
 -7.0101e-01   2.5364e-01
 -1.6778e+00  -3.2921e-01
 -8.0152e-01   5.9725e-01
 -1.3034e+00  -8.6913e-01
 -5.8052e-01  -2.9898e-01
  1.3209e+00  -5.4319e-02
  4.6497e-02   3.9780e-01
  2.7543e-01  -3.1718e-01
  6.5054e-01  -1.0802e-01
  1.6854e+00   3.8496e-01
 -5.3013e-01   6.5967e-01
 -2.2959e-01   4.0116e-01
  3.1289e-01   3.9870e-02
  5.0406e-01   4.0249e-02
 -5.5995e-01  -2.5249e+00
 -1.1429e+00  -2.2141e-01
 -5.1862e-01   1.7144e-01
 -1.1307e-01  -2.3891e-01
  2.4592e-02  -2.0443e-01
 -6.3006e-02   7.8422e-01
 -6.2935e-01   6.4908e-01
 -5.4620e-01  -5.3107e-02
 -9.2731e-01   1.8753e-01
  3.0164e-01  -1.6534e-01
 -1.4800e-01  -5.8547e-01
  2.2127e+00   2.1068e+00
 -4.8868e-01  -1.7401e-01
 -1.1159e+00   2.6052e-01
 -5.1852e-01   8.9107e-02
 -6.4296e-01   1.1952e+00
 -6.5139e-03   4.2892e-01
 -1.4277e+00  -1.3935e-01
  2.3275e-01  -2.9305e-01
  1.1953e+00   1.4360e+00
  4.0255e-01  -5.1180e-02
  2.3494e-01   9.0546e-02
 -4.2386e+00   5.4398e+00
 -1.1721e-01   2.0642e-01
  2.3018e-02   2.9618e-02
 -4.9393e-01   2.9835e-01
 -6.3294e-02  -3.7694e-01
  1.5196e-03  -1.1851e-02
  3.2591e+00  -2.4313e+00
  6.1234e-01   9.5216e-01
 -4.0862e-01  -9.6926e-02
 -9.0396e-01  -6.0214e-01
 -4.5381e+00   4.4446e+00
 -1.3538e-01  -2.7690e-01
  1.6456e-01  -2.8160e-01
  3.2089e+00  -2.3871e-01
  1.1103e+00  -1.3760e+00
  3.1041e-02   4.6902e-02
 -7.3019e-02   3.6779e-01
  4.4306e+00   2.3039e+00
  1.2415e-01  -2.0497e-02
  4.7072e-01  -4.1775e-01
  3.8544e-01   3.3558e+00
 -1.0313e+00   1.0875e+00
  6.7157e-01   2.3856e-01
 -2.4780e-01   1.5831e-01
  1.4179e+00   1.2354e-01
 -5.7887e-01   6.0248e-02
  8.9257e-01  -8.3086e-01
 -6.1514e-01  -4.6596e-02
  2.6846e-01   1.9757e-01
 -2.8504e-01   8.8610e-01
 -1.0340e-01   2.0891e-01
  1.7623e-02  -3.6427e-01
  1.0646e-01  -1.6184e-01
 -3.2618e-01  -1.0684e+00
 -3.4103e-01   1.4165e-01
 -3.5161e+00  -9.6278e-01
 -6.4692e-03   4.2549e-01
  2.6218e-01   2.6344e-01
  4.2894e-01   3.6372e-01
 -2.8377e-01  -2.5302e-02
 -4.4155e-02  -1.3952e+00
 -5.6219e-01   1.5904e+00
  1.5139e-01   1.1135e-01
 -2.1389e+00   5.3203e-01
  3.4454e-01   5.5803e-01
  1.7220e+00   7.7525e-01
 -5.5763e-02   4.3701e-01
  1.2932e-01  -2.8696e-01
  3.5184e-01  -2.3862e-01
 -3.2035e-01  -3.4410e-01
 -4.2278e-01  -2.2848e+00
  6.5214e-01  -4.0999e-01
  1.0644e-01  -1.4090e-01
  3.2596e-01  -3.6659e-02
  3.7512e+00  -1.1363e+00
 -2.7088e+00   3.4725e-01
  1.0433e+00   9.5194e-01
 -5.2658e-01   3.9844e-01
  2.9606e-02  -4.4631e-02
 -1.8025e-01  -2.9103e-01
  3.1220e-01   2.3674e-01
  4.9725e+00  -3.3598e+00
 -3.5771e-01   4.0164e-01
 -1.1408e-01   1.9962e-01
 -2.7325e-01  -3.1232e-01
 -2.8342e-01   8.7510e-01
  1.9154e-01   4.5924e-01
 -7.7932e-01   5.3567e-02
  2.1532e-01   1.5462e-01
 -8.0582e-01  -3.0094e+00
 -4.0894e+00   4.5004e+00
 -3.2702e-01  -4.7062e-01
 -3.5829e-01   2.5053e-01
 -3.1978e+00   1.0508e+00
  1.5557e-01   1.4705e-01
 -1.5227e+00  -2.1100e+00
  1.2473e+00  -1.4919e+00
  7.9026e-02   1.1430e+00
 -1.0300e+00  -3.7214e+00
 -3.5424e-01  -3.1113e-01
 -2.5070e-01   7.0995e-01
 -3.0168e-01  -3.5800e-01
 -4.5211e-01   4.0068e-01
 -1.6647e-01   2.8005e-01
  7.4520e-01  -1.0185e+00
  8.7783e-01   1.3556e-01
 -5.7245e+00  -2.7085e+00
  9.4434e-03   7.2062e-01
 -1.1605e+00  -1.2109e+00
  6.2001e-01   4.3693e-01
  7.4482e-01  -1.4031e-01
 -5.6590e-01  -4.8216e-01
  1.4674e+00  -1.3091e+00
 -2.7276e+00  -3.3630e+00
  5.9265e-01   1.2060e-01
 -2.5007e+00   1.0000e+00
 -1.4179e+00   1.1108e+00
  2.6549e-01  -4.4357e-03
 -4.3133e-01  -1.8520e+00
  6.0996e-01   6.0657e-01
 -3.7190e-01  -9.1479e-02
  2.6677e-01  -8.9794e-01
 -1.8103e-01   3.0836e+00
  3.3630e-01  -5.7222e-02
 -1.9631e-01   1.1132e-01
  5.2463e-01   1.8464e+00
 -2.4272e+00   5.7522e-02
 -1.1984e-01   2.4546e-01
  2.9175e+00  -1.3974e-02
 -4.1434e-01   3.6691e-01
 -2.8380e+00   3.4814e+00
 -3.2704e-01  -2.4879e-01
 -1.3254e+00  -8.0363e-01
  2.1387e-01   6.4766e-01
  2.0254e+00   5.8797e+00
 -4.2524e-01  -3.6233e-01
 -2.4277e-01   2.4730e-01
 -1.3246e-01   2.3538e-01
 -1.9018e-01   7.3678e-01
  4.7908e-01  -4.8062e-01
 -1.3531e+00   7.9163e-01
 -1.2816e+00   2.0980e-01
  1.5294e+00   1.3829e+00
  7.2374e-01   4.3820e-01
 -3.5721e-01   2.6347e-01
  1.3514e+00   1.5482e-02
 -1.0384e-01  -3.2350e+00
  2.5944e+00   9.5491e-01
  1.6390e-01  -4.0207e-01
  7.0986e+00  -4.3106e+00
  4.2823e-01   2.6378e-01
 -1.3713e+00   2.6683e+00
 -1.2436e-01  -2.8168e-01
  1.0554e+00   2.1044e+00
 -1.4665e+00  -8.7788e-01
 -2.1587e+00  -2.8034e-02
 -2.9904e-01   3.3135e-01
  1.5788e+00  -2.0923e+00
 -5.1571e-02   2.6422e-01
 -5.9518e-01   3.4661e-01
  4.2593e-01   4.2152e-01
 -2.5640e-01   1.9775e-01
 -2.7664e-01   2.9337e+00
 -2.6375e+00   1.6540e+00
 -1.9728e+00  -3.5565e-01
 -3.6209e-01  -1.8396e-01
 -9.1865e-02  -1.0746e-02
  4.2835e-01  -3.3105e-01
  2.8925e-01   5.4254e-01
 -3.4771e-01  -4.4460e-01
 -9.2625e-01  -2.2593e-01
  1.0846e+00   1.3841e+00
  1.1579e+00   4.7263e-01
  1.1093e+00   1.4493e-01
  5.1199e-01   6.0068e-01
  1.6868e+00   2.1306e+00
  2.1339e-01   2.2891e-01
  7.5147e-01  -1.8117e-01
 -3.7045e-01   9.1222e-02
 -7.2763e-01  -9.0899e-01
 -6.4063e-01   5.1360e-01
  4.0389e-02  -3.4503e-01
 -2.4402e+00  -5.1578e-01
  3.5799e-01   2.8759e-01
 -2.8234e-01   2.2092e-01
  8.4130e-03  -1.3843e-01
 -1.7045e-01  -5.6115e-01
 -2.8099e-01  -1.0558e+00
  1.9504e-01  -3.3970e-01
 -1.5946e-01  -2.8845e-01
  2.8360e-01   4.0482e-01
  4.1266e-01  -2.0395e-01
  4.2617e-01   2.9180e-01
  2.0020e+00   4.2710e+00
  3.6358e-01  -2.0009e-02
 -5.7139e-02  -7.9614e-02
  4.4707e-02   6.1000e-01
 -6.1972e-01  -2.3123e-01
 -4.8643e-01   2.0466e+00
 -2.3028e+00   1.7696e+00
  5.8845e+00  -1.7319e+00
  2.7385e-01  -7.5031e-02
  1.3357e+00   2.2136e+00
  4.2823e+00  -1.8354e+00
  4.8949e-01   2.4956e-01
  5.2770e-02  -1.1237e-01
 -2.9711e-01  -4.6981e-01
 -2.5098e+00   2.3323e-01
  1.7761e+00   2.7207e+00
 -3.1112e-01   3.3793e-01
 -4.6264e-01  -6.0562e-02
 -2.5666e-01   2.4782e-01
 -4.2726e-03  -3.4151e-01
 -4.8541e-02   3.9612e-02
 -1.1859e+00   1.2946e-01
 -4.1305e-01   4.8760e-01
 -2.7611e+00   7.5835e-01
 -1.5575e+00  -1.4397e+00
 -6.1487e-01  -2.6683e+00
 -1.7357e-01   6.4476e-01
 -3.0015e-01  -1.2226e+00
 -4.9790e-01  -5.1416e-02
  7.6556e-02  -6.1059e-02
  5.1690e-01  -2.2612e-01
  1.0566e+00  -7.7906e-01
 -1.2472e+00  -1.2757e+00
  1.9959e-01   1.1433e-01
  9.1007e-01  -5.4179e-01
  2.2439e+00   2.8395e-01
 -1.9662e-01   4.2041e-01
  3.3702e-03   2.4541e-01
 -9.4536e-01  -1.1712e+00
 -9.6590e-01   1.5997e+00
  5.0555e-02   2.0297e-01
 -1.9233e-02  -1.4619e-01
  3.0608e-01  -5.6394e-01
 -1.3778e-01   3.1274e-01
 -3.2199e-01   5.2872e-02
 -3.8295e-01  -1.5401e+00
  1.7888e+00   2.0396e+00
  3.1156e-01  -2.4952e-01
 -8.8011e-03  -5.0277e-01
 -4.6661e-01   3.7260e-01
  6.3397e-01  -6.6186e-01
 -1.7372e-01  -2.0140e-02
  3.6997e-01  -4.6877e-01
 -1.5121e+00  -1.2242e+00
  4.9746e-01   2.4018e-01
  1.3258e+00  -1.6973e+00
 -4.3526e+00   4.8835e+00
 -1.4311e+00   3.0314e-01
 -4.2141e-01  -9.0303e-01
 -2.5913e-01   1.1262e+00
 -6.5284e-02  -2.7491e-01
 -1.3428e+00  -2.3776e+00
  3.6330e-01  -6.8973e-01
 -1.9990e-03  -5.6355e-01
  1.0696e-01  -7.1714e-01
 -4.9214e-01   2.6949e-01
 -7.5564e-02  -9.1641e-01
 -2.0119e-01  -9.5375e-02
 -3.8344e+00   8.0758e+00
  2.0558e-01   3.1909e-01
  4.3456e-01   6.9953e-01
 -9.8085e-02   4.9544e-01
 -8.5643e-01  -1.6495e+00
  4.4252e+00  -4.6436e-01
 -7.7740e-01  -1.4706e-01
  1.3687e-02  -7.0240e-01
 -1.0166e-01   4.1485e-01
  2.7143e-01  -2.4632e-01
 -1.2700e+00  -6.1713e-01
 -1.2814e+00   6.0502e-01
 -4.7809e-01   1.0415e-01
  1.3455e-01  -1.8462e-01
 -1.3873e-01  -1.9781e-01
  7.9598e-01   6.4397e-01
  7.9011e-01   5.2548e-02
  3.9205e+00   5.1110e+00
  4.6050e-01  -1.1772e+00
  6.7622e-01   1.0867e+00
  7.6478e-02   3.5544e-01
 -1.6146e-01   6.1541e-01
 -5.1570e-02   1.0456e+00
 -3.7779e-01  -6.3162e-01
  9.1751e-02   1.1586e+00
 -8.1737e-01   1.2042e-01
  1.0752e-01  -2.9427e-02
  2.6430e-01  -1.2786e+00
 -5.3897e-01   1.8108e-02
  7.8113e-01  -2.7410e-01
  5.9116e-01  -6.8389e-01
  8.7341e-01  -3.3895e-01
 -1.5412e+00   2.0908e-01
 -5.3017e-02   3.3715e-01
  2.0720e-01   1.2469e+00
  8.6800e-02   1.5726e-01
 -3.7005e-01   3.5445e-01
  2.3776e-01  -6.6043e-01
 -1.3057e-01  -4.6183e-01
 -1.5374e-01  -5.5441e-01
 -3.7603e-01  -9.9628e-01
  1.7595e+00   2.0603e-01
  9.2680e-02   2.9391e-01
 -1.0190e-01   5.3159e-01
  1.3566e+00   1.2659e+00
 -3.8445e-01  -3.4883e-02
  7.5879e-01  -1.7170e-01
  3.0458e-02   4.8034e-03
  5.7680e-01  -5.8792e-02
 -9.6779e-02   9.2728e-02
  1.3050e-01  -3.4084e-01
  4.3397e-01   2.1137e-01
  4.8929e-01  -2.5944e-01
 -9.2386e-01  -8.6034e-01
  3.2167e-01   1.9015e-01
 -5.5658e-01   5.6234e-01
 -2.1815e+00  -2.6217e-01
  1.6961e-01   7.2170e-02
  8.1412e-03  -3.2335e-01
  7.7281e-01  -8.1034e-01
  3.5327e-01   7.1054e-01
 -6.7385e-01   5.3250e-01
  5.9517e-02  -1.3298e-01
 -3.5670e-02  -1.0781e+00
 -2.2835e-01  -5.9927e-01
  1.8111e-01  -5.7067e-02
  2.0821e-01   6.5689e-01
  1.5901e+00   7.7072e-01
 -4.1696e-02   5.3438e-01
 -2.4258e-01   1.8830e-01
 -3.0973e+00   9.6442e-01
 -5.9400e-01  -1.1138e+00
 -1.8357e-01   1.6882e-01
 -1.6767e+00   1.2452e+00
  4.8608e-01  -1.4129e-01
 -5.6221e-01   1.0564e+00
 -1.8444e+00   4.0454e+00
  1.7065e+00  -3.0487e-01
 -4.5868e-01  -1.7394e-01
  2.2781e-01   2.8713e-01
  4.4017e-01  -5.6111e-01
  7.4845e-02  -5.0026e-01
 -2.1440e-01   9.5370e-01
  1.4344e-01  -3.5738e-01
 -8.7176e-01  -2.9777e-01
 -2.2873e-01  -1.2946e+00
 -1.3502e+00  -4.9498e-01
  1.9526e+00  -2.1980e+00
  1.0376e-01   1.0837e-01
  6.3755e-01  -9.2376e-01
 -3.0147e+00  -5.6688e+00
  5.1530e-01  -3.2664e-01
 -1.1283e+00   3.7606e-01
  4.8276e-01  -1.5669e-02
 -1.0832e+00  -2.8511e-01
 -1.1859e-01  -3.3135e-02
  1.1739e+00   1.2060e-01
 -3.8485e-01  -3.0477e-01
  3.7256e-01   4.3729e-01
  6.7392e-02  -9.0541e-01
  1.2345e+00   1.1924e-01
  9.5834e-02   1.3481e+00
 -7.7960e-01  -1.4276e+00
  2.6878e+00  -3.1385e-02
 -2.8195e+00  -2.0929e+00
 -9.3978e-01   2.2911e-01
 -1.2527e+00   6.7734e-01
 -2.9627e-01   1.6314e-01
 -2.5435e+00  -1.3933e+00
 -7.6942e-01  -5.3367e-01
  5.2274e-03  -1.9144e+00
 -6.6582e-01   2.4765e-01
  7.6368e-01  -2.7966e-01
 -1.0059e+00   4.4759e-01
 -6.8041e-02   3.0905e-01
  7.6606e-01  -2.2960e-02
 -1.8982e-01   2.7424e-01
 -2.1170e+00   6.2467e-02
 -7.2519e-01  -1.6361e+00
 -3.3521e+00  -1.0436e+00
  7.3963e-01   3.7902e-01
 -5.3941e-02   1.7975e-01
  4.2738e-01  -7.7647e-01
  2.2576e+00   2.4054e+00
 -1.4970e-02   2.9583e-02
 -1.3084e-01  -3.5726e-01
  7.8398e-01  -6.0918e+00
 -4.6885e-02   2.8974e-02
 -3.1197e-01  -9.2510e-01
  3.4640e-01   4.9089e-01
  2.8409e+00   1.8999e+00
 -2.3999e-02   3.0936e-01
  1.5978e+00  -8.2418e+00
 -5.7053e-01   3.8893e-01
 -1.1361e-01  -1.4216e-01
 -3.4615e-01  -1.9090e-01
  5.0723e-01   3.0257e-02
 -1.0140e-01  -2.4618e-01
  8.0899e-01   5.8093e+00
  5.2608e-02  -1.2660e-01
 -2.9307e+00  -2.6566e+00
  1.9767e-01   1.0399e-02
 -2.0921e-01   3.9639e-01
  2.8566e-01  -6.0176e-01
 -9.8503e-01  -4.6144e-01
  1.2754e-01   4.0611e-01
 -1.0511e+00   9.9730e-01
  1.9822e+00   2.3704e+00
 -3.1302e-01  -6.9055e-02
  4.9672e-01   5.3463e-01
  3.4987e-01   1.7956e-01
 -5.5177e-02  -3.6464e-01
 -5.6723e-01   3.3219e-01
 -2.5832e-01  -1.4407e-01
  3.6714e-01   3.5192e-01
 -4.8973e-02   1.9719e-01
 -1.5889e+00   1.1295e+00
 -6.4421e-01  -1.7776e+00
  8.1326e-01  -1.0230e-01
 -5.2950e-01   2.2320e-01
 -2.7469e+00   4.2156e-01
  1.6527e-01   8.8400e-01
  1.0880e-01   6.4982e-01
 -1.4439e-01  -6.1037e-01
  2.5353e-01   2.1653e-01
  4.3408e-02   7.9688e-02
 -3.8028e-01   4.6358e-01
  5.0643e-01   2.3361e-01
  7.5863e-01   5.8313e-01
  2.1377e-02  -4.8775e-01
 -3.6750e-02   5.4500e-02
  4.8746e-02   2.9142e-01
 -8.7622e-01   2.0046e+00
 -9.7106e-02   4.0037e-02
  9.0225e-01  -3.2103e-01
 -6.8703e-02   4.6570e-01
  2.0262e-01   4.0424e-03
  1.2470e+00   1.3040e+00
 -2.3888e+00  -2.7401e+00
  4.4106e-01   6.2232e-01
  4.9252e-01  -2.5239e-01
 -1.0804e-01   9.6995e-02
 -1.3076e-01  -9.3038e-01
 -6.5864e-01  -9.3406e-02
 -4.8407e-01  -6.6652e-01
 -5.7673e+00  -1.1188e+00
  4.6778e+00  -3.9880e+00
  1.4517e-01  -1.0458e-02
  1.7006e+00  -8.3799e-01
  3.1011e-01   2.7159e-01
 -5.0464e-01   8.6571e-01
 -1.3497e-01  -2.8122e-01
 -1.2756e-01  -2.4072e-01
  6.7540e-03   4.2219e-02
  9.3569e-01   1.2607e+00
 -9.2215e-01   1.3120e-01
  2.2402e-01  -6.7353e-01
 -3.0525e-01  -4.6702e-01
 -2.7002e-01  -2.9759e-03
 -1.4949e+00   1.5027e+00
 -1.2321e+00   2.3814e-01
 -2.9903e+00  -9.8109e-01
 -1.0898e-02   3.2711e-02
 -4.0539e-01   4.5674e-01
  2.2387e+00   5.8183e-01
 -1.0334e+00  -8.0266e-01
 -4.2425e-01   1.7964e-01
  5.6347e-01  -1.6399e+00
 -2.9865e-02   2.6851e-02
 -4.0716e-01  -5.9533e-03
 -1.5626e-01   3.5109e-01
 -7.3989e-01  -1.4037e+00
  7.6385e-02  -2.9611e-02
 -5.9337e-01   9.3048e-01
 -1.4552e-01   2.4053e-01
  9.1888e-01   6.0601e-01
  1.9941e-01  -1.3194e-02
  9.2870e-01   2.2759e+00
 -1.1185e+00  -1.0235e+00
  1.3435e+00  -6.6900e-01
  1.2011e+00   1.2585e+00
  1.4310e-01  -1.6284e+00
 -3.0166e-01  -1.6728e-02
  9.6511e-01  -2.7284e-01
 -3.0049e-01   1.7214e-01
  1.2213e+00   2.7014e-02
  2.8011e-01  -2.8088e-02
 -1.0231e+00   1.2576e-01
 -6.6689e-02  -3.4511e-02
 -4.8481e-02   3.3503e-01
  9.7387e-01  -3.4922e-01
 -1.6558e+00   2.1379e+00
 -1.8522e-01  -2.1970e+00
  6.9853e-02   3.5009e-01
 -8.8463e-01   8.0990e+00
 -7.4036e-01   9.1215e-01
 -1.1983e-01   2.9018e-01
  6.7859e-02   8.5494e-01
 -5.2661e-02   9.2931e-01
 -5.8791e+00   4.9622e+00
  5.1590e-02   3.4681e-01
  5.5928e-01   1.3829e-01
 -5.9529e-01   1.0611e+00
 -7.9040e-02  -1.7473e-01
  3.7618e-01  -5.6522e-02
  1.4797e+00   3.0387e-01
  2.2913e-01  -4.2434e-01
 -1.1431e+00   6.9289e-01
 -8.1380e-01  -6.5562e-01
  5.6518e-02  -1.1503e-01
  4.6962e-01  -7.0258e-02
 -1.4019e+00  -1.6660e+00
 -6.3073e+00  -1.0771e+00
 -3.6391e+00  -8.6674e-01
  1.6635e-01  -5.8092e-01
  1.4670e-01  -4.3035e-01
  2.8637e-02  -1.0133e+00
 -5.1271e-01  -1.8303e-01
  6.5644e-01  -1.4653e+00
  1.0230e+00   7.0282e-01
 -1.0493e+00   1.4455e+00
  5.9184e-02  -9.7600e-02
 -3.1335e-02   1.5788e+00
  8.0333e-01   5.2849e-02
 -1.0631e+00  -2.5780e+00
  2.7059e+00  -7.8017e+00
  5.7036e-01   8.0819e-02
 -1.2808e-01   7.4086e-01
  7.5372e-01  -1.8932e+00
 -1.0778e+00   1.7194e-01
  6.8920e-01   4.0805e-01
  2.0370e-01   3.7387e-01
 -1.7746e-01   5.1693e-01
  4.6778e-01  -4.7623e-02
 -4.5576e-01  -8.9080e-02
  1.3961e-01  -2.4407e+00
  4.1205e+00  -2.9213e-01
 -1.0122e+00  -1.9292e+00
  2.6211e-01   2.7125e-01
 -1.6360e+00   3.7847e+00
  7.9158e-01  -6.4487e-01
 -1.4656e-01  -1.0612e+00
  1.0258e-01   1.1486e+00
  1.2496e-01   3.1319e-02
  1.5966e-01  -1.1444e-02
  3.0022e+00  -4.3324e+00
  1.2326e-01  -3.5893e-01
 -1.5423e-01  -5.5618e-01
  6.6018e-01  -8.1168e-01
 -2.1229e-01   1.3746e+00
  3.3630e-01   4.1517e-01
  2.4816e-01   2.3861e-01
 -3.0383e-01  -9.9109e-01
 -6.8692e-01   3.0871e-01
  1.4327e-01   3.6765e-01
  1.2363e+00   3.7771e+00
  5.6023e-02   3.8687e-01
 -1.6888e-01   1.6682e-01
 -6.8498e+00   9.1496e-02
  1.2856e+00   3.3291e-01
  1.9221e-01   3.0816e-01
 -3.7281e-01  -1.8367e-01
  2.1877e-01  -2.9617e-01
  3.1023e-03   3.8757e-01
 -9.0474e-02   2.4372e-01
 -1.5993e+00  -3.6827e+00
 -2.1368e+00  -1.7940e+00
  3.3261e-01  -7.3372e-01
  2.0089e+00   5.9502e-01
  6.2207e-01   3.7979e-01
  1.5554e-01   8.9622e-02
  3.0651e-01   1.4833e-01
  6.8627e-01   3.3707e+00
 -4.2214e-02  -7.4924e-02
 -2.8312e-01  -3.8714e-01
  2.2562e+00  -1.9860e+00
  2.5538e-01  -5.8296e-01
 -6.0728e-01   3.9097e-01
  8.1701e-01  -1.6665e-01
  1.9194e+00   4.6654e-01
 -1.4974e-03   4.2616e-01
 -1.3052e-01  -2.5497e-01
 -6.4711e-01  -3.3275e-01
  4.5908e+00  -3.0818e+00
 -1.8724e-01  -5.8058e-01
 -1.6172e-01   1.5730e-01
  3.6363e-01   6.0339e-01
 -2.8800e-01  -3.8595e-01
 -4.2958e-01  -1.5565e-01
 -1.2557e-01  -5.5778e-01
  9.8772e-01   4.2395e-01
  1.6650e-01  -9.0536e-02
 -6.4242e-01   1.2118e-01
  4.1083e-01   9.2888e-01
  4.5878e-01   3.1584e-01
 -1.2901e-02   1.0604e-01
 -4.6858e-01   4.0068e-01
  1.8795e+00   4.0154e+00
  9.7843e-03  -2.3720e-01
 -6.5867e+00  -4.8696e+00
 -3.7923e-01  -5.4834e-02
  2.4237e-01   4.2238e-01
 -3.1885e-01  -3.7392e-01
 -1.8013e-01  -5.6375e-01
  5.4554e-01  -3.2801e+00
 -1.3248e+00  -2.2395e-01
 -4.4757e-02   2.8474e-01
  1.8657e+00   2.8117e+00
 -1.1952e+00  -1.9759e+00
  4.4778e-01   5.8891e-02
  1.6625e+00  -5.5743e-01
 -6.6370e-01   2.4681e-01
 -2.6868e-01   6.8367e-01
  1.6295e+00   1.5650e+00
 -3.8082e-01   1.8002e+00
  2.4886e-01   9.7008e-01
  4.8824e-01  -1.2716e-01
  1.0670e-02   2.2632e-01
 -2.0179e+00   3.4389e-01
 -3.9338e-01   2.3583e-01
  1.7367e-01   8.7081e-02
  3.1165e-01   8.1944e-01
  1.0437e-01  -5.0262e-02
 -3.7270e-01   3.9264e-01
  2.3679e-01   2.8573e-01
  4.3480e-01   2.3882e+00
  1.7735e+00  -3.4381e-01
 -7.7708e-01  -1.0668e+00
  3.8843e-01  -2.9641e-01
 -9.4431e-02  -1.1890e-01
  1.2837e+00   1.8917e+00
  7.6519e-02  -3.8077e-01
  5.8604e+00   2.8850e+00
 -9.6756e-01  -1.5563e+00
  3.7674e-01  -3.3231e-01
  9.8862e-02   3.1704e-01
 -4.8401e-01   3.9683e-01
 -9.1713e-01   6.0508e-01
 -8.8299e-01   1.6655e+00
 -6.6518e-01   6.4536e-01
  8.9589e-01   7.3717e-04
  1.3467e+00   8.8722e-01
 -6.4997e-01  -9.2925e-01
 -6.3502e-01  -1.7874e-01
  1.6056e+00   1.2181e+00
 -8.9443e-01  -3.8023e-01
  1.9229e-01   1.1033e-01
  8.3450e-01  -4.5373e-01
  9.4560e-01   3.4876e+00
  2.4087e-01  -2.9899e-01
 -1.3256e+00   1.7805e+00
  8.4625e-01  -5.6191e-02
  3.0476e-01   1.9445e-01
 -8.4585e-01  -9.2038e-01
  3.1789e-01  -1.9432e-01
  1.4344e-02   4.5510e-01
  1.7383e-01   6.2459e-01
 -1.9989e-01  -5.2458e-01
  1.4415e+00   2.7286e+00
  4.1834e-01   5.7848e-01
  7.5546e-02   6.2946e-02
  7.6461e-01   4.9146e-01
 -2.9829e-01   2.8338e-01
 -2.9893e-01  -5.5385e-02
  8.8622e-01   3.4656e-01
 -7.7659e-02   4.7716e-01
  3.2996e-01   6.7821e-02
  7.5252e-01   1.5382e-01
 -9.6690e-01   2.9086e-02
  9.4129e-01  -1.6170e+00
 -2.0076e+00  -1.4643e+00
  2.0578e-01  -2.1748e-01
 -1.0176e+00   3.8970e+00
 -3.9695e+00   7.5589e+00
  9.2721e-01  -4.2136e-02
  5.3516e-01   7.1513e-01
 -2.1253e-01   3.6284e-01
  8.4992e-01  -6.4302e-02
 -5.2900e-03   6.3732e-02
  4.9678e-01   4.2766e-01
  4.9497e+00  -3.4164e+00
  8.4295e-01  -3.8507e+00
  1.5583e-01  -3.1637e-01
  9.4791e-01   1.0107e+00
 -5.5032e-02  -3.5011e-03
 -2.7703e-01  -1.8375e-01
 -3.6299e+00   1.2212e+00
 -1.4318e-01  -2.1612e-02
  1.8424e-01   8.6763e-01
 -3.8400e-01   9.3663e-01
  1.3381e-01  -1.4741e-01
 -6.6849e-01  -6.1614e-01
 -3.6268e-01  -1.5317e-01
  1.1281e-01   4.9830e-01
  6.9364e-02  -3.6630e-01
  3.1513e-01  -5.2512e-01
 -3.4773e-01   7.1806e-01
  3.9539e-01   6.0854e-01
 -8.8304e-01   5.7819e-01
 -1.0424e+00  -1.5137e+00
  1.0361e-01  -8.3524e-01
 -8.4426e-01   5.5175e-01
 -2.8802e-01  -5.5245e-01
  2.2967e-02  -2.9191e-02
 -4.4685e-01   7.0908e-01
  1.7855e+00  -1.7697e+00
  1.1598e+00   2.2484e+00
 -9.0619e-01   1.7962e-01
 -3.5766e-01  -4.4391e-01
 -4.4185e-01   3.0718e-01
  1.4625e+00  -1.3641e+00
  2.5342e-01  -4.8290e-01
 -4.1861e-01   1.3264e-01
  2.9050e-02   8.6925e-02
  4.4159e+00  -6.3887e+00
 -1.0017e+00   3.5642e-01
 -1.6956e-01   2.4239e-01
 -2.4471e-01  -1.7107e+00
  9.4867e-01   3.3054e-01
  3.1997e-01   7.5966e-02
 -3.8811e+00  -1.4617e+00
 -3.3846e-01   8.2867e-01
 -6.0443e-02  -1.1262e-01
  1.0212e+00   1.5657e+00
  3.3113e-01  -3.5141e-01
  2.3682e+00  -7.7957e-01
  3.0373e+00  -8.7048e-02
 -1.0661e+00  -5.8984e-01
 -5.3126e-01   8.2316e-01
  1.7373e-01   2.8638e-01
 -1.2579e+00  -3.8760e+00
  7.0267e-03   1.3735e+00
 -6.6162e+00   2.8726e+00
 -2.7969e+00   6.7768e+00
  6.5406e-01   8.0521e-01
 -5.4862e-01   8.7026e-01
 -1.2979e-01  -1.9065e-01
  6.2461e-01   3.2115e-01
  1.1254e+00   3.1703e-01
 -5.4652e-02  -2.0684e-01
  2.1027e-02   5.5242e-01
 -3.1151e-01  -1.0987e-01
  1.0341e-02  -7.2969e-01
 -2.5421e-01   2.1565e-01
  4.6337e-01  -7.6515e-01
  7.5991e-01  -1.3576e+00
  4.3512e+00  -4.8338e+00
  6.6414e-01  -4.1895e-02
 -1.0056e+00  -1.8261e+00
 -1.6144e-01   9.5772e-01
 -1.0161e+00   4.3367e-01
  5.7856e-01   2.0678e+00
  4.1034e-01   2.2062e-01
 -5.9252e+00  -4.2887e+00
 -4.4602e-01  -2.6824e-01
  8.9707e-01   6.9182e-01
  5.6967e-01  -3.5973e-01
 -1.2386e-01  -1.5248e-01
 -1.3491e+00   1.0349e-01
  1.4421e+00  -2.3052e-01
 -1.2308e+00   3.9529e-01
  1.6243e+00  -1.7401e-01
  3.9068e-01  -2.5079e-01
  8.9997e-01   3.9511e+00
 -3.4455e+00   2.4506e+00
  7.2890e-01  -1.6353e-01
 -1.0356e-01  -2.7965e+00
  7.3036e-01   1.5227e-01
 -1.1518e+00  -2.1287e-01
  1.8963e-01   4.4708e-01
  2.2044e+00   7.8034e-01
  2.9743e-01  -5.8473e-01
  8.2319e-02  -2.1422e-01
  5.8178e+00  -5.7119e+00
  1.6968e-01   2.0503e-01
  1.6958e-01  -6.7517e-01
  2.7406e-01  -1.0625e-01
 -7.2852e-01  -7.2134e-02
  6.7843e-01   8.0823e-01
  3.1316e-02   1.4072e-01
  5.5965e-01   5.1937e-03
  2.6901e-02  -4.4842e-01
  5.9811e-01   4.4576e-02
 -2.8360e+00   3.7184e+00
  1.7204e-01   4.8356e-01
 -1.4273e-01  -4.4087e-01
 -5.3668e-02  -1.7681e-01
 -3.8493e-02   9.1558e-01
 -2.3985e-01   5.7363e-01
 -1.9177e-01  -3.0270e-01
  2.1145e-01   1.0858e+00
 -1.0544e+00  -9.7290e-02
 -1.2639e-01   3.2858e-02
  2.5981e-01  -1.7408e-02
  2.1303e-01   1.2278e-01
  2.2278e+00  -8.9753e-01
  1.2951e+00  -4.3595e-01
 -1.1883e-01   3.4220e-01
  5.0227e-01   3.9355e-01
 -5.0729e-01   2.4966e-01
  1.0884e-01  -3.2005e-03
  5.8534e-01  -2.9411e-01
  1.9923e-01   1.1056e-01
  3.9953e+00   5.9550e+00
 -6.2034e-01   6.2415e-01
  6.3740e-01  -7.5527e-01
  4.0758e-02  -1.3263e+00
  1.4523e-01   2.6592e-01
 -7.9588e-01   1.0041e-01
  6.5618e-01   2.5122e-01
 -6.7227e-01  -2.4883e-01
 -2.0552e-01  -4.3704e-05
  1.0777e-01   1.3122e+00
  6.5664e-01   1.6985e-01
 -2.8004e+00   7.8944e-01
  2.1869e-01   4.4403e-02
  1.2131e+00   2.8996e+00
 -6.2857e-01  -3.2274e+00
  2.4021e-01   2.0373e-01
  4.8979e-01   8.1552e-01
 -1.4629e-02   1.8374e-01
 -7.3316e-01   4.0809e-01
  4.1898e-01   9.8572e-02
 -1.1408e-03   1.9262e+00
 -3.9324e-01  -3.1205e+00
  5.5233e-01  -3.2603e-01
  2.3608e+00   7.3715e-01
 -3.0879e-01   6.7945e-01
 -3.5634e-01  -2.0979e-01
 -5.7774e-01  -1.7759e-01
 -1.3957e+00  -1.1370e+00
  2.4037e-01   1.7696e-01
 -3.0941e-01  -1.0572e-01
  2.2657e-01   1.4712e+00
  5.0122e-02  -3.0174e-01
  1.4126e+00  -6.8897e-01
  2.2725e-01   4.3303e-02
 -7.2016e-02   4.9223e-01
  9.3840e-01   3.9141e-01
  2.5708e+00   7.6698e+00
 -2.2254e+00  -7.1199e+00
  1.0791e+00  -1.6485e+00
 -5.3732e-01  -1.8378e-01
  2.1952e-01   5.0954e-01
  2.2043e-01   2.0459e-01
 -1.0985e+00  -5.0674e+00
 -1.4415e-02  -5.7473e-01
 -1.2723e-01   4.3271e-01
  1.0946e+00   2.7138e-02
 -6.0323e-02   1.3187e+00
  3.2543e-01  -1.3523e-01
