  1.2965e+01  -2.4181e+01
  1.5247e+01  -2.4433e+00
  8.7265e+00   3.8210e+01
 -1.0724e+01  -3.1863e+01
 -2.6086e+02  -3.1725e+02
 -1.3042e+01  -4.6429e+01
 -2.1679e+00   7.8073e+00
 -4.0743e+00   2.5314e+01
 -5.8033e+00   1.0337e+00
  1.2573e+01   4.2523e+00
 -2.0212e+01  -3.4733e+00
 -3.2186e+01  -3.0786e+01
  1.0735e+02   6.3365e+00
 -2.4058e+02  -1.3436e+01
  3.2681e+01   5.0277e+01
 -7.6474e+01  -1.8448e+01
 -5.3106e+00  -1.0083e+01
  5.8286e+01   3.8626e+01
 -1.2830e+01  -5.6740e+00
  9.0214e+00  -1.8577e+01
  1.1023e+02   2.5849e+01
 -4.2127e+01   2.1198e+01
  2.0386e+01  -1.3072e+01
  8.7416e+00   6.2630e+00
 -1.0725e+02  -4.2410e+01
  7.5278e+00  -2.1911e+01
  4.4881e+02   1.2080e+02
 -6.5300e+02   1.6985e+03
  9.6923e+02  -6.2147e+02
  3.6608e+00   3.5774e+01
  8.8100e+01   3.7121e+01
  3.2469e+00   6.0809e+01
 -1.0419e-01  -4.8167e+00
  1.8134e+02   8.8917e+00
  1.0467e+01  -2.4932e+01
  1.5174e+01  -5.3762e+00
  1.8576e+02   3.7879e+02
  7.7053e+00   3.3223e+00
 -3.3169e+00   5.6903e+00
 -1.3512e+01   6.7426e+01
 -3.9999e+01   2.8785e+01
  1.3139e+00  -2.5217e+01
 -2.8366e+01   1.9251e+00
  2.4762e+01   1.0949e+01
 -2.7201e+02  -1.0554e+02
 -7.0775e+01  -2.9673e+01
 -3.2026e+00  -5.4914e+01
 -6.0479e+01  -4.9696e+01
 -6.8743e+00  -1.4752e+01
  6.1766e+01  -2.6874e+01
 -1.5370e+02   1.5264e+02
  1.3627e+01  -9.4157e-01
  2.2842e+01   1.7280e+01
  5.8612e+00   2.7210e+00
 -2.6806e+01  -1.0877e+01
 -2.4169e+01   2.6042e+01
  3.0659e+00   2.3917e+01
 -1.2965e+01  -1.5502e+01
 -1.5714e+02   3.7738e+01
  4.6647e+01   9.9239e+01
 -2.6402e+01   5.2976e-01
 -1.3439e+02   7.2688e+00
 -2.8464e+01   8.8002e+00
  4.2908e+02   2.0502e+03
  1.3208e+00   5.1039e+01
 -2.3203e+00  -1.9723e+01
 -6.8006e+00  -7.3189e-01
 -4.4451e+00  -9.4538e+00
  1.8691e+03   5.6280e+01
  1.8061e+01   3.1504e+01
  8.2717e+00   1.1584e+01
  1.3912e+01  -1.3063e-02
  6.6636e+00   9.1457e+00
  5.1830e+01  -4.7603e+01
  4.6256e+02  -1.9718e+02
  8.7766e+01  -4.4437e+01
 -3.3177e+00   2.1165e+01
  2.2073e+01  -4.9375e+01
 -1.0917e+01   1.3824e+01
 -3.9702e+01   6.9230e+00
  3.8380e+01  -5.9556e+01
 -2.5000e+01  -1.3509e+01
 -6.4436e+01  -1.2594e+02
 -9.8196e+00   2.1570e-01
  3.4907e+01   2.6599e+01
  2.4956e+01  -1.4417e+01
  1.0717e+02   2.0715e+02
  8.1359e+00  -1.4468e+01
  7.3611e+00   9.6609e+00
 -3.4711e+01   3.8686e+01
  2.0181e+01   6.3785e-02
  1.3427e+01   7.2811e+00
 -4.4957e+01  -7.0315e+00
  6.6799e+01   3.8847e+01
 -3.2159e-01   7.3266e+00
 -2.5447e+00  -1.1668e+01
  8.9191e+01  -4.7904e+01
  1.5845e+01  -7.8116e+01
  1.1533e-01   1.0096e+01
 -1.1302e+02  -4.8491e+01
 -1.4593e+01   1.0814e+01
 -3.2873e+02   2.7632e+03
  7.8037e+00   1.1223e+01
 -4.1911e+00   9.1928e-02
  7.2494e+00  -1.6691e+00
 -1.0673e+01  -2.1807e+00
 -2.9534e+01  -4.1677e+01
  3.0045e+01   7.3078e+01
 -5.3125e+01   3.9702e+00
  1.8052e+01  -1.4806e+01
  9.0939e+00  -1.8514e+01
  2.1375e+00  -1.4488e+01
 -2.9754e+01  -8.7069e+00
  4.8323e+00  -9.4221e+00
 -9.6490e+01   5.9021e+01
 -1.2204e+01  -1.5603e+01
 -1.7422e+02  -7.4488e+00
 -2.0462e+01   3.8155e+01
 -8.9505e+01   2.3277e+01
  4.0822e+00  -4.0049e+00
 -9.3202e+00   1.4397e+01
  4.7082e-01   1.0876e+01
  1.7406e+01  -4.3160e+01
  3.5886e+00  -2.0252e+01
 -3.3294e+01  -1.0091e-01
 -9.5736e+00   1.4817e-01
 -4.7543e+01   4.2064e+01
 -1.1603e+02  -6.8360e+00
 -1.0632e+01  -1.6641e+01
  1.1381e+02  -6.4685e+01
  1.2665e+02  -1.7075e+00
  9.0332e-01  -7.2913e+00
 -9.4991e+00  -6.3678e+00
  1.5260e+00  -1.0178e+01
  5.0965e+00  -3.5028e-01
 -9.6047e+00   1.9557e+01
 -3.2454e+00   1.4603e+01
 -3.4652e+01   3.8796e+01
  1.3185e+01  -3.8161e+00
  1.1729e+01   1.2407e+01
  6.7035e-01  -4.0876e+00
  1.3112e+01  -5.9313e+00
  1.9791e+01   9.4391e-01
 -9.8534e-01  -1.5448e+01
  3.3348e+00  -2.7928e+01
  1.6813e+01  -2.6014e+01
  1.9221e+01   1.1424e+01
 -1.0751e+01  -6.3910e+00
  1.0697e+01  -1.0178e+01
 -1.8214e+01  -6.9215e+00
 -2.0780e+01  -7.8773e+01
 -3.8357e+01  -1.6666e-01
  1.8196e+01   1.7246e+01
  1.3474e+02  -4.0642e+00
 -1.9286e+01  -1.8727e+02
 -1.2619e+01  -2.2283e+01
  1.6028e+00  -3.2461e+01
  1.4837e+03   1.4280e+03
 -2.9587e+02   1.0664e+02
 -2.9011e+01  -2.2995e+01
 -1.0807e+01   9.5357e+00
 -1.1375e+01   2.3789e+01
 -7.2667e+00  -7.2262e+00
  4.2095e+02   1.4272e+03
  1.0864e+02  -9.6080e+01
 -4.6547e+01  -2.0775e+01
  5.2376e+00   1.0659e+01
 -2.2674e+00  -3.5896e+00
  6.8411e+00  -1.4143e+01
 -1.3098e+02  -2.0368e+02
  3.4884e+01   1.0053e+02
 -1.4806e+01  -3.9670e+01
 -9.7435e+02   6.2228e+02
  3.2959e+00   2.2790e+00
  1.4533e+00   2.4337e+01
  2.7551e+01   2.9458e+01
  1.0288e+01  -1.7883e+00
 -1.0125e+02   1.0856e+02
  1.5914e+02   3.3204e+01
 -2.5531e+01   2.0810e+00
 -7.1432e+01  -1.0717e+02
  2.5939e+01  -5.4869e+01
  2.0096e+01   6.7614e+00
 -9.1755e-01   6.5707e+00
  1.3480e+00  -2.6374e+01
  1.8404e+01  -6.7642e+01
 -2.4766e+01  -8.0174e-01
 -2.5883e-03  -4.2983e+00
  1.3573e+01  -6.9977e+00
  2.0031e+02   2.3561e+02
 -1.5770e+01   1.1704e+00
 -7.2181e+01   7.3681e+01
  1.0337e+01  -4.7141e+01
  5.3589e+00  -3.3372e+00
  1.5953e+01  -1.0900e+01
  6.9939e+00  -3.3683e+00
  9.7188e+01  -2.6667e+02
  2.9250e-01  -2.3995e+00
  1.2049e+01   1.8891e+01
  1.5730e+01   6.7717e+00
  6.1516e+02  -5.5150e+02
 -5.0742e-01   5.1117e+00
  3.6389e+01   1.4447e+02
 -2.8735e+00   6.5740e+00
 -3.7045e+01  -8.3431e+00
 -1.6026e+02  -2.4754e+02
 -9.7790e+00   6.7888e+01
 -1.8802e+01   2.4533e+01
  3.3438e+02   1.8568e+02
 -2.4492e+01  -4.0748e+01
  3.1151e+02  -8.9070e+01
 -1.5849e+01   4.4875e+01
 -6.6142e+01  -4.9011e+01
 -8.7852e+00  -3.6406e+01
 -7.4326e+00  -1.3123e+01
 -5.9511e+00  -1.7144e+00
 -3.8941e+01   2.9324e+01
  6.8788e-01   1.1465e+01
 -4.0115e+01   2.4329e+01
  6.4597e+01   7.0930e+01
 -2.3587e+01  -1.6897e+01
  7.9399e+01  -2.1205e+01
  6.2677e-01   9.0548e+00
  4.4802e+01  -7.6579e+01
 -4.8081e+00  -1.3529e+01
  3.4667e+02   2.1441e+01
  8.6576e+00   4.9410e+01
 -1.3633e+01   1.1526e+01
  6.8146e+00   2.1676e+01
 -2.9750e+01  -8.4449e+00
  4.9511e+00   4.9691e+00
  5.2608e+00   1.4019e+00
 -2.5786e+01   2.3151e+01
 -5.2366e-01  -7.2388e+00
 -1.7792e+00  -4.6526e+01
 -1.9499e+01   8.7003e+00
 -1.5083e+00  -5.3134e+00
  1.7652e+01   4.3870e+01
  1.2910e+01   2.8897e+01
 -9.5008e-01   2.4448e+01
  9.0833e+00   2.6057e+01
 -1.5025e+02  -2.5024e+02
  2.6646e+01   5.2127e+01
  4.7986e+01  -5.6924e+00
 -1.2082e+02   6.6607e+01
 -1.0827e+02   3.8661e+01
  1.1453e+00   1.1187e+01
  1.2281e+00  -1.7075e+01
 -7.8560e+00   1.8179e+01
  4.0833e+00  -7.6089e+00
  1.0686e+01  -3.1983e+01
  2.5172e+02   1.6531e+02
  1.5024e+01  -1.0346e+00
  1.5034e+01  -3.9887e+01
 -3.9363e+01  -1.1323e+02
  7.0276e+01   1.4813e+00
 -2.1221e+00  -1.8757e+00
  1.9132e+01  -1.6621e+01
  1.6805e+00   2.8473e+00
 -1.1449e+01  -1.5372e+01
 -3.2540e+01   2.4685e+01
  6.3357e+00   9.1979e+01
 -3.0216e+01   3.1931e+01
 -3.0125e+01   3.1926e+00
  7.3330e+00   1.7714e+00
 -4.9430e+01  -1.1719e+01
  6.3256e+01  -5.5869e+00
 -6.2087e-01  -8.5039e+01
 -2.0494e+02   6.4038e+02
  2.1499e+00  -8.5842e+00
 -1.1827e+02   2.1296e+02
 -6.0236e+01  -2.2560e+01
 -7.6329e+00  -7.3757e+00
 -1.7764e+01   1.4770e+01
  3.5434e+01  -1.2347e+01
  1.7566e+01   1.8882e+01
  1.7059e+01   2.1663e+01
  6.4871e+00  -2.6780e+01
 -1.6531e+00  -3.2496e+01
  1.0224e+00  -4.4815e+01
 -9.8868e+02  -3.1629e+02
 -1.0382e+01  -6.8805e+00
 -1.0347e+01  -5.9345e+01
 -3.1748e+01   6.0584e+00
 -7.2879e+00  -9.5416e+02
 -8.4044e+00   1.3164e+00
  9.8962e+01  -5.4929e+01
  2.1426e+01   1.4543e-01
  1.2258e+01  -2.1322e+00
 -1.5395e+01  -9.2063e-01
  9.5986e+00   1.0382e+01
 -6.7079e+00   2.0413e+01
  5.1832e+00   3.6840e+00
  7.3657e-01   2.4488e+01
  2.2468e+00   1.8711e+01
  6.9130e+01  -1.5665e+01
  9.4575e+01   8.7269e+01
 -2.9323e+01  -2.1903e+01
 -2.4620e+00  -1.9180e+01
  2.3386e+02  -1.7970e+02
  3.3219e+02  -6.3330e+02
 -9.6573e+00  -4.3999e+01
 -1.2146e+02   1.2041e+02
 -1.4992e+01  -1.4035e+01
  3.0398e+00   3.7997e+01
 -3.9962e+01  -3.2980e+01
  3.3248e-01   1.0209e+01
  5.7280e+01  -1.3533e+01
 -1.7531e+01  -4.7501e+00
  1.3509e+01   3.1987e+01
 -8.3832e+00  -1.0034e+01
 -1.2614e+00   1.4837e+01
 -2.7133e+01   2.2445e+01
 -2.4214e+02  -8.7660e+01
 -1.1828e+01  -5.8085e+01
  6.1387e+01  -2.2725e+01
  4.7508e+01   2.1561e+01
 -1.1894e+01  -1.2957e+00
  5.9932e+00  -1.1919e+00
  3.2164e+01  -3.9016e+01
 -6.7389e+00   1.1005e+01
  1.8902e+01   5.0596e+01
 -1.7095e+02  -2.4166e+01
 -3.2809e+00  -1.3759e+01
  7.8381e+00   1.4791e+01
 -1.9251e+01   1.3658e+01
  5.9513e+00  -1.0207e+01
 -8.4044e+00   2.5328e+01
 -1.0550e+01   2.9175e+01
 -2.5343e+00   8.5612e+00
 -4.6021e+01   4.2282e+00
 -1.5470e+01  -1.3540e+01
 -3.1348e+02   7.1816e+02
 -2.3826e+01  -7.5754e+00
  7.6688e+01   1.8258e+01
  1.2751e+01  -2.0037e+01
  3.1505e+02  -1.2290e+02
 -1.6592e+01   1.6555e+01
 -1.1978e+03   1.4580e+03
 -2.9878e-01   2.5334e+01
 -1.6543e+01  -6.6297e+01
  3.5207e+01   6.2472e+00
  2.5524e+01   3.9590e+01
 -2.3266e+01   2.4302e+01
 -2.8909e+01   2.7064e+01
 -9.2276e+00   7.2280e+00
  3.7180e+01   4.5909e+01
 -2.5808e+02   1.1463e+02
 -2.2555e+02  -1.9068e+02
 -4.1077e+01  -1.7091e+01
 -1.4728e+01  -2.4524e+00
 -1.4034e+00   7.4513e+00
  3.5416e+01  -3.0008e+01
 -2.3547e+01   1.2540e+01
  3.2415e+00  -2.3293e+01
 -2.8921e+01  -5.6359e+01
  2.2966e+02   1.8380e+02
 -5.6294e+01   1.4365e+03
 -1.2079e+03  -5.3424e+02
  1.7985e+00  -7.9766e+00
 -1.2435e+02   6.3360e+01
  3.4985e+02  -1.7198e+01
 -2.7131e+01  -8.1863e+00
  5.5103e+02  -2.8896e+02
  5.8670e+01  -2.0597e+01
  5.6371e+00   1.6979e+01
 -1.1589e+00   5.7634e+00
  9.0913e+00   4.4758e+00
 -5.0722e+01   2.5204e+01
 -3.9117e+01   4.8071e+01
 -2.6636e+01   5.0507e+01
  4.4924e+00   2.1221e+01
 -1.6173e+01  -1.5925e+01
  7.1357e-01  -1.2264e+01
 -1.5209e+01  -2.9600e+00
  9.9989e-01  -2.3373e+01
 -1.9916e+00   8.6355e-01
 -5.6544e+01   5.6732e+01
 -1.1309e+02   1.7466e+02
  4.9271e+01   3.5845e+01
 -3.4030e+01  -8.4751e-01
 -1.4210e+02  -1.1779e+01
 -4.2144e+01   7.8612e+01
 -3.1059e+02   1.2889e+02
 -8.8522e+00   3.4001e+02
  1.0704e+01   7.9721e+00
  1.7771e+01  -1.3816e+01
  8.3451e+01   1.7917e+02
 -6.1136e+02  -3.6254e+02
 -2.2678e+01  -6.5456e+01
  1.3193e+01  -7.2486e+01
  6.0370e-01   7.5537e+00
 -5.2183e+00  -1.4119e+01
  7.0385e-01   4.7868e+00
 -8.7838e+01  -9.0804e+01
 -3.5309e+01   1.0577e+01
 -5.5311e+00  -7.6080e+00
  3.4011e+01  -4.2253e+01
 -6.7496e+00   4.8122e+00
  6.5027e+00   5.6610e+00
  1.3274e+01   2.0834e+00
  2.5379e+02   7.3548e+00
 -8.4714e+01  -1.2817e+01
 -3.7736e+01   8.3789e+00
  1.6895e+02   2.5128e+02
 -3.4829e+02  -1.2349e+02
 -2.9621e+01  -5.2052e+01
  1.2036e+00   5.9664e+00
  1.5496e+01  -3.5124e+02
  7.6908e+00  -1.4750e+01
  8.8675e+01  -8.5781e+00
 -1.2297e+01  -7.1633e+00
 -5.3287e+01   7.0303e+01
  5.8322e+00   1.9974e+01
 -6.3192e+00   8.9016e+00
  1.2212e+02  -2.9669e+01
  5.0580e+02   5.8237e+02
 -3.8996e+01  -5.7564e+01
  6.0613e+00   1.0132e+01
  5.6889e+01   3.6900e+00
  2.4487e+00  -3.0229e+01
  8.2957e+00  -5.1790e+00
 -2.0167e+01  -1.9181e+00
  9.3507e+00   1.9999e+01
  8.5957e+01   2.9152e+01
 -7.2719e+00  -3.1020e+01
 -1.0090e+02  -6.4941e+01
 -4.6484e+00  -2.7626e+01
  1.0083e+02   3.3624e+01
 -2.0330e+01  -3.5366e+00
  1.3494e+01   2.9693e+00
  1.3810e+01   8.0609e+01
  4.3935e+01   3.7940e+01
  1.6378e+01   2.7662e+01
  6.8717e+00  -2.2061e+01
 -8.3677e+00  -2.9033e+01
  1.5540e+02   1.2164e+01
  1.3410e+01  -3.7082e+01
  1.0446e+01  -1.7393e+01
  1.1031e+01  -4.7761e-01
 -1.1429e+01   1.3282e+00
  1.0549e+02   2.6186e+01
 -1.5726e+02  -2.6959e+01
  1.0243e+01  -1.3320e+01
 -1.3405e+00   4.4202e+01
 -5.3940e+00   1.5518e+01
 -1.3549e+01   9.0881e-01
 -4.4701e+00  -1.9455e+01
  6.1713e+00  -7.9918e+00
  1.1464e+01   1.3874e+01
  5.4661e+01  -6.3109e+01
 -8.9998e+00   2.8013e+00
  7.4730e+00  -7.0167e+01
  2.2118e+01  -2.0838e+01
  3.3488e+01   1.1594e+02
 -1.9631e+01   1.9355e+01
 -5.8653e+00   1.3446e+01
 -1.6974e+00   5.7306e+00
 -6.7572e+01  -1.1529e+02
 -8.9335e+01  -1.7334e+02
 -3.5188e+01   6.9688e+01
 -1.5874e+01   9.7966e+00
  2.0190e+01  -8.7228e+00
  1.1180e+01  -6.7113e+00
  3.4761e+01  -2.9777e+01
  2.6012e+01   2.9699e+01
  8.4351e+00   3.9211e+01
 -1.0340e+01  -7.3331e-01
 -1.3614e+01   2.1424e+01
 -4.6183e+01  -4.7048e+00
 -2.0539e+01  -4.7131e+00
  2.5499e+00   5.3822e-01
 -6.4827e+01   1.5529e+00
  3.8184e+00   6.1680e+00
  1.3966e+01   9.2642e+00
  3.5407e+02   1.5243e+02
 -3.7199e+01  -2.8278e+01
  4.2826e+00  -1.1640e+01
  3.6328e+01  -2.6717e+01
  7.4931e+00   5.1767e-01
  1.5283e+01  -1.0205e+01
  1.0228e+02  -4.0025e+01
  1.3904e+02  -1.0988e+02
 -1.8720e+00   3.2857e+00
 -5.9944e+01   2.7090e+01
 -8.8416e+01  -3.1007e+02
  3.4310e+01   1.6991e+01
 -9.2555e+01  -2.1185e+01
 -5.9245e+01  -5.6359e+01
 -2.5174e+01  -2.7543e+01
  2.3095e+01   1.3135e+02
  5.3014e+01  -1.0047e+02
 -7.8475e+01   3.5739e+01
 -3.7768e+01   3.1845e+01
  1.9538e+01   2.2336e+01
 -3.2220e-01  -1.8177e+01
 -1.0069e+01   1.4429e+01
  1.3666e+01  -1.1028e+01
  7.5541e+00   4.3520e-02
  8.4647e+02   9.2045e+01
 -1.6719e+03  -5.9217e+03
  2.2004e+01   1.2020e+01
  1.2116e+02   9.6634e+00
  1.1343e+01   2.0843e+01
 -4.0723e+01   3.1956e+00
 -8.8187e+00  -6.1320e+01
  1.6894e+01  -4.0712e+00
  4.4370e+01   2.5100e+01
 -8.3084e+00   9.7040e+00
  7.3396e+01   3.0565e+01
 -5.3250e+01   3.5209e+01
  2.7394e+02   3.0271e+02
  2.1930e+00   9.6792e+00
  4.8121e+01  -2.1039e+01
  5.5820e+00   2.7655e+01
  2.6694e+01  -3.8542e+01
 -4.9019e+01   8.9404e+01
  2.5013e+01  -6.6625e+00
  8.1549e+01  -9.9755e+01
 -1.0166e+02  -1.2099e+00
 -5.1626e+00  -4.8312e+01
 -4.6099e+00  -1.3125e+01
  1.8439e+00   9.4257e+02
  1.0215e+02   7.2418e+01
  7.0430e+00   5.0903e+00
  1.4338e+01   8.2404e+00
 -4.6040e+00  -5.8842e+00
  7.9814e+00   5.1342e+00
  7.8568e+00  -1.9122e+01
 -2.8205e-01   9.0795e+00
 -1.8124e+01  -5.2488e+00
  1.0054e+03   3.1339e+02
 -1.4610e+01  -3.3483e+01
 -2.5001e+01  -6.6643e+01
 -3.7037e+01   1.6786e+01
 -1.3273e+02  -7.3109e+01
  1.5217e+02  -3.9908e+01
  2.0337e+00  -3.7099e+01
 -1.2091e+01   2.0989e+01
  3.8896e+01   2.4820e+01
 -1.0148e+01   1.2451e+01
  3.2555e+01   3.1096e+01
  2.8075e+00   8.1919e+00
  1.3779e+01   2.4577e+01
 -5.2551e+00  -5.3047e+00
 -2.5272e+01   3.1323e+00
 -1.6193e+01  -2.1802e+01
 -1.7363e+01   1.5254e+01
  9.1746e+00   1.9699e+01
  5.3959e+01   2.9414e+01
 -3.4685e+00   4.9503e+00
 -3.7535e+00  -1.0758e+01
  6.4087e+01  -1.3009e+02
  6.5415e+00  -2.4673e+01
  1.4355e+01   1.3209e+01
 -3.1161e+00   4.1333e+01
 -3.9740e+01  -1.4271e+01
  1.2282e+01   1.1521e+01
 -3.2577e+01   4.2865e+01
  3.0220e+01   9.3171e+00
 -1.6382e+01  -3.5653e+01
 -3.2412e+03  -6.6396e+03
  1.9768e+00   1.3706e+01
  2.4783e+01  -4.5854e-01
  4.9885e+01   9.4553e+00
  1.4428e+00   1.2850e+01
  1.6525e+01  -2.6271e+01
  4.2803e+00  -7.9982e+01
 -2.8644e+01  -6.3040e+01
 -1.7063e+02   3.1728e+01
 -2.1136e+00  -9.0035e+00
  5.2412e+00   2.9318e+00
  1.9529e+03   4.7350e+01
 -1.6801e+01  -1.8551e+01
  4.8188e+01   6.6903e+01
 -2.1860e+01  -2.4308e+01
 -6.9273e+01   6.1488e+00
  2.9343e+00  -1.8251e+01
  8.0272e+01   1.2498e+02
 -6.2835e+01  -1.0149e+01
 -1.7852e+01  -7.2133e+00
 -2.2464e+01  -1.3845e+01
  8.4868e+01   2.8889e+02
  1.3035e+02  -1.5129e+02
 -1.9745e+00   7.4004e+00
  8.5332e+01  -1.7911e+02
 -4.2440e-01   4.5949e+01
 -1.3734e+01   4.1116e+01
  7.7718e+00   2.6806e+01
 -6.3756e+02  -5.6708e+02
  1.1940e+03  -1.4786e+03
 -1.0805e+01  -6.4601e+01
 -3.8689e+00   2.5568e+01
 -7.2098e-02  -1.4035e+01
  2.3718e+01  -2.1661e+01
  2.5675e+02   1.3938e+02
  2.5047e+01   1.8427e+02
  7.7968e+00  -1.9672e+01
  7.0633e+01  -1.4318e+02
  2.3680e+01  -3.3413e+02
  2.2942e+01  -1.0469e+01
 -8.4592e+00  -1.5455e+01
  1.5648e+01   1.9717e+01
  1.1453e+01   4.9942e+00
 -7.0817e-01  -1.0381e+01
 -2.4662e+01  -1.8799e+01
  1.5003e+01  -9.9150e+00
  1.5859e+01   7.8849e+00
  2.1532e+02   3.8166e+01
  4.3681e+01  -1.0019e+01
 -9.6294e+00  -5.1604e+01
 -5.9913e-01  -2.4990e+00
 -3.4140e+02   6.2240e+02
 -1.0512e+01  -1.1212e+00
  4.7139e+01   3.1682e+01
 -3.8227e+01   3.4379e+02
  5.3615e+01   9.9862e+01
  1.7469e+01   7.9165e+01
  2.8951e+01  -3.0140e+00
 -9.4765e+00  -1.0008e+01
 -4.7962e+01  -2.1293e+02
  1.7983e+00  -1.0495e+00
  1.6997e+01  -8.4298e-01
  1.8504e+01  -1.9266e+00
 -5.7407e+00   3.0820e+00
 -2.0000e+01   3.5676e+01
  9.6411e+00  -7.2936e+00
  5.0148e+01   3.6490e+01
  2.6066e+01   3.6412e+00
  4.2744e+01  -3.0780e+02
 -3.8739e+01  -5.1203e+01
  1.2073e+02   1.6857e+01
 -5.9841e+01   5.0855e+01
  1.1635e+02   4.7307e+01
  7.2899e+00   7.2606e+00
  1.0432e+01   1.8007e+01
  6.5334e+00   1.6048e+01
 -2.6676e+01   2.1853e+01
  2.7996e+01   7.7454e+00
 -3.8857e+01  -9.0581e+00
  4.3624e+01  -4.7674e+01
  1.7051e+00   2.1368e+01
  2.6685e+02  -9.1863e+01
  1.6304e+02  -5.3285e+01
 -4.0653e+01   3.4840e+01
 -2.4307e+02   1.8826e+02
  1.7230e+01   2.6976e+01
  1.0852e+01  -2.3147e+01
 -3.9053e+01  -1.3239e+01
  1.4053e+02  -4.3351e+01
 -1.0217e+02  -3.7924e+01
  1.0154e+02   3.1932e+01
 -5.5553e+00  -4.6124e+01
 -3.4526e+01  -3.1909e+01
 -7.9974e+00   8.9748e+01
 -5.1608e+02   1.9499e+02
 -1.4701e+03  -1.4279e+03
  2.1981e+01  -1.3246e+01
  3.7182e+01   9.1135e+01
  2.4642e+01   6.7992e+01
 -7.2281e+00  -1.7331e+01
 -1.7890e+01   4.3313e+01
  2.9802e+01   2.3806e+01
 -9.3990e+00  -6.2613e-03
 -8.0898e+01  -9.1941e+01
  6.3140e+02   5.8197e+02
 -1.9100e+01   2.2709e+02
  2.6948e+01   8.2569e+00
  2.0020e+01   2.7273e+01
 -1.5184e+01   1.0602e+00
 -2.3393e+02  -3.7484e+02
  6.6717e+01  -4.9466e+01
 -8.8235e+00  -3.5151e+01
 -5.6552e+00  -3.2998e+01
  3.1860e+02   7.0155e+01
 -1.7574e+02  -8.1707e+00
  1.9069e+01   8.7627e+00
  7.4927e+00  -6.8463e+00
 -1.4077e+01   2.6354e+00
 -3.1875e+02  -3.2688e+02
 -1.3469e+01   1.8636e+01
  5.5431e+01  -2.8450e+01
  9.5820e+00   5.6461e+00
 -9.5672e+00  -6.8202e+00
 -4.4774e+01   9.3065e-01
 -6.3574e+00  -7.8219e+00
 -3.4214e+00   1.0660e+01
  2.6111e+01   4.0516e+01
  3.2461e+03   6.6438e+03
 -8.3756e+00   1.7637e+00
 -2.2200e+01  -6.8475e+01
 -9.9575e-01   3.2548e+01
  2.2154e+01   2.5758e+00
 -3.8978e+01  -2.0930e+01
 -3.2819e+01   6.1667e+00
  5.8410e+00   5.1441e+00
  1.7540e+01  -4.0583e+01
 -3.1595e+01  -2.0992e+01
 -4.1740e+00  -1.2815e+01
 -1.6484e+00  -1.4392e+01
 -4.2311e+01  -4.1176e+00
 -7.1802e+01   3.9519e+01
 -2.4387e+00  -3.2318e+01
 -1.9580e+03  -5.3430e+01
  5.5067e+02  -2.4240e+02
  7.7130e+00   5.7547e+00
  1.1472e+01  -2.0565e+01
 -4.1619e+01  -1.5287e+00
 -5.2920e+01   4.1874e-01
  1.7293e+01   4.7761e+01
 -5.9228e+01  -1.3898e+01
 -1.1175e+02  -8.5457e+00
 -1.0738e+01  -3.3958e+01
 -6.6724e+00  -1.1781e+01
  1.4297e+02   8.1118e+01
  4.7782e+01  -2.2592e+01
 -2.3497e+01   3.0498e+01
 -2.0645e+01   2.2491e+01
 -7.0502e+01   1.2108e+02
  5.3081e+00   4.2884e+00
 -3.3627e+01   7.5003e+00
 -1.3658e+01  -1.5073e+01
  3.1814e+01   6.1381e+01
 -2.7554e+01   6.3082e+01
 -8.9501e+00   1.8361e+00
  4.1430e+01   8.4142e+00
 -7.8233e-01   1.8829e+01
  1.1208e+01   1.4318e+01
 -1.8764e+01   4.1103e+01
 -1.8671e+00   1.6864e+00
 -1.6562e+02  -1.9867e+00
  1.4832e+01  -1.0772e+00
  4.5219e+00  -4.1829e+01
  5.9825e+00   8.8702e-01
  6.3105e+01  -6.5130e+01
 -1.4167e+01   1.2841e+01
  6.8750e-01   1.4342e+00
  5.6237e+01   3.2974e+00
  5.2416e+01  -9.4447e+00
  4.8523e+01   1.0146e+01
  2.7547e+01   3.2570e+01
  5.5375e+00  -4.6360e+00
 -3.6269e+01  -5.4520e+01
  3.5246e+01   7.1007e+00
 -1.0834e+02   3.8253e+01
  1.9823e+00   1.4785e+01
  3.0930e+01   5.0071e+01
 -5.8327e+02   9.9410e+02
 -1.6176e+01  -6.7491e+00
  1.2065e+01  -2.4036e+01
  3.1943e+02  -2.7536e+03
 -1.2793e+01  -4.7386e+01
 -2.5484e+01   8.6244e+00
  6.2984e+00   7.7575e-01
 -1.0356e+01   1.5689e+01
  2.9260e+01   1.3410e+01
 -2.5558e+01   4.6042e+01
  4.6290e+00  -5.3370e+01
  6.1191e+01   1.9039e+01
 -4.8706e-01  -1.3272e+02
  2.6993e+01  -2.7491e+01
  5.0110e+00  -1.2079e+02
  2.5716e+00   6.2859e+01
  6.5110e+01   2.7167e+01
  2.1116e+00   1.3977e+01
 -3.5333e+00  -1.0344e+00
 -1.6568e+01   1.4923e+01
 -1.5621e+01   6.4703e+00
  6.5973e+01   1.5988e+01
  2.6453e+00   9.5577e-01
 -1.0198e+01   4.0444e-01
  1.5035e+01  -7.1811e+00
 -4.8987e+00   4.9928e+00
  1.7882e+01   4.8116e+00
 -5.4419e+00   1.4353e+01
  9.4063e+01   8.3002e+01
 -1.0548e+01  -2.2390e+01
  3.5797e+00   8.8977e+01
 -5.0222e+00   5.7991e+00
 -6.0076e+01   3.6562e+01
  1.2709e+01  -1.4692e+01
 -3.2154e+02   5.3362e+01
  1.4440e+01   8.3481e+00
  2.8113e+01  -3.5053e+01
  2.0018e+01   1.1998e+01
 -2.0542e+01   4.7691e+01
  3.4522e+02  -7.3305e+02
 -1.6187e+01  -1.3748e+01
  6.6390e+01  -3.6645e+01
 -1.3703e+01   1.9808e+01
 -1.0864e+01   1.0636e+01
  2.4636e+01  -3.8554e+00
 -2.0704e+00  -2.4022e+01
 -3.0488e+01  -4.0036e+00
  6.4671e+00   1.7359e+00
 -1.1547e+01  -1.4268e+01
  2.2513e+00  -2.0260e+01
 -9.7102e+01  -7.4986e+01
 -2.3616e+01  -3.1864e+02
 -6.5389e+02   6.0647e+02
  5.2995e+01   9.8227e+00
  4.1319e+00  -1.5160e+01
  2.2854e+00   3.0613e+01
  1.1535e+02   9.4319e+01
 -2.6316e+01   1.3746e+00
 -2.7590e+01  -1.2511e+01
 -2.5299e+00  -2.7888e+00
 -2.0035e+00  -1.7306e+01
 -3.7190e+01  -6.9736e+01
  1.2096e+01   9.0655e-01
  6.7026e+01  -4.6542e+01
  8.4248e+00  -2.0395e+01
  6.8356e+01  -1.6136e+01
 -1.2798e+00  -2.1144e+00
 -2.1675e+01   6.8204e+00
 -7.9792e+00   3.2067e+01
 -5.1605e+02  -5.8619e+02
 -1.1431e+01  -1.5007e+01
  5.7177e-01   1.5427e+01
  1.1106e+00  -3.4214e+00
 -1.3455e+01  -2.9907e+01
 -4.3498e+00  -2.0376e+01
 -1.0607e+01   2.0827e+01
 -8.6583e+01  -1.0239e+02
 -3.0698e+02  -9.6406e+01
  3.0225e+01  -2.3445e+01
 -1.2863e+00   2.9779e+00
 -4.5060e+02  -1.0041e+02
  5.4199e+01   1.0916e+01
  1.3879e+01  -1.8616e+01
 -2.8834e+01   6.2371e+00
 -5.4096e+02   2.5119e+02
  1.9745e+00  -7.0179e+00
 -1.0582e+01   7.6157e+01
 -2.3051e+01  -1.4361e+01
 -2.8736e+00   6.2507e+00
 -4.2001e+01   3.0377e+02
 -4.7449e+01  -6.8840e+01
  8.9660e+01  -5.0744e+01
 -5.6670e+01   7.8234e+01
  2.7223e+01   1.5453e+01
  3.2947e+01   2.0011e+00
 -4.1696e+00   3.2311e+01
  2.0689e+00  -2.3605e+00
 -1.4376e+02   3.3373e+02
 -1.7479e+00   6.3069e+01
  8.1850e+00  -1.8233e+01
  3.1216e+00   3.0845e+00
  1.1135e+01  -2.6505e+00
 -2.1081e+01   5.2283e+01
  7.8893e+00  -1.7378e+01
 -7.1226e+01  -6.5007e+01
 -2.6722e+01  -4.7228e+01
 -5.5807e+01  -3.7151e-04
 -2.1373e+01   3.5869e+01
 -1.6210e+01  -1.0934e+01
 -1.5384e+01  -3.6568e+01
 -3.9504e+00   1.7458e+00
 -3.2166e+01  -1.1360e+02
  3.6421e+01  -8.6676e+01
  3.5278e+00   2.6400e+00
  1.2214e+01   5.5176e+01
  1.9597e+01  -2.3385e+01
 -4.4903e+01  -3.5347e+01
 -3.4134e+01  -5.1595e+01
  3.4027e+01  -2.1540e+01
  4.6454e+00  -2.1076e+01
 -1.0092e+01   5.6447e+00
  5.1897e+00   1.2957e+01
 -8.4973e+00  -2.2084e+01
  5.6902e+00  -1.8641e+00
  5.0767e+00  -2.8365e+00
 -3.6089e-01  -1.5188e+01
  4.8245e+00   2.5795e-02
  6.8796e+01   8.7478e+01
  7.0307e+00   8.2765e+00
 -8.9360e+00  -4.8885e+00
  6.7997e+01  -3.8197e+01
 -9.4194e+00  -2.5817e+01
  1.2362e+02  -2.1614e+02
 -2.0505e+01   2.8627e+01
 -3.1011e+01  -7.5405e+00
 -2.2967e+01  -1.0970e+01
  8.9025e+00   8.0042e+00
  2.3624e+00   3.1198e+00
 -9.4403e+01   1.7698e+02
 -8.4245e+01   8.8475e+01
 -1.8762e+03  -6.1987e+01
 -3.4543e+02  -5.4130e+00
  6.2792e+00  -9.0787e+00
  5.2863e+00  -1.6934e+00
  2.8507e+01   8.2837e+01
  7.3301e+02  -9.1856e+02
  2.6194e+01  -2.5775e+01
  1.1644e+03   5.4440e+02
 -8.6288e+02  -3.6460e+01
  1.4489e+01   6.6179e+00
 -1.3366e+01   2.2125e+01
 -1.7856e+02   4.9831e+02
 -1.0962e+02  -1.4215e+02
 -4.7202e+01  -1.7519e+01
  3.2826e+00   7.7222e+00
 -7.1138e+01  -1.3624e+01
  6.2378e+02  -1.6763e+03
  3.0489e+00  -7.4882e+00
 -8.2803e+00   1.7600e+01
  4.8976e+01   1.5956e+01
 -5.1888e+01  -7.3934e+01
  6.0062e+00  -1.0112e+00
  8.2827e+00  -6.7814e+00
 -5.9582e+00  -1.8912e+01
  3.5422e-01  -2.0542e+00
  1.7128e+02  -2.9485e+02
  2.8825e+01  -1.4270e+03
  9.2619e+01   1.1441e+02
 -1.3874e+01  -3.4196e+00
  6.1060e-02   2.1067e+01
 -3.1744e+00  -7.0495e+00
  7.6999e+00   7.0377e+00
  4.6856e+01   1.0363e+01
 -1.4831e+01   2.3444e+01
  3.6703e+01  -8.4617e+00
 -9.4734e+01   1.1880e+02
  1.0057e+02  -1.7311e+01
  1.6508e+02   2.9901e+01
  5.6392e-01   1.1360e+01
  1.3234e+01   2.4365e+01
  6.0242e+02   3.6424e+02
  1.6872e+00   1.8993e+00
  5.9993e+01   1.6593e+02
  2.2654e+01   5.6445e+00
 -6.6597e+01  -7.6222e+01
 -1.0892e+00  -2.6222e-01
  3.8748e+00  -1.1352e+01
  1.7644e+01   3.2021e+01
 -1.3259e+02  -5.2504e+01
  1.8346e+02  -7.2285e+02
 -1.4587e+01  -9.7307e+00
 -1.3356e+01   4.9672e+01
  4.5694e+01   1.5872e+01
 -2.7212e+01  -2.4219e+01
  5.6735e+01  -2.6320e-01
  9.7195e+00  -2.1223e+01
 -1.7693e+01  -5.5953e+00
 -4.2787e+02  -1.4344e+03
 -2.1018e+02  -2.3192e+02
 -1.7896e+01   3.1470e+00
 -6.8158e+01   8.5269e+00
  5.3592e+00   1.3934e-01
 -1.7067e+01   6.6316e+00
 -4.7580e+00   3.5089e+00
 -1.9393e+02   1.4196e+02
 -1.7287e+01  -1.4915e+01
 -1.8754e+01   1.4463e+01
  7.5756e+00  -2.7590e+00
  1.3876e+01  -4.9399e+01
 -1.9352e+01   6.9544e+01
 -1.8307e+01   8.3052e+01
  5.8610e+01  -2.9048e+01
  1.6669e+02  -5.0254e+02
 -4.9496e+02   2.1463e+02
  1.4792e+01   1.7517e+01
 -5.8964e-02  -4.4738e+00
  3.8937e+00  -2.1966e+01
 -2.4484e+01  -7.5255e+01
  1.4697e+01  -1.8648e+01
 -4.0695e+02  -1.9953e+03
 -8.5038e+00  -7.6856e+00
  3.0832e+02   3.2908e+02
  3.6783e+00   5.1013e+00
 -1.6271e+01   9.2671e+01
  1.3505e+01   2.4485e+01
 -7.4689e+00  -4.8972e+01
  2.1354e+01  -5.8774e+01
 -2.6244e+00  -2.1043e+00
 -1.7180e+01   5.8782e+00
  1.6774e+03   5.9150e+03
 -1.3771e+01  -3.9308e+01
  6.7846e+00  -4.8597e+00
  1.1031e+01   1.3691e+01
  2.5222e+01  -8.8386e+00
 -1.2719e+02   2.0569e+01
  8.6935e+00  -7.0328e+00
  3.9669e+01   2.0063e+01
  5.5451e+01   1.1869e+02
 -4.8824e+01  -1.7408e+01
  9.2232e-01   8.6336e+00
 -5.8904e+01  -9.0145e+01
 -6.4115e+00   1.4986e+01
 -1.0374e+02   9.7128e+00
  1.7698e+01  -7.7011e+01
 -1.8425e+00  -2.7585e+00
 -3.4982e+01  -1.3891e+01
  4.1688e+01   1.2538e+02
 -2.3153e+01  -3.7480e-01
 -1.3408e+02   2.6986e+01
 -2.8918e+01   2.1064e+01
  1.6890e+01   1.7571e+01
 -2.6118e+01   1.6759e+01
  2.1788e+01   8.3620e-01
