  8.6376e+00  -1.8674e+01
  1.0433e+01  -1.3392e+00
  8.2797e+00   2.7880e+01
 -6.3458e+00  -2.6074e+01
 -2.0673e+02  -2.5104e+02
 -1.0951e+01  -3.6856e+01
 -1.8377e+00   5.8316e+00
 -4.4303e+00   1.6911e+01
 -3.0027e+00  -7.7120e-01
  6.9963e+00   1.8800e+00
 -1.3145e+01  -3.8614e+00
 -2.3870e+01  -2.4842e+01
  6.8196e+01   3.4670e+00
 -1.8990e+02  -1.0595e+01
  2.4979e+01   3.9538e+01
 -5.2613e+01  -1.1767e+01
 -5.1413e+00  -9.1147e+00
  4.5877e+01   3.0921e+01
 -9.4918e+00  -5.9194e+00
  6.4678e+00  -1.3831e+01
  8.7531e+01   2.0257e+01
 -3.3594e+01   1.6607e+01
  1.7480e+01  -1.0731e+01
  1.8914e+00   1.8139e+00
 -8.4377e+01  -3.4396e+01
  5.8987e+00  -1.7494e+01
  3.5711e+02   9.5996e+01
 -5.0096e+02   1.3029e+03
  7.5583e+02  -4.8336e+02
  1.3436e+00   2.7715e+01
  5.1269e+01   1.7631e+01
  2.4434e+00   5.0006e+01
  1.2344e+00  -2.0478e+00
  1.3035e+02   6.3791e+00
  1.2023e+01  -1.7397e+01
  1.0740e+01  -4.0027e+00
  1.4601e+02   2.9823e+02
  6.6073e+00   4.2307e-01
 -4.6217e+00   5.2567e+00
 -1.1460e+01   5.3062e+01
 -3.0480e+01   2.2960e+01
  1.4605e+00  -2.1007e+01
 -2.2118e+01   9.9329e-01
  1.8351e+01   7.4325e+00
 -2.0977e+02  -8.1386e+01
 -5.6899e+01  -2.2789e+01
 -3.0441e+00  -4.2307e+01
 -4.6872e+01  -4.0278e+01
 -5.0668e+00  -1.1247e+01
  4.9556e+01  -1.9989e+01
 -1.0026e+02   1.0029e+02
  1.0155e+01  -1.2806e+00
  1.6641e+01   1.4485e+01
  6.2405e+00   3.2839e+00
 -2.1803e+01  -8.5351e+00
 -1.7115e+01   1.9090e+01
  6.6696e-01   1.3224e+01
 -1.1393e+01  -9.6067e+00
 -1.2472e+02   3.0507e+01
  3.4236e+01   7.4871e+01
 -1.9866e+01   2.0891e+00
 -1.0221e+02   6.3331e+00
 -1.9223e+01   5.8253e+00
  2.7017e+02   1.2822e+03
  1.4404e+00   3.9997e+01
 -2.8256e+00  -1.4577e+01
 -3.3319e+00   8.8703e-01
 -1.8506e+00  -9.1009e+00
  1.4707e+03   4.3638e+01
  1.4910e+01   2.4296e+01
  8.1063e+00   7.0934e+00
  9.9290e+00  -1.1501e-01
  7.2078e+00   4.9356e+00
  3.9821e+01  -3.5550e+01
  3.6472e+02  -1.5481e+02
  6.2940e+01  -3.2016e+01
 -4.6749e+00   1.6587e+01
  1.8088e+01  -3.7280e+01
 -7.6659e+00   1.1586e+01
 -3.2116e+01   5.8953e+00
  2.8561e+01  -4.6396e+01
 -1.7802e+01  -9.7194e+00
 -4.9015e+01  -9.8851e+01
 -6.7349e+00  -9.1018e-01
  2.7735e+01   2.1356e+01
  1.7736e+01  -8.5924e+00
  8.3919e+01   1.6297e+02
  4.0200e+00  -1.1552e+01
  4.4247e+00   2.2662e+00
 -2.6805e+01   2.7552e+01
  1.5608e+01  -6.9490e-01
  1.0098e+01   5.6386e+00
 -3.0024e+01  -4.9727e+00
  4.4062e+01   2.7512e+01
  1.4929e+00   6.4573e+00
  1.2718e-01  -9.1179e+00
  6.8051e+01  -3.7155e+01
  9.9123e+00  -5.6087e+01
 -1.7185e+00   8.2969e+00
 -8.8192e+01  -3.9820e+01
 -1.0592e+01   9.7048e+00
 -1.9038e+02   1.5994e+03
  5.0818e+00   6.6223e+00
 -4.2824e+00  -5.2640e-01
  4.6247e+00  -1.9051e+00
 -9.9740e+00  -6.2435e-01
 -2.3984e+01  -3.3452e+01
  2.4112e+01   5.8449e+01
 -4.1658e+01   2.9002e+00
  1.2083e+01  -1.2332e+01
  6.9473e+00  -1.2476e+01
  1.8329e+00  -1.0668e+01
 -1.8303e+01   1.0559e+01
  2.1571e+00  -8.4271e+00
 -7.6101e+01   4.6066e+01
 -1.0359e+01  -1.3134e+01
 -1.3041e+02  -6.3304e+00
 -1.7229e+01   2.8153e+01
 -7.1377e+01   1.8988e+01
  4.3831e+00  -8.7499e-01
 -7.3954e+00   1.0460e+01
  1.5168e+00   8.4157e+00
  1.4480e+01  -3.5010e+01
  2.0113e+00  -1.5017e+01
 -2.0863e+01   5.4255e-01
 -8.7390e+00   1.4543e+00
 -3.7985e+01   3.2840e+01
 -7.2139e+01  -4.3924e+00
 -7.5650e+00  -1.0339e+01
  7.9556e+01  -4.4881e+01
  8.1030e+01  -1.1611e+00
  1.9940e+00  -5.0543e+00
 -4.4148e+00  -3.0971e+00
  9.3188e-01  -9.3672e+00
  5.7715e+00   2.5669e+00
 -6.1899e+00   1.3214e+01
 -3.6190e+00   1.4003e+01
 -2.5293e+01   2.8435e+01
  4.1807e+00  -3.4665e+00
  1.1667e+01   9.9938e+00
  1.0848e+00  -3.4559e+00
  7.5980e+00  -6.6772e+00
  1.6642e+01   2.5755e-01
  6.5309e-01  -1.1697e+01
  1.1760e-01  -2.0705e+01
  1.2404e+01  -2.2522e+01
  1.3237e+01   4.8734e+00
 -6.8912e+00  -2.1614e+00
  6.8990e+00  -6.1750e+00
 -1.0858e+01  -2.0750e+00
 -1.6198e+01  -5.8826e+01
 -2.3849e+01   6.2150e-02
  1.4051e+01   1.3482e+01
 -2.8077e+00  -3.1274e+00
 -1.5412e+01  -1.4513e+02
 -4.8567e+00  -4.2467e+00
  1.8069e-01  -2.1377e+01
  1.1706e+03   1.1241e+03
 -1.7548e+02   6.2218e+01
 -5.8945e+00   2.6818e-02
 -1.0037e+01   6.7692e+00
 -5.6748e+00   1.8457e+01
 -8.1364e+00  -7.1641e+00
  3.3161e+02   1.1291e+03
  8.5326e+01  -7.5373e+01
 -3.5729e+01  -1.4580e+01
  4.9477e+00   6.0919e+00
  4.7079e-01  -1.5688e+00
  5.9246e+00  -1.0567e+01
 -1.0185e+02  -1.5885e+02
  2.7731e+01   7.4148e+01
 -1.1597e+01  -3.1009e+01
 -7.5981e+02   4.8655e+02
  2.1181e+00  -6.1535e-01
  1.0788e+00   1.7285e+01
  2.1588e+01   2.1126e+01
  7.4370e+00  -2.8811e+00
 -7.9775e+01   8.5493e+01
  1.2031e+02   2.4816e+01
 -2.3140e+01   4.4966e+00
 -5.2522e+01  -7.9683e+01
  1.7709e+01  -4.2694e+01
  1.3895e+01   3.9341e+00
  9.2262e-01   6.4597e+00
  1.1934e-01  -1.7148e+01
  1.3394e+01  -5.2676e+01
 -1.8019e+01   1.5548e+00
  5.4360e-01   1.5238e-01
  7.2817e+00  -4.2546e+00
  1.5034e+02   1.7659e+02
 -1.2888e+01   4.2617e-01
 -4.6624e+01   4.9947e+01
  9.0285e+00  -3.8650e+01
  3.5937e+00   8.2423e-01
  7.3273e+00  -2.7227e+00
  2.9293e+00  -2.9321e+00
  7.7091e+01  -2.1108e+02
 -2.7713e-01  -1.5801e+00
  7.3830e+00   1.0905e+01
  1.3952e+01   7.1121e+00
  4.8949e+02  -4.3875e+02
 -2.5151e+00   4.5326e+00
  2.9671e+01   1.1222e+02
 -1.4984e+00   9.3738e-01
 -2.8766e+01  -6.9034e+00
 -1.2397e+02  -1.9402e+02
 -7.3620e+00   5.4263e+01
 -1.3915e+01   1.8111e+01
  2.6340e+02   1.4496e+02
 -1.3292e+01  -2.2705e+01
  1.8485e+02  -5.3871e+01
 -1.3002e+01   3.6159e+01
 -5.2031e+01  -3.8420e+01
 -5.3238e+00  -2.5862e+01
 -6.3827e+00  -1.0939e+01
 -4.1422e+00  -7.3465e-01
 -2.7744e+01   2.0436e+01
  3.8282e-02   1.0065e+01
 -3.0914e+01   2.0040e+01
  4.9613e+01   5.6876e+01
 -1.8904e+01  -1.4741e+01
  6.2208e+01  -1.6947e+01
 -2.3243e+00   5.7526e+00
  3.5450e+01  -6.0793e+01
 -3.7300e+00  -8.1381e+00
  2.7593e+02   1.6955e+01
  7.2374e+00   3.8095e+01
 -9.5779e+00   1.1038e+01
  6.2663e+00   1.6619e+01
 -2.2956e+01  -5.0474e+00
  9.5437e-01   2.6636e+00
  5.0688e+00  -1.3702e+00
 -1.6738e+01   1.3525e+01
  5.2491e-01  -4.5377e+00
 -4.4492e-01  -3.6905e+01
 -1.3786e+01   7.1252e+00
 -1.7101e-01  -1.8857e+00
  1.1339e+01   2.1129e+01
  9.3220e+00   2.4368e+01
  3.7414e-02   1.0184e+01
  5.9234e+00   2.0651e+01
 -1.1550e+02  -1.9587e+02
  2.0045e+01   4.2044e+01
  3.8224e+01  -5.5801e+00
 -8.7156e+01   4.8208e+01
 -8.2835e+01   2.9966e+01
  1.7826e+00   7.8170e+00
 -7.2368e-02  -1.1039e+01
 -3.6678e+00   1.3649e+01
  2.1445e+00  -2.0280e+00
  9.4844e+00  -1.8982e+01
  1.9429e+02   1.2758e+02
  1.1135e+01  -2.1478e+00
  1.2191e+01  -2.7546e+01
 -3.0252e+01  -8.8619e+01
  5.2986e+01  -1.0106e+00
 -1.8179e+00   8.0407e-01
  1.5386e+01  -1.3956e+01
  1.2562e+00   3.2528e-01
 -9.6114e+00  -1.0739e+01
 -2.5598e+01   1.7924e+01
  4.8556e+00   7.1960e+01
 -2.2156e+01   2.1597e+01
 -2.1598e+01   3.7807e+00
  3.4967e+00   7.1702e-01
 -2.6976e+01  -1.3760e+01
  4.8926e+01  -2.7503e+00
 -5.8908e-01  -6.6600e+01
 -1.6252e+02   5.0423e+02
  2.0773e+00  -9.3772e+00
 -9.3231e+01   1.6879e+02
 -4.6402e+01  -1.5598e+01
 -8.2807e+00  -5.5289e+00
 -1.4370e+01   1.1174e+01
  2.9044e+01  -1.0680e+01
  1.5135e+01   1.4390e+01
  1.0671e+01   1.4675e+01
  3.8460e+00  -1.7412e+01
 -1.0723e+00  -2.0239e+01
  6.2328e-01  -3.0939e+01
 -6.7669e+02  -2.1602e+02
 -6.5344e+00  -8.2992e+00
 -8.1048e+00  -4.7450e+01
 -2.4469e+01   6.0646e+00
 -7.1401e+00  -7.4940e+02
 -3.4520e+00   1.3245e+00
  7.5967e+01  -4.2232e+01
  1.2852e+01  -2.5795e+00
  8.9329e+00  -2.4119e+00
 -7.5023e+00   5.3891e-01
  7.8132e+00   9.0622e+00
 -4.1558e+00   1.6665e+01
  3.4776e+00   2.1853e+00
  2.6127e+00   1.6245e+01
  4.7078e+00   1.4407e+01
  5.5769e+01  -1.1273e+01
  4.9530e+01   4.9491e+01
 -2.3776e+01  -1.6778e+01
 -3.3421e+00  -1.4128e+01
  1.8377e+02  -1.4148e+02
  2.1690e+02  -4.1582e+02
 -3.3745e+00  -2.2695e+01
 -9.3598e+01   9.2468e+01
 -1.1163e+01  -1.1988e+01
  3.6677e+00   2.9637e+01
 -3.1754e+01  -2.3676e+01
  3.0159e-01   4.8687e+00
  4.6576e+01  -1.0145e+01
 -1.3342e+01  -2.2165e+00
  1.3228e+01   2.5510e+01
 -2.2348e+00  -5.2951e+00
  8.1295e-01   1.3963e+01
 -2.0690e+01   1.7788e+01
 -1.9171e+02  -6.9165e+01
 -9.1707e+00  -4.5345e+01
  4.8171e+01  -1.7770e+01
  3.5753e+01   1.8130e+01
 -1.0175e+01  -3.4791e+00
  3.7016e+00   1.2619e+00
  2.6037e+01  -3.1367e+01
 -6.8993e+00   9.1313e+00
  1.4010e+01   3.6751e+01
 -1.0973e+02  -1.4593e+01
 -3.0179e+00  -8.9934e+00
  5.7675e+00   1.1727e+01
 -1.1145e+01   1.9013e+01
  2.0495e+00  -6.7297e+00
 -5.3282e+00   1.9961e+01
 -9.0945e+00   2.4159e+01
 -1.2634e+00   6.9292e+00
 -3.7155e+01   3.5992e+00
 -1.2673e+01  -1.0754e+01
 -1.5305e+02   3.5632e+02
 -2.0340e+01  -6.1628e+00
  5.8961e+01   1.3233e+01
  1.1058e+01  -1.8018e+01
  2.4847e+02  -9.5732e+01
 -1.1310e+01   1.1727e+01
 -7.6922e+02   9.3662e+02
 -1.1567e+00   2.1698e+01
 -1.2996e+01  -5.2971e+01
  2.6469e+01   4.7453e+00
  2.1433e+01   3.0261e+01
 -1.9283e+01   2.0245e+01
 -2.1498e+01   2.0173e+01
 -5.3930e+00   6.1516e+00
  2.9387e+01   3.6271e+01
 -1.3895e+02   6.5225e+01
 -1.7897e+02  -1.5201e+02
 -2.9151e+01  -1.1942e+01
 -1.0548e+01  -2.8154e+00
  3.6568e-01   5.5683e+00
  2.7919e+01  -2.3707e+01
 -1.7970e+01   9.1779e+00
  6.7872e-01  -1.7257e+01
 -2.3212e+01  -4.4680e+01
  1.8208e+02   1.4507e+02
 -4.1668e+01   1.0660e+03
 -9.1905e+02  -4.0512e+02
  2.4526e+00  -4.7808e+00
 -8.5795e+01   4.5104e+01
  2.7235e+02  -1.3178e+01
 -2.1240e+01  -7.1570e+00
  4.2981e+02  -2.2674e+02
  4.7264e+01  -1.6848e+01
  4.0047e+00   1.3143e+01
 -2.8641e-01   1.7515e+00
  8.3617e+00   5.1075e+00
 -3.8513e+01   2.1204e+01
 -3.0473e+01   3.6203e+01
 -1.9851e+01   4.1612e+01
  5.5528e-01   1.7110e+01
 -1.3545e+01  -1.2549e+01
 -5.1558e-02  -6.9761e+00
 -1.0525e+01  -3.8725e+00
  1.1604e+00  -1.7210e+01
 -3.2514e+00   2.6133e+00
 -4.5461e+01   4.4865e+01
 -8.5821e+01   1.3182e+02
  3.4618e+01   2.7142e+01
 -9.6718e+00   9.6853e-01
 -2.5458e+00  -3.5797e+00
 -3.3167e+01   6.1720e+01
 -2.4192e+02   1.0164e+02
 -6.3092e+00   2.5243e+02
  6.5297e+00   6.4931e+00
  1.0770e+01  -9.8903e+00
  6.5455e+01   1.3980e+02
 -4.2816e+02  -2.5473e+02
 -1.0539e+01  -3.4264e+01
  1.0603e+01  -5.7775e+01
  2.2190e+00   4.0376e+00
 -4.3612e+00  -7.8032e+00
  2.7313e+00   5.2252e+00
 -6.6921e+01  -6.8355e+01
 -2.8637e+01   7.6274e+00
 -5.6082e+00  -6.1354e+00
  2.2839e+01  -2.8680e+01
 -4.6150e+00  -3.1970e+00
  3.5120e+00   6.4424e+00
  1.0738e+01   1.5435e+00
  1.9953e+02   5.7670e+00
 -6.3654e+01  -9.4329e+00
 -2.6297e+01   5.0825e+00
  1.3472e+02   1.9797e+02
 -2.5531e+02  -9.1834e+01
 -2.0236e+01  -3.8642e+01
  2.0470e+00   4.2815e+00
  1.1759e+01  -2.6047e+02
  7.3340e+00  -1.2093e+01
  6.8351e+01  -6.2739e+00
 -9.1007e+00  -3.9696e+00
 -3.9129e+01   5.3278e+01
  3.4955e+00   1.3364e+01
 -4.4111e+00   5.3238e+00
  9.7429e+01  -2.3798e+01
  4.0128e+02   4.6218e+02
 -3.0535e+01  -4.5100e+01
  5.7371e+00   6.9590e+00
  3.4613e+01   7.8222e-01
  2.5482e+00  -2.1643e+01
  6.4810e+00  -3.9702e+00
 -1.6083e+01  -3.0031e+00
  7.5714e+00   1.1763e+01
  6.4693e+01   2.2102e+01
 -4.4363e+00  -2.0766e+01
 -5.7433e+01  -3.3837e+01
 -3.9156e+00  -2.2803e+01
  7.1220e+01   2.4909e+01
 -1.6559e+01  -2.9913e+00
  1.1286e+01   1.2750e+00
  1.0984e+01   6.0085e+01
  3.1329e+01   2.7175e+01
  1.1684e+01   2.0095e+01
  5.5418e+00  -1.5748e+01
 -7.4149e+00  -2.3816e+01
  1.1538e+02   8.2196e+00
  1.0736e+01  -2.8478e+01
  8.5025e+00  -1.4451e+01
  5.0385e+00   1.1470e+00
 -9.9009e+00   3.5678e+00
  8.3895e+01   2.0985e+01
 -1.1795e+02  -2.0472e+01
  7.4063e+00  -8.8265e+00
 -1.1595e+00   3.1502e+01
 -3.6862e+00   9.8896e+00
 -1.0694e+01   1.1658e+00
 -2.7378e+00  -1.4148e+01
  2.6222e+00  -5.4274e+00
  8.6330e+00   9.4488e+00
  4.4482e+01  -5.0512e+01
 -3.9093e+00   5.2790e-01
  5.1626e+00  -4.9434e+01
  1.4062e+01  -1.3718e+01
  2.6952e+01   9.0619e+01
 -1.7010e+01   1.5996e+01
 -2.8005e+00   1.0478e+01
 -4.4928e+00   4.5953e+00
 -5.4967e+01  -9.1192e+01
 -7.0527e+01  -1.3679e+02
 -2.6427e+01   5.3900e+01
 -1.0284e+01   9.1806e+00
  1.6093e+01  -4.9977e+00
  1.0284e+01  -6.2746e+00
  2.6579e+01  -2.2952e+01
  2.0659e+01   2.1646e+01
  6.8435e+00   2.5500e+01
 -6.5183e+00  -7.9877e-01
 -7.9526e+00   1.4184e+01
 -3.6601e+01  -4.3226e+00
 -1.7711e+01  -3.7604e+00
  2.1200e+00   5.0664e-02
 -5.0477e+01   2.7270e+00
  5.4173e-01   2.4304e+00
  1.0137e+01   7.2605e+00
  2.6184e+02   1.1132e+02
 -3.0274e+01  -2.1360e+01
  2.0880e+00  -6.6185e+00
  2.9793e+01  -2.2720e+01
  3.4601e+00  -1.2591e+00
  1.1130e+01  -7.3901e+00
  7.0473e+01  -2.7353e+01
  1.0805e+02  -8.5765e+01
 -1.0514e-01   1.6583e+00
 -4.6493e+01   2.0256e+01
 -6.6217e+01  -2.3271e+02
  2.5602e+01   1.3840e+01
 -5.8050e+01  -1.3894e+01
 -4.4700e+01  -4.1263e+01
 -1.7636e+01  -2.1172e+01
  1.8744e+01   1.0338e+02
  4.1576e+01  -7.9622e+01
 -6.2450e+01   2.8949e+01
 -3.1145e+01   2.5994e+01
  1.0373e+01   1.0979e+01
  2.3656e+00  -1.3891e+01
 -4.5970e+00   9.8755e+00
  8.8095e+00  -8.1711e+00
  4.3319e+00  -1.1539e+00
  6.6686e+02   7.2616e+01
 -1.3224e+03  -4.6872e+03
  1.7297e+01   9.1297e+00
  9.7579e+01   7.6045e+00
  9.0135e+00   1.4982e+01
 -3.1769e+01   4.1208e+00
 -6.0923e+00  -4.9284e+01
  1.2266e+01  -4.0586e+00
  3.5734e+01   2.0345e+01
 -7.1899e+00   7.1738e+00
  5.8012e+01   2.4058e+01
 -3.5653e+01   2.4059e+01
  2.1649e+02   2.3956e+02
  2.3942e+00   5.2478e+00
  3.7601e+01  -1.7894e+01
  2.4412e+00   2.1980e+01
  2.0478e+01  -3.1492e+01
 -4.0567e+01   6.9907e+01
  1.9990e+01  -5.6161e+00
  6.2484e+01  -7.4777e+01
 -8.0884e+01  -1.4202e+00
 -3.9288e+00  -3.6155e+01
 -1.5638e+00  -3.0002e+00
  3.8503e-02   7.3724e+02
  7.9817e+01   5.7930e+01
  5.3282e+00   4.6324e+00
  1.3455e+01   6.3358e+00
 -3.9351e+00  -4.7349e+00
  8.9680e+00   4.2209e+00
  5.4304e+00  -1.4373e+01
 -2.0203e+00   4.8122e+00
 -1.6270e+01  -3.6939e+00
  6.8773e+02   2.1487e+02
 -2.3505e+00  -4.9254e+00
 -1.9654e+01  -5.2961e+01
 -2.9856e+01   1.3414e+01
 -1.0239e+02  -5.6054e+01
  1.2077e+02  -3.2283e+01
 -8.8933e+00  -2.2766e+01
 -9.0854e+00   1.7203e+01
  2.6514e+01   1.7027e+01
 -8.6099e+00   8.3300e+00
  2.1667e+01   2.0224e+01
  1.3864e-02   3.1849e+00
  1.0906e+01   1.8798e+01
  3.9725e-01   3.5253e+00
 -2.0512e+01   4.1279e+00
 -1.3301e+01  -2.1174e+01
 -1.3330e+01   9.0966e+00
  4.2969e+00   1.3165e+01
  4.0653e+01   2.3777e+01
 -1.8504e+00   3.4399e+00
  4.5931e-01  -8.6039e+00
  3.6982e+01  -7.6203e+01
  3.4140e+00  -1.8006e+01
  8.3920e+00   9.0874e+00
 -8.2180e-01   3.1691e+01
 -3.0815e+01  -9.4230e+00
  7.3154e+00   7.4545e+00
 -2.4663e+01   3.3870e+01
  2.4718e+01   7.9238e+00
 -1.1129e+01  -2.6703e+01
 -2.5649e+03  -5.2539e+03
  1.1058e+00   1.2023e+01
  1.9149e+01  -1.1397e+00
  4.0406e+01   6.3861e+00
 -4.3168e-02   9.9503e+00
  1.1418e+01  -2.1672e+01
  3.5036e+00  -6.3053e+01
 -2.2304e+01  -4.9860e+01
 -1.3555e+02   2.4624e+01
  2.4711e-01  -5.9332e+00
  2.3080e+00  -4.7711e-02
  1.5514e+03   3.7396e+01
 -1.3472e+01  -1.4120e+01
  3.7004e+01   5.2315e+01
 -1.6283e+01  -1.7920e+01
 -5.3476e+01   2.6044e+00
 -9.6647e-01  -1.5836e+01
  5.6640e+01   8.8673e+01
 -4.4477e+01  -6.2523e+00
 -1.5021e+01  -5.3771e+00
 -1.4473e+01  -9.1346e+00
  6.2838e+01   2.1228e+02
  8.6415e+01  -9.9482e+01
 -3.2236e+00   4.6562e+00
  4.3741e+01  -9.5698e+01
  8.0368e-01   3.4582e+01
 -1.2143e+01   3.2225e+01
  3.5199e+00   1.7784e+01
 -5.0479e+02  -4.4897e+02
  7.6579e+02  -9.4811e+02
 -8.6151e+00  -5.1378e+01
 -2.7727e+00   2.0659e+01
 -9.4978e-01  -1.2341e+01
  1.7476e+01  -1.6033e+01
  1.7662e+02   9.4691e+01
  1.9248e+01   1.4473e+02
  5.2044e+00  -1.2826e+01
  5.2470e+01  -1.0746e+02
  1.7983e+01  -2.6487e+02
  1.9573e+01  -6.7491e+00
 -6.6081e+00  -7.9914e+00
  9.8050e+00   1.4667e+01
  7.2444e+00   1.7649e+00
  2.1031e-01  -7.9750e+00
 -1.7213e+01  -1.2007e+01
  1.1235e+01  -7.4045e+00
  1.3673e+01   8.2269e+00
  1.7040e+02   3.0313e+01
  3.3112e+01  -9.4821e+00
 -6.2080e+00  -3.6990e+01
  6.6425e-01  -3.0747e+00
 -2.2550e+02   4.0921e+02
 -9.0873e+00  -3.8205e+00
  3.7555e+01   2.5019e+01
 -3.1271e+01   2.7408e+02
  4.0724e+01   7.8489e+01
  1.4831e+01   6.2274e+01
  1.9450e+01  -2.7539e+00
 -7.2662e+00  -6.1499e+00
 -3.8076e+01  -1.6804e+02
 -1.4274e+00  -1.3112e+00
  1.1168e+01   6.4153e-02
  1.1593e+01  -2.2931e+00
 -3.7841e+00   1.2307e+00
 -1.5119e+01   2.7114e+01
  6.4071e+00  -5.9153e+00
  3.8245e+01   2.9940e+01
  1.9168e+01   4.0382e+00
  3.3023e+01  -2.4301e+02
 -3.1334e+01  -4.1582e+01
  9.3535e+01   1.1822e+01
 -4.4411e+01   3.5745e+01
  9.1863e+01   3.5318e+01
  4.3560e+00   3.9808e+00
  9.7384e+00   1.4352e+01
  4.9430e+00   1.2839e+01
 -2.1645e+01   1.7689e+01
  2.0794e+01   8.5277e+00
 -3.0765e+01  -7.3150e+00
  3.4275e+01  -3.5471e+01
  2.1673e+00   1.5432e+01
  1.4371e+02  -4.5963e+01
  1.2600e+02  -4.0225e+01
 -3.3605e+01   2.7016e+01
 -1.9367e+02   1.4975e+02
  1.2028e+01   1.8670e+01
  7.4332e+00  -1.7277e+01
 -2.9980e+01  -9.9833e+00
  1.0416e+02  -3.2411e+01
 -7.5983e+01  -2.6990e+01
  8.0403e+01   2.5242e+01
 -4.8705e+00  -3.4783e+01
 -2.4943e+01  -2.2871e+01
 -5.8810e+00   6.6405e+01
 -4.0657e+02   1.5257e+02
 -1.1559e+03  -1.1252e+03
  1.6835e+01  -1.0975e+01
  2.2282e+01   5.1516e+01
  1.7831e+01   4.8160e+01
 -5.6662e+00  -1.4592e+01
 -1.3200e+01   3.3389e+01
  2.3528e+01   1.7982e+01
 -8.6391e+00  -4.5325e-01
 -6.3828e+01  -7.2240e+01
  5.0161e+02   4.6236e+02
 -1.5144e+01   1.8062e+02
  2.3299e+01   6.7888e+00
  1.4463e+01   2.0936e+01
 -1.2040e+01   1.3353e+00
 -1.8455e+02  -2.9536e+02
  5.1176e+01  -3.7759e+01
 -8.8166e+00  -1.8592e+01
 -4.5622e+00  -2.3992e+01
  2.0612e+02   4.3621e+01
 -1.2594e+02  -5.9462e+00
  1.3603e+01   6.8021e+00
  5.2002e+00  -4.3908e+00
 -1.1956e+01   2.3150e+00
 -2.5139e+02  -2.5617e+02
 -9.5975e+00   1.0661e+01
  4.1598e+01  -2.3028e+01
  6.0306e+00   9.0877e-01
 -7.8681e+00  -6.3188e+00
 -3.6100e+01   1.6101e-01
 -5.0700e+00  -4.9100e+00
 -3.2426e-01   8.2144e+00
  1.8420e+01   2.9495e+01
  2.5685e+03   5.2574e+03
 -4.8503e+00   6.9438e-01
 -1.5404e+01  -5.1158e+01
 -2.2020e+00   2.6542e+01
  1.5617e+01   1.9424e+00
 -3.1088e+01  -1.5598e+01
 -2.3684e+01   4.7879e+00
  3.0345e+00   5.0486e+00
  1.3009e+01  -3.0311e+01
 -2.1557e+01  -1.4298e+01
  1.8347e+00  -2.5258e+00
  2.3733e+00  -8.2921e+00
 -3.2602e+01  -3.0007e+00
 -5.5305e+01   3.0798e+01
 -3.3138e+00  -2.5681e+01
 -1.5573e+03  -4.2711e+01
  3.0739e+02  -1.3468e+02
  6.6535e+00   7.5760e+00
  9.7299e+00  -1.7260e+01
 -3.2761e+01  -1.7010e+00
 -4.1475e+01  -8.6394e-01
  1.3560e+01   3.5640e+01
 -4.6079e+01  -9.9322e+00
 -8.7928e+01  -6.5273e+00
 -1.0358e+01  -2.7803e+01
 -8.0074e+00  -9.9178e+00
  1.1053e+02   6.2660e+01
  3.7810e+01  -1.6315e+01
 -1.6778e+01   2.3283e+01
 -1.3926e+01   1.6046e+01
 -4.0977e+01   6.9282e+01
  1.9183e+00   2.6153e+00
 -2.1827e+01   4.1225e+00
 -8.2262e+00  -9.4331e+00
  1.4015e+01   2.8435e+01
 -2.1465e+01   4.9539e+01
 -5.2786e+00   1.4832e+00
  3.1454e+01   5.7940e+00
  5.3094e-01   1.4653e+01
  1.0700e+01   1.0312e+01
 -1.8305e+01   1.0548e+01
 -3.9348e-01  -3.8532e-01
 -1.2312e+02  -1.6494e+00
  9.8286e+00   5.1365e-01
  3.1937e+00  -3.2399e+01
  2.6155e+00   3.3835e+00
  4.5255e+01  -4.5675e+01
 -1.2904e+01   8.6818e+00
  3.3753e-01  -4.0278e-01
  3.7579e+01   2.8429e+00
  3.6186e+01  -7.7585e+00
  3.8965e+01   9.0452e+00
  1.9612e+01   2.0711e+01
  3.7702e+00  -6.3648e+00
 -1.8905e+01  -1.2589e+01
  2.5744e+01   5.6572e+00
 -8.4218e+01   2.9124e+01
  3.1016e+00   1.0714e+01
  2.3681e+01   3.8594e+01
 -4.5655e+02   7.7952e+02
 -1.3144e+01  -4.0869e+00
  1.0452e+01  -1.8582e+01
  1.8487e+02  -1.5945e+03
 -8.5087e+00  -3.5726e+01
 -1.9894e+01   7.0949e+00
  6.8299e+00   1.0149e+00
 -1.0033e+01   1.0893e+01
  1.9557e+01   1.0126e+01
 -1.8640e+01   2.8530e+01
  4.1036e+00  -4.0750e+01
  4.7526e+01   1.5456e+01
 -9.9776e-01  -1.0538e+02
  2.0865e+01  -2.0856e+01
  3.5663e+00  -8.8155e+01
 -8.3066e+00   1.9453e+01
  5.2091e+01   2.1787e+01
 -5.8900e-01   9.4331e+00
 -4.9710e+00   4.8416e-01
 -1.1947e+01   1.1023e+01
 -1.1250e+01   4.6464e+00
  4.2110e+01   1.1324e+01
  4.3693e+00   8.8428e-01
 -7.8901e+00   5.3840e-01
  1.1120e+01  -5.9824e+00
 -1.7184e+00   5.2494e+00
  1.2989e+01   6.1443e+00
 -3.7283e+00   1.3291e+01
  7.2394e+01   6.4711e+01
 -1.0415e+01  -1.6808e+01
  2.8448e+00   6.8633e+01
 -6.4296e+00   7.9672e+00
 -4.8024e+01   2.9336e+01
  6.9780e+00  -9.6365e+00
 -2.4989e+02   4.1709e+01
  1.3658e+01   7.0624e+00
  2.1074e+01  -2.5281e+01
  1.6909e+01   1.0094e+01
 -1.4314e+01   3.0394e+01
  1.7630e+02  -3.6930e+02
 -1.1773e+01  -9.6362e+00
  5.2179e+01  -3.0057e+01
 -9.3298e+00   1.4349e+01
 -8.6805e+00   8.7845e+00
  1.7525e+01  -3.7433e+00
 -2.6586e+00  -1.8103e+01
 -2.1014e+01  -1.6358e+00
  2.5823e+00   2.9973e+00
 -9.5493e+00  -1.1714e+01
  3.1874e+00  -1.7459e+01
 -7.6868e+01  -5.8062e+01
 -1.7038e+01  -2.3507e+02
 -5.2004e+02   4.8237e+02
  1.7879e+01   4.3324e+00
  9.0409e-01  -1.0866e+01
  2.5761e+00   2.4995e+01
  8.6125e+01   6.9950e+01
 -1.8430e+01   2.7538e+00
 -1.8422e+01  -8.0124e+00
  7.8794e-01  -2.2050e+00
 -7.0506e-01  -7.7195e+00
 -2.5022e+01  -4.5298e+01
  8.5907e+00  -1.5419e+00
  4.4974e+01  -2.9165e+01
  4.6557e+00  -1.2750e+01
  5.2481e+01  -1.1483e+01
 -3.7294e+00  -2.8145e+00
 -1.6824e+01   5.3046e+00
 -5.4854e+00   2.0651e+01
 -4.0916e+02  -4.6461e+02
 -8.0671e+00  -1.0534e+01
  2.1745e-01   8.6723e+00
 -1.1055e-01  -1.2374e+00
 -1.1047e+01  -2.6512e+01
 -5.5997e+00  -1.5248e+01
 -4.8490e+00   1.1126e+01
 -6.8547e+01  -8.2125e+01
 -1.9539e+02  -6.3279e+01
  2.4471e+01  -1.9411e+01
 -9.5608e-01   2.2911e+00
 -3.5832e+02  -7.9959e+01
  4.0118e+01   6.7148e+00
  6.9021e+00  -1.5136e+01
 -2.0545e+01   6.9248e+00
 -2.9907e+02   1.3952e+02
  2.0382e+00  -7.1251e+00
 -8.9505e+00   6.1030e+01
 -1.3829e+01  -7.9051e+00
  4.1657e-01   3.3688e+00
 -3.3906e+01   2.3990e+02
 -2.1752e+01  -3.9489e+01
  7.1016e+01  -4.0572e+01
 -4.2297e+01   6.0210e+01
  1.8223e+01   1.1225e+01
  2.6748e+01   1.7767e+00
 -3.3398e+00   2.3623e+01
  3.6963e-01  -4.8136e+00
 -9.5104e+01   2.2185e+02
 -9.0276e-01   5.0998e+01
  6.1147e+00  -1.1590e+01
  2.8484e+00   3.2491e+00
  5.6885e+00  -1.6783e+00
 -1.5008e+01   3.7870e+01
  3.3958e+00  -1.2336e+01
 -5.3018e+01  -4.6038e+01
 -1.9386e+01  -3.1888e+01
 -4.4833e+01   1.0515e-01
 -1.8178e+01   2.8070e+01
 -7.3517e+00  -2.4337e+00
 -1.2948e+01  -2.7888e+01
 -1.3182e+00   8.4400e-01
 -2.3472e+01  -8.3898e+01
  2.9358e+01  -6.8850e+01
  5.4818e+00   3.5385e+00
  1.0148e+01   4.4483e+01
  1.3760e+01  -1.6334e+01
 -3.5939e+01  -2.5953e+01
 -2.2450e+01  -3.4868e+01
  2.6030e+01  -1.6554e+01
  5.4396e+00  -1.5152e+01
 -7.7547e+00   5.3385e+00
 -4.3672e-01   4.4007e+00
 -6.0163e+00  -1.5446e+01
  4.3608e+00  -2.9027e+00
  4.5059e+00  -2.8011e+00
  7.4133e-02  -1.2499e+01
  1.5706e+00   9.7916e-02
  5.0691e+01   6.6750e+01
  5.3374e+00   7.7513e+00
 -5.9838e+00  -4.2441e+00
  5.3744e+01  -2.8152e+01
 -6.5113e+00  -2.1301e+01
  9.8659e+01  -1.7162e+02
 -1.6489e+01   2.2146e+01
 -2.2729e+01  -6.1258e+00
 -1.8557e+01  -9.1509e+00
  7.6271e+00   5.2604e+00
  5.5358e-01   2.0056e+00
 -5.1412e+01   9.2823e+01
 -6.4804e+01   6.7915e+01
 -1.4792e+03  -4.9508e+01
 -2.7463e+02  -4.3948e+00
  6.0072e+00  -7.2726e+00
  1.3962e+00   2.7706e-01
  2.1800e+01   5.9466e+01
  5.7514e+02  -7.1957e+02
  2.0948e+01  -2.1454e+01
  8.8390e+02   4.1465e+02
 -6.7950e+02  -2.8629e+01
  6.3023e+00   2.7952e+00
 -1.0142e+01   1.8601e+01
 -1.4304e+02   3.9429e+02
 -7.7024e+01  -9.9430e+01
 -3.7478e+01  -1.4130e+01
  3.8033e+00   4.5177e+00
 -4.8721e+01  -7.6130e+00
  4.7832e+02  -1.2855e+03
  2.7639e+00  -8.5546e+00
 -6.9227e+00   1.4883e+01
  3.3252e+01   1.0519e+01
 -4.1977e+01  -5.9038e+01
  3.0152e+00  -1.8862e+00
  6.0436e+00  -4.2202e+00
  7.6005e-01  -1.4244e+01
  2.8816e-01  -1.0454e-01
  1.1494e+02  -1.9722e+02
  2.1485e+01  -1.0586e+03
  7.4185e+01   9.0449e+01
 -9.7712e+00  -1.8893e+00
  4.0276e-01   1.6562e+01
 -1.6638e+00  -3.9687e+00
  5.9903e+00   8.5784e+00
  3.6531e+01   8.6218e+00
 -9.9352e+00   2.0462e+01
  2.9602e+01  -7.0907e+00
 -6.9319e+01   8.6290e+01
  6.7278e+01  -9.8351e+00
  1.0948e+02   2.0656e+01
  1.4241e+00   8.3006e+00
  9.9011e+00   1.9438e+01
  4.2599e+02   2.5671e+02
 -1.5511e+00   1.3256e+00
  4.7413e+01   1.3122e+02
  1.9459e+01   5.1205e+00
 -5.2962e+01  -5.8029e+01
  1.1419e+00  -1.2469e+00
  3.7349e+00  -6.9010e+00
  1.1294e+01   1.9344e+01
 -1.0517e+02  -4.1535e+01
  1.4339e+02  -5.6948e+02
 -1.0332e+01  -6.6989e+00
 -1.3789e+01   2.2407e+01
  3.4200e+01   1.0831e+01
 -2.3483e+01  -1.9053e+01
  4.2137e+01   4.6052e-01
  8.3323e+00  -1.8307e+01
 -7.3843e+00  -3.8927e+00
 -3.4007e+02  -1.1353e+03
 -1.4666e+02  -1.6239e+02
 -1.5450e+01   4.8918e+00
 -5.3348e+01   7.8334e+00
  1.6719e+00  -1.0023e+00
 -1.6146e+01   3.4176e+00
 -4.3503e+00   4.8247e-01
 -1.5452e+02   1.1312e+02
 -1.1125e+01  -9.6674e+00
 -1.3021e+01   1.0073e+01
  6.9513e+00  -2.0006e+00
  1.2463e+01  -3.7389e+01
 -1.5215e+01   5.3920e+01
 -1.3352e+01   6.2386e+01
  4.5683e+01  -2.2789e+01
  1.3017e+02  -3.9771e+02
 -3.9123e+02   1.7030e+02
 -5.8174e+00  -5.6727e-01
  2.9027e+00  -2.5889e+00
  1.4181e-01  -1.6532e+01
 -1.7267e+01  -5.4977e+01
  1.0722e+01  -1.7080e+01
 -2.5234e+02  -1.2463e+03
 -5.8448e+00  -1.5159e+00
  2.4251e+02   2.6049e+02
  5.0741e+00   5.0692e+00
 -1.2745e+01   7.4181e+01
  1.2058e+01   2.1288e+01
 -6.4669e+00  -3.9199e+01
  1.7115e+01  -4.6383e+01
 -4.8051e-01  -3.5230e+00
 -1.1289e+01   2.6444e+00
  1.3279e+03   4.6792e+03
 -9.7007e+00  -3.0862e+01
  4.1986e+00  -4.8415e+00
  7.3290e+00   1.0816e+01
  1.7515e+01  -6.4639e+00
 -8.9450e+01   1.4870e+01
  7.0297e+00  -4.1653e+00
  3.2419e+01   1.5550e+01
  4.3031e+01   9.5109e+01
 -2.9610e+01  -1.1820e+01
  7.0886e-02   3.0125e+00
 -4.6915e+01  -6.9420e+01
 -4.7257e+00   8.0558e+00
 -8.2176e+01   7.4892e+00
  1.4278e+01  -6.1679e+01
 -8.9114e-01  -4.1406e+00
 -2.7780e+01  -1.0578e+01
  3.1197e+01   9.3653e+01
 -1.6006e+01  -1.9282e+00
 -1.0057e+02   2.0092e+01
 -2.1367e+01   1.5312e+01
  1.2245e+01   1.2555e+01
 -2.0706e+01   1.2261e+01
  1.5618e+01   1.6722e+00
