  1.2257e+01  -2.3320e+01
  1.4450e+01  -2.2834e+00
  8.6653e+00   3.6491e+01
 -1.0002e+01  -3.0905e+01
 -2.5184e+02  -3.0622e+02
 -1.2702e+01  -4.4834e+01
 -2.1362e+00   7.4976e+00
 -4.1380e+00   2.3920e+01
 -5.3314e+00   7.5478e-01
  1.1697e+01   3.8679e+00
 -1.9033e+01  -3.5356e+00
 -3.0801e+01  -2.9799e+01
  1.0082e+02   5.8583e+00
 -2.3213e+02  -1.2962e+01
  3.1402e+01   4.8491e+01
 -7.2499e+01  -1.7335e+01
 -5.2952e+00  -9.9277e+00
  5.6219e+01   3.7344e+01
 -1.2292e+01  -5.7237e+00
  8.5981e+00  -1.7829e+01
  1.0645e+02   2.4917e+01
 -4.0709e+01   2.0434e+01
  1.9899e+01  -1.2669e+01
  3.9739e+00   2.7803e+00
 -1.0344e+02  -4.1075e+01
  7.2708e+00  -2.1195e+01
  4.3353e+02   1.1666e+02
 -6.2766e+02   1.6326e+03
  9.3367e+02  -5.9845e+02
  3.2747e+00   3.4435e+01
  8.1963e+01   3.3873e+01
  3.1139e+00   5.9011e+01
  2.8616e-01  -4.2933e+00
  1.7284e+02   8.4729e+00
  1.0823e+01  -2.3283e+01
  1.4448e+01  -5.1514e+00
  1.7913e+02   3.6536e+02
  7.5547e+00   2.8425e+00
 -3.5695e+00   5.6417e+00
 -1.3170e+01   6.5034e+01
 -3.8419e+01   2.7816e+01
  1.3586e+00  -2.4518e+01
 -2.7335e+01   1.7699e+00
  2.3701e+01   1.0365e+01
 -2.6164e+02  -1.0151e+02
 -6.8464e+01  -2.8526e+01
 -3.1756e+00  -5.2817e+01
 -5.8213e+01  -4.8127e+01
 -6.5781e+00  -1.4188e+01
  5.9734e+01  -2.5728e+01
 -1.4480e+02   1.4392e+02
  1.3046e+01  -1.0078e+00
  2.1816e+01   1.6819e+01
  5.9443e+00   2.8306e+00
 -2.5982e+01  -1.0488e+01
 -2.2993e+01   2.4895e+01
  2.6338e+00   2.2143e+01
 -1.2714e+01  -1.4536e+01
 -1.5173e+02   3.6533e+01
  4.4579e+01   9.5179e+01
 -2.5322e+01   7.7999e-01
 -1.2903e+02   7.1129e+00
 -2.6930e+01   8.3093e+00
  4.0259e+02   1.9222e+03
  1.3410e+00   4.9202e+01
 -2.3883e+00  -1.8908e+01
 -6.2392e+00  -4.6179e-01
 -4.0330e+00  -9.4285e+00
  1.8027e+03   5.4173e+01
  1.7544e+01   3.0310e+01
  8.2493e+00   1.0846e+01
  1.3285e+01   1.9537e-02
  6.8914e+00   8.4755e+00
  4.9830e+01  -4.5595e+01
  4.4625e+02  -1.9012e+02
  8.3629e+01  -4.2367e+01
 -3.5300e+00   2.0404e+01
  2.1411e+01  -4.7362e+01
 -1.0388e+01   1.3458e+01
 -3.8443e+01   6.7540e+00
  3.6745e+01  -5.7364e+01
 -2.3808e+01  -1.2885e+01
 -6.1866e+01  -1.2143e+02
 -9.2554e+00   5.2028e-02
  3.3715e+01   2.5728e+01
  2.3763e+01  -1.3450e+01
  1.0329e+02   1.9979e+02
  7.4499e+00  -1.3978e+01
  6.7605e+00   8.4935e+00
 -3.3419e+01   3.6813e+01
  1.9423e+01  -6.3446e-02
  1.2881e+01   7.0082e+00
 -4.2473e+01  -6.6899e+00
  6.3012e+01   3.6959e+01
 -1.4911e-02   7.2062e+00
 -2.0950e+00  -1.1264e+01
  8.5668e+01  -4.6112e+01
  1.4861e+01  -7.4443e+01
 -2.1138e-01   9.8057e+00
 -1.0888e+02  -4.7047e+01
 -1.3932e+01   1.0633e+01
 -3.0567e+02   2.5692e+03
  7.3690e+00   1.0486e+01
 -4.1855e+00  -7.9317e-03
  6.8407e+00  -1.7182e+00
 -1.0581e+01  -1.9262e+00
 -2.8611e+01  -4.0308e+01
  2.9056e+01   7.0641e+01
 -5.1217e+01   3.7935e+00
  1.7065e+01  -1.4401e+01
  8.7738e+00  -1.7479e+01
  2.0911e+00  -1.3850e+01
 -2.7851e+01  -5.4949e+00
  4.4058e+00  -9.2457e+00
 -9.3093e+01   5.6862e+01
 -1.1906e+01  -1.5217e+01
 -1.6692e+02  -7.2512e+00
 -1.9925e+01   3.6497e+01
 -8.6485e+01   2.2562e+01
  4.1153e+00  -3.5032e+00
 -8.9915e+00   1.3795e+01
  6.0012e-01   1.0730e+01
  1.6920e+01  -4.1806e+01
  3.3300e+00  -1.9380e+01
 -3.1232e+01   5.1689e-03
 -9.4186e+00   4.4826e-01
 -4.5951e+01   4.0528e+01
 -1.0871e+02  -6.4280e+00
 -1.0117e+01  -1.5607e+01
  1.0810e+02  -6.1385e+01
  1.1905e+02  -1.6165e+00
  1.0684e+00  -6.9225e+00
 -8.6226e+00  -5.8839e+00
  1.4283e+00  -1.0055e+01
  6.5853e+00   1.1173e+00
 -9.0289e+00   1.8519e+01
 -3.3027e+00   1.4517e+01
 -3.3071e+01   3.7092e+01
  1.1699e+01  -3.7661e+00
  1.1737e+01   1.2034e+01
  7.4415e-01  -3.9897e+00
  1.2013e+01  -6.2054e+00
  1.9272e+01   8.3557e-01
 -6.9075e-01  -1.4930e+01
  2.7989e+00  -2.6736e+01
  1.6111e+01  -2.5440e+01
  1.8232e+01   9.8250e+00
 -1.0121e+01  -5.6839e+00
  1.0073e+01  -9.5248e+00
 -1.7003e+01  -6.1122e+00
 -2.0016e+01  -7.5451e+01
 -3.5945e+01  -1.2886e-01
  1.7518e+01   1.6619e+01
  1.0722e+02  -4.0755e+00
 -1.8640e+01  -1.8025e+02
 -1.1331e+01  -1.9291e+01
  1.3666e+00  -3.0625e+01
  1.4315e+03   1.3773e+03
 -2.7581e+02   9.9236e+01
 -2.4340e+01  -1.8475e+01
 -1.0689e+01   9.0724e+00
 -1.0427e+01   2.2910e+01
 -7.3889e+00  -7.2380e+00
  4.0606e+02   1.3775e+03
  1.0476e+02  -9.2629e+01
 -4.4747e+01  -1.9747e+01
  5.1806e+00   9.9191e+00
 -1.8498e+00  -3.2187e+00
  6.6865e+00  -1.3537e+01
 -1.2613e+02  -1.9621e+02
  3.3692e+01   9.6134e+01
 -1.4278e+01  -3.8233e+01
 -9.3859e+02   5.9966e+02
  3.1492e+00   1.6942e+00
  1.3602e+00   2.3094e+01
  2.6565e+01   2.8070e+01
  9.8451e+00  -1.9450e+00
 -9.7670e+01   1.0472e+02
  1.5267e+02   3.1807e+01
 -2.5141e+01   2.4935e+00
 -6.8281e+01  -1.0259e+02
  2.4569e+01  -5.2842e+01
  1.9077e+01   6.2898e+00
 -6.2878e-01   6.5381e+00
  1.1182e+00  -2.4855e+01
  1.7570e+01  -6.5149e+01
 -2.3647e+01  -4.0848e-01
  5.3457e-02  -3.2816e+00
  1.2553e+01  -6.5347e+00
  1.9198e+02   2.2578e+02
 -1.5314e+01   1.0430e+00
 -6.7923e+01   6.9726e+01
  1.0120e+01  -4.5729e+01
  5.1098e+00  -2.6747e+00
  1.4391e+01  -9.4900e+00
  6.3303e+00  -3.3336e+00
  9.3838e+01  -2.5740e+02
  1.8249e-01  -2.4992e+00
  1.1286e+01   1.7563e+01
  1.5457e+01   6.8156e+00
  5.9422e+02  -5.3271e+02
 -9.1293e-01   4.9672e+00
  3.5269e+01   1.3909e+02
 -2.6907e+00   5.6278e+00
 -3.5667e+01  -8.1030e+00
 -1.5421e+02  -2.3862e+02
 -9.3758e+00   6.5619e+01
 -1.7991e+01   2.3469e+01
  3.2255e+02   1.7889e+02
 -2.2629e+01  -3.7744e+01
  2.9040e+02  -8.3203e+01
 -1.5374e+01   4.3428e+01
 -6.3792e+01  -4.7247e+01
 -8.2091e+00  -3.4657e+01
 -7.2588e+00  -1.2770e+01
 -5.6620e+00  -1.5740e+00
 -3.7074e+01   2.7844e+01
  6.1156e-01   1.1319e+01
 -3.8585e+01   2.3615e+01
  6.2100e+01   6.8589e+01
 -2.2531e+01  -1.6424e+01
  7.6536e+01  -2.0496e+01
  1.3602e-01   8.5431e+00
  4.3244e+01  -7.3949e+01
 -4.6166e+00  -1.2636e+01
  3.3488e+02   2.0694e+01
  8.4215e+00   4.7527e+01
 -1.2958e+01   1.1452e+01
  6.7270e+00   2.0845e+01
 -2.8614e+01  -7.8780e+00
  4.2786e+00   4.6010e+00
  5.2457e+00   9.5976e-01
 -2.4280e+01   2.1549e+01
 -3.5073e-01  -6.8005e+00
 -1.5553e+00  -4.4926e+01
 -1.8555e+01   8.4420e+00
 -1.2988e+00  -4.7809e+00
  1.6600e+01   4.0087e+01
  1.2312e+01   2.8149e+01
 -8.0061e-01   2.2081e+01
  8.5611e+00   2.5165e+01
 -1.4446e+02  -2.4118e+02
  2.5545e+01   5.0450e+01
  4.6361e+01  -5.6736e+00
 -1.1521e+02   6.3542e+01
 -1.0402e+02   3.7226e+01
  1.3064e+00   1.0625e+01
  1.0357e+00  -1.6069e+01
 -7.1548e+00   1.7435e+01
  3.7724e+00  -6.6827e+00
  1.0489e+01  -2.9826e+01
  2.4215e+02   1.5902e+02
  1.4420e+01  -1.2229e+00
  1.4563e+01  -3.7834e+01
 -3.7845e+01  -1.0913e+02
  6.7397e+01   1.0661e+00
 -2.0895e+00  -1.4201e+00
  1.8516e+01  -1.6181e+01
  1.5987e+00   2.4410e+00
 -1.1183e+01  -1.4457e+01
 -3.1388e+01   2.3560e+01
  6.0894e+00   8.8645e+01
 -2.8877e+01   3.0213e+01
 -2.8716e+01   3.2867e+00
  6.7118e+00   1.6068e+00
 -4.5693e+01  -1.2062e+01
  6.0870e+01  -5.1143e+00
 -6.1572e-01  -8.1968e+01
 -1.9787e+02   6.1769e+02
  2.1356e+00  -8.7361e+00
 -1.1410e+02   2.0560e+02
 -5.7932e+01  -2.1401e+01
 -7.7573e+00  -7.0596e+00
 -1.7230e+01   1.4193e+01
  3.4373e+01  -1.2071e+01
  1.7173e+01   1.8142e+01
  1.6002e+01   2.0509e+01
  6.0591e+00  -2.5240e+01
 -1.5553e+00  -3.0460e+01
  9.5648e-01  -4.2507e+01
 -9.3668e+02  -2.9958e+02
 -9.7441e+00  -7.1478e+00
 -9.9734e+00  -5.7366e+01
 -3.0544e+01   6.0504e+00
 -7.2633e+00  -9.2003e+02
 -7.5635e+00   1.3017e+00
  9.5131e+01  -5.2813e+01
  2.0016e+01  -3.2724e-01
  1.1718e+01  -2.1850e+00
 -1.4095e+01  -6.7777e-01
  9.3170e+00   1.0178e+01
 -6.2997e+00   1.9803e+01
  4.8553e+00   3.4338e+00
  1.0820e+00   2.3217e+01
  2.6541e+00   1.8008e+01
  6.6909e+01  -1.4932e+01
  8.7068e+01   8.0973e+01
 -2.8403e+01  -2.1053e+01
 -2.6243e+00  -1.8384e+01
  2.2551e+02  -1.7333e+02
  3.1297e+02  -5.9705e+02
 -8.6089e+00  -4.0456e+01
 -1.1681e+02   1.1575e+02
 -1.4359e+01  -1.3709e+01
  3.1451e+00   3.6611e+01
 -3.8597e+01  -3.1432e+01
  3.5536e-01   9.3610e+00
  5.5498e+01  -1.2969e+01
 -1.6840e+01  -4.3192e+00
  1.3465e+01   3.0913e+01
 -7.3627e+00  -9.2590e+00
 -8.9498e-01   1.4713e+01
 -2.6060e+01   2.1699e+01
 -2.3373e+02  -8.4577e+01
 -1.1387e+01  -5.5962e+01
  5.9187e+01  -2.1900e+01
  4.5552e+01   2.0990e+01
 -1.1619e+01  -1.6631e+00
  5.6046e+00  -7.2661e-01
  3.1148e+01  -3.7741e+01
 -6.7763e+00   1.0704e+01
  1.8088e+01   4.8293e+01
 -1.6075e+02  -2.2570e+01
 -3.2365e+00  -1.2983e+01
  7.4980e+00   1.4288e+01
 -1.7305e+01   1.9844e+01
  5.3364e+00  -9.6332e+00
 -7.8935e+00   2.4443e+01
 -1.0310e+01   2.8346e+01
 -2.3448e+00   8.3232e+00
 -4.4548e+01   4.1251e+00
 -1.5027e+01  -1.2965e+01
 -2.8675e+02   6.5786e+02
 -2.3251e+01  -7.3407e+00
  7.3735e+01   1.7421e+01
  1.2408e+01  -1.9909e+01
  3.0395e+02  -1.1838e+02
 -1.5717e+01   1.5765e+01
 -1.1264e+03   1.3711e+03
 -4.4243e-01   2.4740e+01
 -1.5951e+01  -6.4079e+01
  3.3759e+01   5.9862e+00
  2.4850e+01   3.8029e+01
 -2.2610e+01   2.3624e+01
 -2.7678e+01   2.5920e+01
 -8.5991e+00   7.0522e+00
  3.5884e+01   4.4304e+01
 -2.3823e+02   1.0639e+02
 -2.1778e+02  -1.8423e+02
 -3.9091e+01  -1.6234e+01
 -1.4049e+01  -2.4977e+00
 -1.1370e+00   7.1467e+00
  3.4178e+01  -2.8965e+01
 -2.2624e+01   1.1984e+01
  2.8240e+00  -2.2287e+01
 -2.7970e+01  -5.4415e+01
  2.2173e+02   1.7734e+02
 -5.3856e+01   1.3747e+03
 -1.1598e+03  -5.1272e+02
  1.9676e+00  -7.4666e+00
 -1.1792e+02   6.0317e+01
  3.3693e+02  -1.6528e+01
 -2.6155e+01  -8.0157e+00
  5.3082e+02  -2.7859e+02
  5.6770e+01  -1.9971e+01
  5.3620e+00   1.6349e+01
 -9.4553e-01   5.1283e+00
  9.0339e+00   4.5874e+00
 -4.8690e+01   2.4538e+01
 -3.7678e+01   4.6095e+01
 -2.5507e+01   4.9028e+01
  3.8449e+00   2.0546e+01
 -1.5746e+01  -1.5375e+01
  5.9481e-01  -1.1390e+01
 -1.4450e+01  -3.1269e+00
  1.0145e+00  -2.2375e+01
 -2.2166e+00   1.1837e+00
 -5.4697e+01   5.4755e+01
 -1.0855e+02   1.6752e+02
  4.6829e+01   3.4396e+01
 -2.9976e+01  -5.5156e-01
 -1.1425e+02  -1.0249e+01
 -4.0648e+01   7.5798e+01
 -2.9915e+02   1.2435e+02
 -8.4284e+00   3.2541e+02
  1.0035e+01   7.7399e+00
  1.6611e+01  -1.3165e+01
  8.0452e+01   1.7261e+02
 -5.8083e+02  -3.4457e+02
 -2.0656e+01  -6.0259e+01
  1.2756e+01  -7.0039e+01
  9.3050e-01   6.9540e+00
 -5.0991e+00  -1.3088e+01
  1.0711e+00   4.8410e+00
 -8.4352e+01  -8.7063e+01
 -3.4202e+01   1.0089e+01
 -5.5288e+00  -7.3795e+00
  3.2149e+01  -3.9997e+01
 -6.4058e+00   3.4783e+00
  6.0049e+00   5.8150e+00
  1.2851e+01   1.9864e+00
  2.4475e+02   7.0902e+00
 -8.1206e+01  -1.2253e+01
 -3.5836e+01   7.8307e+00
  1.6325e+02   2.4240e+02
 -3.3279e+02  -1.1821e+02
 -2.8058e+01  -4.9819e+01
  1.3151e+00   5.6896e+00
  1.4873e+01  -3.3611e+02
  7.6509e+00  -1.4328e+01
  8.5289e+01  -8.1941e+00
 -1.1759e+01  -6.6468e+00
 -5.0928e+01   6.7467e+01
  5.4474e+00   1.8882e+01
 -6.0143e+00   8.3144e+00
  1.1801e+02  -2.8691e+01
  4.8838e+02   5.6234e+02
 -3.7588e+01  -5.5489e+01
  5.9819e+00   9.6240e+00
  5.3202e+01   3.1606e+00
  2.4698e+00  -2.8809e+01
  8.0089e+00  -4.9739e+00
 -1.9491e+01  -2.0853e+00
  9.0646e+00   1.8640e+01
  8.2414e+01   2.7977e+01
 -6.8005e+00  -2.9317e+01
 -9.3655e+01  -5.9757e+01
 -4.5255e+00  -2.6827e+01
  9.5897e+01   3.2172e+01
 -1.9729e+01  -3.4475e+00
  1.3160e+01   2.7056e+00
  1.3339e+01   7.7190e+01
  4.1835e+01   3.6148e+01
  1.5481e+01   2.6355e+01
  6.6427e+00  -2.1018e+01
 -8.2124e+00  -2.8161e+01
  1.4873e+02   1.1507e+01
  1.2964e+01  -3.5651e+01
  1.0139e+01  -1.6903e+01
  1.0049e+01  -2.1629e-01
 -1.1186e+01   1.7123e+00
  1.0189e+02   2.5319e+01
 -1.5071e+02  -2.5878e+01
  9.7775e+00  -1.2575e+01
 -1.3125e+00   4.2096e+01
 -5.0769e+00   1.4599e+01
 -1.3081e+01   9.5523e-01
 -4.2034e+00  -1.8556e+01
  5.5859e+00  -7.5747e+00
  1.1006e+01   1.3135e+01
  5.2965e+01  -6.1011e+01
 -8.1727e+00   2.4625e+00
  7.0881e+00  -6.6714e+01
  2.0781e+01  -1.9657e+01
  3.2399e+01   1.1172e+02
 -1.9199e+01   1.8798e+01
 -5.3516e+00   1.2951e+01
 -2.1710e+00   5.5091e+00
 -6.5472e+01  -1.1128e+02
 -8.6200e+01  -1.6725e+02
 -3.3728e+01   6.7058e+01
 -1.4956e+01   9.6856e+00
  1.9515e+01  -8.1050e+00
  1.1211e+01  -6.5200e+00
  3.3391e+01  -2.8639e+01
  2.5122e+01   2.8355e+01
  8.1595e+00   3.6934e+01
 -9.7425e+00  -7.7380e-01
 -1.2677e+01   2.0224e+01
 -4.4591e+01  -4.6415e+00
 -2.0086e+01  -4.5646e+00
  2.4570e+00   4.5375e-01
 -6.2437e+01   1.7485e+00
  3.2659e+00   5.5555e+00
  1.3335e+01   8.9417e+00
  3.3870e+02   1.4558e+02
 -3.6048e+01  -2.7127e+01
  3.9029e+00  -1.0625e+01
  3.5243e+01  -2.6051e+01
  6.8322e+00   2.1956e-01
  1.4650e+01  -9.7406e+00
  9.6982e+01  -3.7914e+01
  1.3388e+02  -1.0586e+02
 -1.6227e+00   2.9759e+00
 -5.7705e+01   2.5952e+01
 -8.4716e+01  -2.9717e+02
  3.2863e+01   1.6468e+01
 -8.6805e+01  -1.9970e+01
 -5.6822e+01  -5.3844e+01
 -2.3921e+01  -2.6486e+01
  2.2369e+01   1.2669e+02
  5.1108e+01  -9.7000e+01
 -7.5806e+01   3.4608e+01
 -3.6667e+01   3.0873e+01
  1.8017e+01   2.0453e+01
  1.2634e-01  -1.7469e+01
 -9.1632e+00   1.3632e+01
  1.2863e+01  -1.0563e+01
  7.0706e+00  -1.9336e-01
  8.1653e+02   8.8807e+01
 -1.6137e+03  -5.7159e+03
  2.1232e+01   1.1542e+01
  1.1723e+02   9.3201e+00
  1.0959e+01   1.9879e+01
 -3.9235e+01   3.3500e+00
 -8.3626e+00  -5.9317e+01
  1.6140e+01  -4.0754e+00
  4.2933e+01   2.4310e+01
 -8.1327e+00   9.2858e+00
  7.0833e+01   2.9481e+01
 -5.0320e+01   3.3352e+01
  2.6436e+02   2.9218e+02
  2.2378e+00   8.9604e+00
  4.6329e+01  -2.0646e+01
  5.0592e+00   2.6719e+01
  2.5660e+01  -3.7370e+01
 -4.7611e+01   8.6156e+01
  2.4186e+01  -6.4885e+00
  7.8372e+01  -9.5593e+01
 -9.8201e+01  -1.2448e+00
 -4.9553e+00  -4.6292e+01
 -4.1038e+00  -1.1413e+01
  1.5430e+00   9.0835e+02
  9.8432e+01   7.0004e+01
  6.7809e+00   5.0106e+00
  1.4169e+01   7.8786e+00
 -4.4983e+00  -5.6948e+00
  8.1435e+00   4.9806e+00
  7.4663e+00  -1.8362e+01
 -5.9043e-01   8.3768e+00
 -1.7829e+01  -4.9982e+00
  9.5242e+02   2.9697e+02
 -1.2568e+01  -2.8730e+01
 -2.4111e+01  -6.4364e+01
 -3.5844e+01   1.6226e+01
 -1.2768e+02  -7.0267e+01
  1.4693e+02  -3.8637e+01
  2.1264e-01  -3.4726e+01
 -1.1588e+01   2.0369e+01
  3.6836e+01   2.3523e+01
 -9.8853e+00   1.1772e+01
  3.0746e+01   2.9287e+01
  2.2989e+00   7.3810e+00
  1.3325e+01   2.3594e+01
 -7.0554e-01  -1.0724e+00
 -2.4477e+01   3.3073e+00
 -1.5715e+01  -2.1703e+01
 -1.6779e+01   1.4250e+01
  8.3581e+00   1.8621e+01
  5.1744e+01   2.8475e+01
 -3.2270e+00   4.6857e+00
 -3.0351e+00  -1.0424e+01
  5.9569e+01  -1.2111e+02
  6.0140e+00  -2.3568e+01
  1.3378e+01   1.2501e+01
 -2.7331e+00   3.9723e+01
 -3.8267e+01  -1.3468e+01
  1.1471e+01   1.0851e+01
 -3.1260e+01   4.1370e+01
  2.9311e+01   9.0874e+00
 -1.5511e+01  -3.4159e+01
 -3.1285e+03  -6.4087e+03
  1.8753e+00   1.3432e+01
  2.3855e+01  -5.7236e-01
  4.8329e+01   8.9227e+00
  1.1450e+00   1.2304e+01
  1.5652e+01  -2.5512e+01
  4.1510e+00  -7.7163e+01
 -2.7588e+01  -6.0845e+01
 -1.6479e+02   3.0544e+01
 -1.7167e+00  -8.5023e+00
  4.7495e+00   2.4434e+00
  1.8860e+03   4.5691e+01
 -1.6253e+01  -1.7823e+01
  4.6325e+01   6.4472e+01
 -2.0935e+01  -2.3248e+01
 -6.6643e+01   5.5579e+00
  1.5501e+00  -1.7786e+01
  7.6334e+01   1.1893e+02
 -5.9778e+01  -9.4992e+00
 -1.7394e+01  -6.9229e+00
 -2.1214e+01  -1.3057e+01
  8.1196e+01   2.7612e+02
  1.2303e+02  -1.4266e+02
 -2.2091e+00   6.9533e+00
  7.8400e+01  -1.6521e+02
 -2.1881e-01   4.4060e+01
 -1.3467e+01   3.9637e+01
  7.0636e+00   2.5311e+01
 -6.1544e+02  -5.4739e+02
  1.1226e+03  -1.3902e+03
 -1.0440e+01  -6.2401e+01
 -3.6852e+00   2.4764e+01
 -2.2484e-01  -1.3746e+01
  2.2685e+01  -2.0727e+01
  2.4340e+02   1.3193e+02
  2.4081e+01   1.7768e+02
  7.2932e+00  -1.8512e+01
  6.7606e+01  -1.3723e+02
  2.2730e+01  -3.2259e+02
  2.2389e+01  -9.8563e+00
 -8.1546e+00  -1.4216e+01
  1.4678e+01   1.8882e+01
  1.0808e+01   4.4524e+00
 -5.6609e-01  -9.9865e+00
 -2.3558e+01  -1.7636e+01
  1.4490e+01  -9.5592e+00
  1.5516e+01   7.9609e+00
  2.0783e+02   3.6858e+01
  4.1923e+01  -9.9309e+00
 -9.0643e+00  -4.9172e+01
 -4.2065e-01  -2.6272e+00
 -3.2209e+02   5.8687e+02
 -1.0245e+01  -1.6804e+00
  4.5544e+01   3.0572e+01
 -3.7068e+01   3.3217e+02
  5.1467e+01   9.6300e+01
  1.7030e+01   7.6351e+01
  2.7377e+01  -2.9718e+00
 -9.1366e+00  -9.3905e+00
 -4.6314e+01  -2.0545e+02
  1.1318e+00  -3.7863e-01
  1.6046e+01  -6.8731e-01
  1.7370e+01  -1.9924e+00
 -5.4420e+00   2.8081e+00
 -1.9198e+01   3.4258e+01
  9.1195e+00  -7.0852e+00
  4.8168e+01   3.5401e+01
  2.4927e+01   3.7063e+00
  4.1124e+01  -2.9700e+02
 -3.7507e+01  -4.9601e+01
  1.1620e+02   1.6019e+01
 -5.7271e+01   4.8338e+01
  1.1227e+02   4.5309e+01
  6.8310e+00   6.7200e+00
  1.0317e+01   1.7408e+01
  6.2755e+00   1.5519e+01
 -2.5849e+01   2.1136e+01
  2.6821e+01   7.9048e+00
 -3.7515e+01  -8.7685e+00
  4.2067e+01  -4.5642e+01
  1.7940e+00   2.0374e+01
  2.4633e+02  -8.4213e+01
  1.5687e+02  -5.1109e+01
 -3.9482e+01   3.3539e+01
 -2.3484e+02   1.8184e+02
  1.6375e+01   2.5592e+01
  1.0321e+01  -2.2169e+01
 -3.7535e+01  -1.2694e+01
  1.3447e+02  -4.1528e+01
 -9.7803e+01  -3.6102e+01
  9.8020e+01   3.0817e+01
 -5.4418e+00  -4.4234e+01
 -3.2934e+01  -3.0405e+01
 -7.6447e+00   8.5859e+01
 -4.9783e+02   1.8792e+02
 -1.4177e+03  -1.3775e+03
  2.1140e+01  -1.2889e+01
  3.4700e+01   8.4533e+01
  2.3507e+01   6.4689e+01
 -6.9722e+00  -1.6884e+01
 -1.7109e+01   4.1662e+01
  2.8760e+01   2.2838e+01
 -9.2956e+00  -1.4524e-01
 -7.8053e+01  -8.8658e+01
  6.0976e+02   5.6204e+02
 -1.8441e+01   2.1934e+02
  2.6328e+01   7.9850e+00
  1.9101e+01   2.6221e+01
 -1.4609e+01   1.2741e+00
 -2.2570e+02  -3.6159e+02
  6.4128e+01  -4.7516e+01
 -8.8225e+00  -3.2395e+01
 -5.4736e+00  -3.1502e+01
  2.9985e+02   6.5733e+01
 -1.6744e+02  -7.8113e+00
  1.8182e+01   8.9576e+00
  7.1061e+00  -6.4534e+00
 -1.3793e+01   2.4322e+00
 -3.0752e+02  -3.1509e+02
 -1.2831e+01   1.7317e+01
  5.3127e+01  -2.7548e+01
  8.9486e+00   4.8666e+00
 -9.3042e+00  -6.7373e+00
 -4.3333e+01   8.0277e-01
 -6.1554e+00  -7.3294e+00
 -2.9189e+00   1.0284e+01
  2.4825e+01   3.8692e+01
  3.1332e+03   6.4127e+03
 -7.8192e+00   1.5835e+00
 -2.1067e+01  -6.5591e+01
 -1.1968e+00   3.1554e+01
  2.1077e+01   2.4827e+00
 -3.7667e+01  -2.0045e+01
 -3.1320e+01   5.9179e+00
  5.3961e+00   5.1820e+00
  1.6788e+01  -3.8875e+01
 -2.9928e+01  -1.9877e+01
 -3.2167e+00  -1.1046e+01
 -9.7143e-01  -1.3370e+01
 -4.0697e+01  -3.9327e+00
 -6.9054e+01   3.8066e+01
 -2.5840e+00  -3.1220e+01
 -1.8912e+03  -5.1644e+01
  5.1013e+02  -2.2445e+02
  7.5386e+00   6.0580e+00
  1.1185e+01  -2.0017e+01
 -4.0147e+01  -1.5553e+00
 -5.1015e+01   2.0446e-01
  1.6671e+01   4.5742e+01
 -5.7039e+01  -1.3238e+01
 -1.0778e+02  -8.2100e+00
 -1.0678e+01  -3.2940e+01
 -6.9104e+00  -1.1468e+01
  1.3756e+02   7.8042e+01
  4.6164e+01  -2.1417e+01
 -2.2382e+01   2.9301e+01
 -1.9529e+01   2.1421e+01
 -6.5582e+01   1.1244e+02
  4.7416e+00   4.0544e+00
 -3.1651e+01   6.9755e+00
 -1.2765e+01  -1.4109e+01
  2.8850e+01   5.5892e+01
 -2.6540e+01   6.0827e+01
 -8.3876e+00   1.7934e+00
  3.9766e+01   7.9605e+00
 -5.6292e-01   1.8141e+01
  1.1142e+01   1.3682e+01
 -1.8676e+01   3.6008e+01
 -1.6253e+00   1.3438e+00
 -1.5853e+02  -1.9303e+00
  1.3983e+01  -8.3468e-01
  4.3023e+00  -4.0261e+01
  5.4520e+00   1.3783e+00
  6.0131e+01  -6.1888e+01
 -1.3970e+01   1.2156e+01
  7.6059e-01   4.3867e-01
  5.3107e+01   3.2663e+00
  4.9714e+01  -9.1649e+00
  4.6934e+01   9.9661e+00
  2.6222e+01   3.0607e+01
  5.2459e+00  -4.9370e+00
 -3.3378e+01  -4.7534e+01
  3.3667e+01   6.8717e+00
 -1.0433e+02   3.6718e+01
  2.1865e+00   1.4131e+01
  2.9720e+01   4.8159e+01
 -5.6215e+02   9.5833e+02
 -1.5675e+01  -6.3216e+00
  1.1806e+01  -2.3106e+01
  2.9700e+02  -2.5605e+03
 -1.2074e+01  -4.5450e+01
 -2.4554e+01   8.3770e+00
  6.4196e+00   8.1903e-01
 -1.0315e+01   1.4900e+01
  2.7651e+01   1.2866e+01
 -2.4408e+01   4.3127e+01
  4.5422e+00  -5.1270e+01
  5.8915e+01   1.8443e+01
 -5.7217e-01  -1.2817e+02
  2.5970e+01  -2.6427e+01
  4.7703e+00  -1.1535e+02
  7.5716e-01   5.5629e+01
  6.2942e+01   2.6271e+01
  1.5881e+00   1.3252e+01
 -3.8084e+00  -8.2698e-01
 -1.5797e+01   1.4277e+01
 -1.4897e+01   6.1732e+00
  6.1998e+01   1.5211e+01
  2.9482e+00   9.3454e-01
 -9.8668e+00   4.2719e-01
  1.4400e+01  -6.9862e+00
 -4.3977e+00   5.0536e+00
  1.7075e+01   5.0274e+00
 -5.2034e+00   1.4184e+01
  9.0452e+01   7.9954e+01
 -1.0531e+01  -2.1467e+01
  3.4569e+00   8.5587e+01
 -5.5554e+00   9.0893e+00
 -5.8069e+01   3.5358e+01
  1.1766e+01  -1.3858e+01
 -3.0960e+02   5.1420e+01
  1.4330e+01   8.1895e+00
  2.6942e+01  -3.3427e+01
  1.9504e+01   1.1689e+01
 -1.9507e+01   4.4812e+01
  3.1706e+02  -6.7242e+02
 -1.5464e+01  -1.3141e+01
  6.4020e+01  -3.5547e+01
 -1.2986e+01   1.8901e+01
 -1.0521e+01   1.0328e+01
  2.3459e+01  -3.8382e+00
 -2.1724e+00  -2.3046e+01
 -2.8918e+01  -3.6105e+00
  5.8658e+00   1.9161e+00
 -1.1181e+01  -1.3821e+01
  2.4061e+00  -1.9799e+01
 -9.3731e+01  -7.2166e+01
 -2.2520e+01  -3.0471e+02
 -6.3158e+02   5.8578e+02
  4.7129e+01   8.9401e+00
  3.6040e+00  -1.4465e+01
  2.3345e+00   2.9684e+01
  1.1048e+02   9.0258e+01
 -2.5000e+01   1.6081e+00
 -2.6070e+01  -1.1768e+01
 -2.0676e+00  -2.9270e+00
 -1.8026e+00  -1.5723e+01
 -3.5163e+01  -6.5665e+01
  1.1521e+01   5.0097e-01
  6.3352e+01  -4.3647e+01
  7.8462e+00  -1.9149e+01
  6.5709e+01  -1.5362e+01
 -1.6924e+00  -2.1986e+00
 -2.0875e+01   6.5710e+00
 -7.5652e+00   3.0173e+01
 -4.9824e+02  -5.6593e+02
 -1.0871e+01  -1.4443e+01
  5.4126e-01   1.4352e+01
  9.4786e-01  -3.0558e+00
 -1.3060e+01  -2.9340e+01
 -4.5656e+00  -1.9539e+01
 -9.6872e+00   1.9202e+01
 -8.3578e+01  -9.9013e+01
 -2.8838e+02  -9.0885e+01
  2.9270e+01  -2.2775e+01
 -1.2021e+00   2.9039e+00
 -4.3522e+02  -9.7000e+01
  5.1858e+01   1.0219e+01
  1.2727e+01  -1.8041e+01
 -2.7463e+01   6.3537e+00
 -5.0064e+02   2.3258e+02
  1.9341e+00  -7.0310e+00
 -1.0310e+01   7.3638e+01
 -2.1445e+01  -1.3297e+01
 -2.2781e+00   5.7927e+00
 -4.0652e+01   2.9312e+02
 -4.3167e+01  -6.3950e+01
  8.6554e+01  -4.9050e+01
 -5.4275e+01   7.5231e+01
  2.5729e+01   1.4753e+01
  3.1920e+01   1.9624e+00
 -4.0327e+00   3.0870e+01
  1.8570e+00  -2.8095e+00
 -1.3565e+02   3.1509e+02
 -1.6074e+00   6.1060e+01
  7.8410e+00  -1.7121e+01
  3.0723e+00   3.0913e+00
  1.0226e+01  -2.5120e+00
 -2.0070e+01   4.9885e+01
  7.1315e+00  -1.6537e+01
 -6.8192e+01  -6.1846e+01
 -2.5501e+01  -4.4674e+01
 -5.3982e+01   1.7138e-02
 -2.0848e+01   3.4571e+01
 -1.4771e+01  -9.4100e+00
 -1.4982e+01  -3.5132e+01
 -3.5297e+00   1.5889e+00
 -3.0717e+01  -1.0865e+02
  3.5244e+01  -8.3706e+01
  3.8619e+00   2.7594e+00
  1.1870e+01   5.3397e+01
  1.8630e+01  -2.2216e+01
 -4.3412e+01  -3.3783e+01
 -3.2188e+01  -4.8810e+01
  3.2698e+01  -2.0710e+01
  4.7766e+00  -2.0097e+01
 -9.7141e+00   5.5972e+00
  4.2675e+00   1.1540e+01
 -8.0883e+00  -2.0989e+01
  5.5251e+00  -2.0532e+00
  4.9316e+00  -2.8560e+00
 -3.2087e-01  -1.4690e+01
  4.2096e+00  -7.8750e-03
  6.5779e+01   8.4024e+01
  6.7949e+00   8.1618e+00
 -8.4675e+00  -4.7703e+00
  6.5626e+01  -3.6524e+01
 -8.9378e+00  -2.5069e+01
  1.1946e+02  -2.0872e+02
 -1.9837e+01   2.7551e+01
 -2.9653e+01  -7.3103e+00
 -2.2237e+01  -1.0667e+01
  8.7129e+00   7.5503e+00
  2.0643e+00   2.9539e+00
 -8.7238e+01   1.6295e+02
 -8.1005e+01   8.5049e+01
 -1.8100e+03  -5.9908e+01
 -3.3363e+02  -5.2433e+00
  6.2474e+00  -8.7913e+00
  4.6023e+00  -1.2370e+00
  2.7389e+01   7.8943e+01
  7.0670e+02  -8.8540e+02
  2.5328e+01  -2.5021e+01
  1.1176e+03   5.2278e+02
 -8.3232e+02  -3.5154e+01
  1.1764e+01   4.9856e+00
 -1.2835e+01   2.1548e+01
 -1.7264e+02   4.8097e+02
 -1.0419e+02  -1.3503e+02
 -4.5586e+01  -1.6962e+01
  3.3607e+00   7.1865e+00
 -6.7404e+01  -1.2622e+01
  5.9953e+02  -1.6111e+03
  3.0257e+00  -7.8217e+00
 -8.0375e+00   1.7162e+01
  4.6363e+01   1.5044e+01
 -5.0237e+01  -7.1452e+01
  5.5167e+00  -1.1944e+00
  7.9095e+00  -6.3638e+00
 -4.0951e+00  -1.8178e+01
  3.6022e-01  -1.7496e+00
  1.6189e+02  -2.7858e+02
  2.7602e+01  -1.3656e+03
  8.9547e+01   1.1042e+02
 -1.3195e+01  -3.1647e+00
  1.1334e-01   2.0325e+01
 -2.9247e+00  -6.5471e+00
  7.3933e+00   7.2888e+00
  4.5135e+01   1.0074e+01
 -1.4020e+01   2.2958e+01
  3.5524e+01  -8.2337e+00
 -9.0499e+01   1.1338e+02
  9.5025e+01  -1.6065e+01
  1.5581e+02   2.8360e+01
  7.1614e-01   1.0611e+01
  1.2658e+01   2.3548e+01
  5.7301e+02   3.4632e+02
  1.1298e+00   1.8023e+00
  5.7897e+01   1.6015e+02
  2.2131e+01   5.5599e+00
 -6.4325e+01  -7.3191e+01
 -7.0050e-01  -4.0738e-01
  3.8334e+00  -1.0717e+01
  1.6580e+01   2.9909e+01
 -1.2802e+02  -5.0676e+01
  1.7678e+02  -6.9729e+02
 -1.3882e+01  -9.2366e+00
 -1.4029e+01   3.9847e+01
  4.3776e+01   1.5042e+01
 -2.6594e+01  -2.3362e+01
  5.4306e+01  -1.4370e-01
  9.4521e+00  -2.0756e+01
 -1.5984e+01  -5.3125e+00
 -4.1324e+02  -1.3846e+03
 -1.9959e+02  -2.2033e+02
 -1.7491e+01   3.4344e+00
 -6.5692e+01   8.4127e+00
  4.7739e+00  -6.9951e-02
 -1.6933e+01   6.1066e+00
 -4.6635e+00   3.0018e+00
 -1.8736e+02   1.3715e+02
 -1.6272e+01  -1.4077e+01
 -1.7721e+01   1.3696e+01
  7.4899e+00  -2.6485e+00
  1.3642e+01  -4.7401e+01
 -1.8663e+01   6.6942e+01
 -1.7482e+01   7.9609e+01
  5.6457e+01  -2.8007e+01
  1.6060e+02  -4.8507e+02
 -4.7767e+02   2.0724e+02
  1.0377e+01   1.3664e+01
  2.4298e-01  -4.3064e+00
  3.2657e+00  -2.1068e+01
 -2.3282e+01  -7.1877e+01
  1.4031e+01  -1.8586e+01
 -3.8118e+02  -1.8704e+03
 -8.0822e+00  -6.5915e+00
  2.9735e+02   3.1765e+02
  3.9077e+00   5.0919e+00
 -1.5684e+01   8.9591e+01
  1.3385e+01   2.4049e+01
 -7.2987e+00  -4.7349e+01
  2.0649e+01  -5.6712e+01
 -2.3346e+00  -2.3488e+00
 -1.6207e+01   5.3404e+00
  1.6192e+03   5.7090e+03
 -1.3089e+01  -3.7905e+01
  6.3621e+00  -4.8650e+00
  1.0400e+01   1.3220e+01
  2.3946e+01  -8.4429e+00
 -1.2090e+02   1.9619e+01
  8.4487e+00  -6.5676e+00
  3.8464e+01   1.9312e+01
  5.3382e+01   1.1476e+02
 -4.5627e+01  -1.6472e+01
  7.8902e-01   7.7337e+00
 -5.6906e+01  -8.6692e+01
 -5.8394e+00   1.0917e+01
 -1.0015e+02   9.3424e+00
  1.7130e+01  -7.4457e+01
 -1.5969e+00  -2.8822e+00
 -3.3785e+01  -1.3341e+01
  3.9939e+01   1.2009e+02
 -2.1970e+01  -6.3128e-01
 -1.2850e+02   2.5837e+01
 -2.7667e+01   2.0104e+01
  1.6121e+01   1.6736e+01
 -2.5222e+01   1.6012e+01
  2.0777e+01   9.7579e-01
