  4.0229e-01   5.2463e-01
  1.5912e-01   1.0482e-01
 -1.5204e+00   1.3775e+00
 -1.0860e-01  -1.2819e-01
  7.4914e-01  -1.4371e+00
 -2.2840e+00  -3.1595e+00
 -5.0859e-01   1.4179e+00
 -3.5831e+00   3.7535e+00
 -1.3919e+00   9.8101e-01
 -6.1928e-01  -1.7997e-01
  7.3510e+00  -1.8005e+00
  8.3540e-01   1.4165e+00
 -6.9075e-01   2.5787e-01
 -1.6528e+00  -1.3359e+00
 -8.9484e-01   6.6972e-02
  6.8833e+00  -4.7166e+00
 -1.1880e+00   1.6927e+00
  7.7907e+00   3.6723e+00
 -2.7724e-01  -3.6346e-01
  1.1103e+00  -1.1815e+00
 -1.7563e+00   4.5972e+00
 -1.5630e-01   1.2658e+00
 -6.2944e+00  -1.4732e+01
  2.0880e+00   1.8407e+00
 -1.2315e+00  -6.3893e-01
  8.0899e-02   3.4229e-01
  9.1579e-01  -3.3929e+00
 -1.8345e+00  -1.0176e+00
  1.0486e+00   8.7503e-03
 -6.4806e-01   6.9994e-01
  9.2290e-01  -7.8456e-01
  4.8753e-01  -1.0690e+00
  9.5442e-01  -1.1297e+00
  8.2754e-02  -8.0361e-01
 -1.0504e+00  -9.9446e-03
 -1.7647e+00   2.3939e+00
 -3.3886e-01   2.4809e-01
  4.5501e+00   1.4249e-01
  2.3675e+00  -1.3848e+00
  2.3363e-01   2.1359e-01
 -1.6434e-01  -2.5909e-01
 -5.7554e-01  -3.0206e-01
  2.3509e-01  -3.0430e-01
  2.6066e-01  -2.8232e+00
 -1.9934e-01  -1.3282e+00
 -4.1159e-01  -4.4410e-01
  2.8322e+00  -4.8775e-01
 -2.3033e-01  -2.9279e-02
  3.3375e-01  -1.3997e+00
  1.1090e+00  -1.2618e-01
 -8.1789e+00   3.4191e-01
 -1.1557e-01  -4.8682e-01
 -8.9229e-01  -1.9837e+00
 -1.2352e+00  -1.2994e+00
  1.0717e+00   1.8919e+00
  9.3762e-01  -3.9235e+00
  3.3270e-02   2.7167e+00
  6.8836e-01  -4.5669e-01
 -1.1314e+00   6.4758e-01
  1.3973e+00  -1.5077e+00
  1.0184e+00  -9.5836e-01
  2.2020e+00   4.3042e-01
 -4.1311e-01  -6.7974e-01
 -7.7475e-01  -2.0732e+00
 -1.8160e+00   2.1675e+00
 -1.1545e+00   1.0808e+00
  4.4868e+00   4.9866e-01
 -5.9604e-02  -1.6263e-01
  4.9872e-01   1.6308e+00
  7.2421e+00  -1.6014e+01
 -1.7634e-01   1.8653e+00
 -5.3449e-01   7.5644e-01
  3.6269e+00   7.9029e+00
 -3.4564e+00  -1.1928e+00
  2.0903e-01  -1.5824e-01
  3.4359e-01   4.5689e-02
 -3.1028e+00   5.2328e-01
  3.6071e-01  -9.5840e-02
  5.4156e+00  -4.5797e+00
 -4.8978e+00  -8.0245e-01
 -8.9060e-02   6.4399e-01
  3.5225e-02  -2.4606e+00
 -6.4102e-01  -2.1791e+00
 -1.1450e+00  -2.7565e+00
  6.6204e-02  -2.0828e+00
 -2.6032e+00  -7.0081e+00
  5.5730e-01  -2.0689e-01
 -1.1990e+00  -2.2831e+00
  2.1932e+00   1.2316e+00
 -2.9858e+00  -1.0369e+00
 -1.3311e+00  -2.8993e-01
  5.4395e+00  -1.3554e+00
  4.4509e-01   1.8645e-01
  2.8516e+00  -5.3042e+00
  2.6078e+00   3.4030e+00
  9.5522e-01   1.1321e+00
 -2.7477e-01   7.0482e-01
 -3.1338e-01  -2.4648e-01
  5.7017e+00  -2.9870e+00
 -2.1090e+00   1.1913e+00
  2.0282e-01  -1.2216e-01
  1.0339e-02   6.4556e-01
  1.0984e+00   3.6572e+00
  2.4494e+00  -5.3316e-01
 -2.0344e+00   3.6154e-01
  3.4497e-01  -1.5575e-01
  7.0413e-01   5.2715e-01
  7.0169e-01   7.9808e-01
  1.5399e+00  -4.8199e+00
 -1.1079e+00   2.7627e+00
  1.4423e-01   1.2851e+00
  1.5329e+00  -7.7115e-02
  2.3992e+00  -1.3300e-01
  5.2492e+00  -9.4244e+00
 -2.2717e+00   2.3495e-01
  2.3142e+00  -2.1179e+00
  4.6339e+00   6.2115e+00
  1.9731e+00  -3.5987e-01
  1.3331e-01   9.4917e-02
  1.0888e+00  -3.6535e-01
  8.0079e-01  -1.5091e-01
 -1.5734e-01  -3.0027e-01
  6.8439e-01  -4.4932e-01
  1.1134e+00   1.9406e-01
 -1.9590e+00   1.5635e+01
 -1.1442e+00   1.4474e-01
 -3.7817e+00  -5.0720e+00
  9.6701e-01  -2.2156e-01
 -1.1613e+00  -2.5119e-01
  7.2958e-01   6.2155e-02
  2.3889e+00  -3.7061e+00
 -2.0132e+00  -4.6233e-01
 -3.5829e+00   2.1412e+00
 -2.3580e+00  -6.1219e-01
 -1.3264e+00   1.2864e-01
 -2.7155e+00  -8.0666e-01
 -2.2201e+00  -1.9641e-01
  1.5460e+00  -2.7209e-01
 -1.1248e-01   6.3810e-01
 -4.0650e-02   6.2177e-01
  9.0672e-01  -1.7094e-01
  2.6642e+00   6.8252e-01
 -7.9495e-01   5.2660e-01
 -1.1085e+00   1.0057e+00
  2.4996e-01   8.9694e-01
  2.4628e+00  -3.7049e-01
 -1.7736e+00  -4.2510e+00
 -2.2044e+00   4.1798e-01
  1.5110e-01   3.2534e-01
 -4.7692e-01   2.5098e-01
 -2.2849e+00  -2.7543e+00
 -1.1670e-01   1.8844e+00
 -1.1715e+00   5.3464e-01
 -1.9629e+00  -2.9229e-01
 -1.9527e+00   3.5742e-01
 -6.1998e-01  -9.3360e-02
 -1.3740e-01  -6.5541e-01
  5.2208e+00   5.6077e+00
  4.9170e-01   1.9925e-01
 -2.8950e+00   1.3401e-01
  4.4008e-01  -5.7766e-02
 -1.0579e+00   2.3422e+00
  7.6286e-02  -2.0324e-01
 -4.7081e+00  -4.8314e-01
  1.0446e+00  -1.6006e+00
  2.5141e+00   2.1850e+00
 -9.5412e-01   3.3171e-01
  9.4670e-01   2.1805e+00
 -9.0626e+00   1.1362e+01
  7.2257e-01  -6.5614e-01
 -7.6498e-03   1.4370e-01
 -6.2096e-01   1.0007e+00
  4.6370e-01  -3.8767e-01
 -9.2314e-01   1.6108e+00
  7.0734e+00  -5.6815e+00
  1.5205e+00   1.8448e+00
  6.1827e-01  -3.1524e-01
 -1.9593e+00  -1.7542e+00
 -9.9137e+00   8.9626e+00
 -3.3163e-01  -4.3208e-01
 -1.4481e+00   6.9108e-01
  6.6973e+00  -1.1855e-01
  1.4469e+00  -2.2641e+00
 -7.5642e-01   3.0254e-01
  7.0172e-02   8.0179e-03
  8.9963e+00   4.4245e+00
 -6.2331e-01   2.1062e+00
  4.2608e-01  -2.3101e+00
  6.6406e-01   6.3741e+00
 -2.4330e+00   2.2388e+00
  6.0727e-01  -1.3578e-01
  1.7865e-01  -4.7260e-02
  1.9123e+00   7.7470e-02
 -1.0627e+00  -5.9009e-01
  1.8523e+00  -1.5917e+00
 -1.4956e+00  -6.4976e-01
  2.9013e-01   5.4876e-01
 -3.9746e-01   1.0337e+00
 -2.2833e-01  -4.2771e-01
 -5.5819e-01  -3.8371e-01
 -4.9204e-01   9.8396e-01
 -1.6322e-01  -2.5915e+00
 -8.6761e-01  -1.2381e+00
 -7.2296e+00  -1.6934e+00
  2.9552e-01   1.6776e+00
 -2.0366e-01   5.7110e-02
 -6.9372e-01  -4.0185e-01
  1.3446e-01   4.6999e-01
  6.9526e-01  -7.0754e+00
 -9.5739e-01   4.2598e+00
  1.9759e-01  -1.0988e+00
 -5.1304e+00   1.3107e+00
  1.1709e+00   2.4700e-01
  4.3241e+00   2.0867e+00
 -3.0703e-01   1.7809e+00
  1.6917e-01   9.5562e-01
  1.0820e+00  -1.3120e+00
 -1.0903e+00  -5.7409e-01
 -1.1225e+00  -4.0625e+00
  4.7405e-01  -9.4016e-01
  2.0449e+00  -1.6977e+00
 -4.9114e-01   2.3694e-01
  7.9578e+00  -2.2516e+00
 -9.3734e+00   1.0837e+00
  1.8447e+00   1.4512e+00
 -1.6887e+00   1.5454e-02
  6.6299e-01   1.2559e-01
 -4.3251e-01  -8.6715e-01
  5.6895e-01  -2.8066e-01
  9.6930e+00  -6.0430e+00
 -1.5213e+00   8.6533e-01
 -1.8277e-01   1.2820e-01
 -4.0306e-01  -8.2632e-02
 -1.1891e+00   1.7394e+00
 -3.9238e-01   1.1188e-02
 -1.6701e+00  -6.9331e-01
 -2.9030e-01   3.0644e-01
 -2.1891e+00  -5.9160e+00
 -8.0787e+00   8.6707e+00
 -8.0943e-01  -1.1236e+00
 -8.9414e-01  -5.5974e-01
 -6.0116e+00   1.9198e+00
  1.3187e+00  -3.9935e-01
 -3.5952e+00  -4.0535e+00
  2.1663e+00  -2.7737e+00
 -5.5355e-01   3.3047e+00
 -2.0447e+00  -7.2082e+00
  2.6425e-01   1.2684e-01
 -3.3960e-01  -2.6425e-02
  1.2956e+00   4.7593e-01
  7.4190e-02  -3.4750e-04
 -1.3980e+00   8.4804e-01
  1.6197e+00  -2.1778e+00
  1.7816e+00   8.7702e-01
 -1.1183e+01  -5.3209e+00
 -1.5093e+00   1.2602e+00
 -3.2024e+00  -1.9897e+00
  4.7514e-01   1.1172e+00
  1.9720e+00  -8.5194e-01
 -3.8304e-01  -3.5604e-01
  2.7341e+00  -2.3717e+00
 -5.2657e+00  -6.5998e+00
  9.2248e-01  -4.5238e-01
 -4.0563e+00   1.9676e+00
 -2.7058e+00   1.6240e+00
  8.5398e-01  -5.6481e-01
 -1.0870e+00  -3.0086e+00
  1.8677e+00   2.6085e+00
  4.7106e-01  -8.2182e-01
  2.2994e+00  -1.6636e+00
 -8.3920e-01   6.8668e+00
 -5.3779e-01  -3.7337e-02
  1.1317e-01  -6.9562e-01
  9.4393e-01   2.7429e+00
 -4.8758e+00   4.7570e-01
  6.6555e-01  -2.2288e-01
  9.7794e+00  -1.1956e-01
 -6.6953e-01   2.1148e+00
 -6.4883e+00   7.5861e+00
 -1.0933e+00  -8.7913e-01
 -2.3417e+00  -1.9990e+00
 -4.2266e-01   4.1663e-02
  4.1360e+00   1.2285e+01
 -1.0743e+00   1.4099e-02
 -2.2570e+00   3.1306e-01
 -5.3937e-01   1.2510e+00
 -1.7620e+00   2.0330e+00
  2.4888e-01  -2.4920e-01
 -1.8870e+00   2.3016e+00
 -2.1493e+00   4.6446e-01
  4.2480e+00   4.0874e+00
  1.6325e+00   1.8662e-01
 -4.0130e-01   5.4672e-01
  2.4998e+00  -8.7644e-02
 -6.7047e-01  -8.6095e+00
  6.0944e+00   2.5554e+00
  1.1548e+00  -5.6380e-01
  1.5791e+01  -8.6320e+00
 -6.0825e-02   8.6775e-01
 -2.7378e+00   5.3422e+00
 -3.8469e-01  -4.3002e-01
  2.5604e+00   4.7994e+00
 -2.9801e+00  -1.9349e+00
 -4.3889e+00   2.7770e-01
 -2.6378e+00   5.1484e-02
  2.9631e+00  -3.9265e+00
 -4.7842e-01   1.0321e-01
 -1.0978e+00  -1.1143e-01
  4.5059e-01   8.1882e-01
  9.3823e-01  -9.8024e-02
 -1.1766e-01   4.5600e+00
 -4.8250e+00   3.0593e+00
 -3.9231e+00   1.5819e-01
 -2.1336e+00  -4.1857e-02
 -4.5521e-01   7.1343e-01
  2.5442e-01   2.2918e-01
  3.3988e-01  -7.7331e-02
 -1.3162e+00  -1.3624e-01
 -2.1813e+00  -3.3718e-01
  2.5520e+00   3.6616e+00
  3.3405e+00   2.7030e-01
  2.0438e+00   6.4209e-02
  1.0967e+00   1.1112e+00
  3.0019e+00   4.7096e+00
  7.3197e-01   6.9442e-02
  1.7887e+00  -1.0343e+00
  3.0785e-01  -1.0348e-01
 -8.3814e-01  -2.3821e+00
 -1.0197e+00   1.7882e+00
 -5.2695e-01  -2.4910e-01
 -4.7406e+00  -1.1456e+00
  5.8655e-01  -2.8479e-01
 -1.1687e-02   1.2499e+00
  2.2929e+00  -6.8957e+00
  1.3813e-01   3.4417e-01
 -8.9261e-01  -3.1799e+00
 -4.3158e-02   7.8601e-01
  6.9816e-01  -2.0341e-01
  1.0200e+00   5.6057e-01
  2.1999e+00  -2.2006e-01
 -8.1241e-01   5.9518e-02
  4.6170e+00   8.3337e+00
  6.3038e-01   3.7020e-01
  1.1093e+00   1.4577e+00
 -8.4569e-02   1.6447e+00
 -6.3206e-01  -5.3076e-01
 -9.0137e-01   4.1132e+00
 -8.2879e+00   4.7373e+00
  1.2367e+01  -3.7102e+00
 -5.0868e-01   5.4522e-01
  3.1965e+00   3.8336e+00
  8.8143e+00  -3.7256e+00
 -6.6370e-02   4.3495e-01
  3.3428e-01   3.0942e-01
 -1.7447e+00  -4.4026e-01
 -5.0089e+00   4.7574e-01
  3.7443e+00   6.1169e+00
 -6.7351e-02   6.2956e-01
  3.3683e-02  -4.1227e-01
 -6.6644e-01   4.6506e-02
  8.9098e-01   3.7002e-01
 -1.2619e+00  -1.6311e+00
 -1.3570e+00  -9.7394e-02
 -9.5048e-01   7.1130e-01
 -5.8863e+00   1.5628e+00
 -2.8218e+00  -2.6418e+00
 -1.0934e+00  -5.8432e+00
 -1.2732e-01   1.2436e+00
 -1.2229e+00  -3.1213e+00
 -8.8914e-02   8.7425e-01
 -2.6828e+00   6.3164e+00
 -1.6130e-01  -1.6309e+00
  1.1992e+00  -8.8544e-01
 -3.2028e+00  -2.9850e+00
  3.4440e+00   1.0457e+00
  1.7747e+00  -1.1479e+00
  4.5656e+00   9.5902e-02
  2.8990e-02  -8.0524e-01
 -5.0211e-01   6.4510e-02
 -2.5406e+00  -3.5132e+00
 -1.7013e+00   2.9307e+00
  4.1674e-01   2.8247e-01
  9.8530e-01   5.8462e-02
 -6.6976e-02   1.1162e-03
 -1.7388e+00   3.1013e-01
  8.8602e-02   1.6327e+00
 -1.1518e+00  -4.6772e+00
  3.2188e+00   4.4895e+00
  1.0236e+00  -1.4159e+00
 -1.5788e+00  -3.5522e-01
 -2.9400e+00  -2.7352e+00
  1.4509e+00  -9.4052e-01
 -1.0227e+00  -5.6814e-01
  1.6348e+00  -1.3712e+00
 -2.4485e+00  -2.3383e+00
  1.1791e+00   4.5811e-01
  3.1211e+00  -3.1407e+00
 -8.6245e+00   9.4750e+00
 -3.1616e+00   6.5356e-01
 -1.0247e+00  -1.9613e+00
 -1.3072e-01   4.8179e+00
  8.4973e-01   1.2264e+00
 -2.4791e+00  -4.7708e+00
  2.0583e-01  -1.7161e+00
  1.5182e-01  -8.3731e-01
  1.9347e+00  -8.7523e-01
 -1.5472e-01   1.1611e-01
 -5.1144e-01  -2.0814e+00
  1.4732e+00  -1.2744e-01
 -7.3901e+00   1.5465e+01
 -5.1527e-01  -5.9097e-01
  1.3360e+00   1.3495e+00
 -2.1554e-01  -2.6989e-01
 -1.2425e+00  -2.6020e+00
  8.0551e+00  -1.4570e+00
 -4.2318e-01   3.4152e-01
  4.0198e-01  -8.8527e-01
 -1.1689e+00   3.9905e-01
  1.1282e-01   7.9033e-01
 -3.5301e+00  -1.7351e+00
 -2.3312e+00   7.6121e-01
 -1.2715e+00   6.2285e-01
 -2.0209e+00  -3.0401e+00
  1.3096e+00   9.5783e-01
  9.3331e-01   7.1886e-01
  1.9307e+00   6.9028e-01
  9.2647e+00   1.1881e+01
  6.5658e-01  -1.5615e+00
  8.9584e-01   2.9840e+00
  5.1461e-01   2.3805e+00
 -6.9325e-01   2.3800e-01
  5.0313e-01   2.6050e+00
 -2.4070e-01  -9.1568e-01
  8.2876e-01   2.4488e+00
 -1.6364e+00   9.4776e-01
  4.5823e-01   6.9679e-01
  1.2759e+00  -4.9234e+00
 -4.7590e-01   8.0772e-01
  1.1147e+00   1.2787e-01
  3.6275e-01  -6.3796e-01
  8.1398e-01  -6.2155e-01
 -3.3054e+00   2.5140e-01
 -3.7286e-01  -9.4943e-01
  1.3104e+00   2.4793e+00
  2.9255e-01   3.7186e-01
 -2.7962e-01   1.2179e-01
  5.0335e-01  -4.2962e-01
  5.4979e-01  -2.8928e+00
 -8.1060e-01  -3.7317e+00
 -9.6418e-01  -9.8266e-01
  3.1839e+00   4.6480e-01
  1.9333e+00   1.5162e+00
  1.0349e-01  -3.9272e-01
  3.0259e+00   2.1560e+00
 -1.7774e+00  -1.0549e+00
 -9.1009e-02   1.3955e-02
  8.2643e-01   1.9320e-01
 -8.6626e-01  -1.8151e-01
 -1.0017e+00   3.6624e-01
  9.6539e-01  -1.1328e+00
  6.1125e-01   9.0609e-01
  1.1669e+00   2.1772e-01
 -2.1483e+00  -2.2151e+00
  3.7609e-01   5.2293e-01
 -1.3985e+00   3.9396e-01
 -5.5624e+00  -9.1278e-01
 -4.7225e-01   4.3906e-01
  1.3048e-02   2.7076e-01
  1.4092e+00  -1.8927e+00
  1.2431e+00   1.8675e-01
 -1.4721e+00   9.3752e-01
  2.3480e-01   6.0098e-01
 -6.9802e-02  -2.2912e+00
  2.3969e-01  -4.9867e-01
 -2.4045e-01  -3.0669e-01
 -5.5659e-01   1.5017e+00
  4.0509e+00   1.8299e+00
  3.0100e-01  -7.5252e-02
 -7.8092e-01   6.6424e-01
 -6.8499e+00   1.2618e+00
 -9.6378e-01  -1.6704e+00
 -7.6329e-01   8.7638e-01
 -3.4089e+00   2.4007e+00
  1.0655e+00   1.0759e-01
 -6.6619e-01   1.3950e+00
 -4.3804e+00   7.6008e+00
  2.9241e+00  -8.1887e-01
 -4.6291e-01  -4.1476e-01
  8.8580e-01   5.5317e-01
  6.8582e-01  -9.4739e-01
 -1.8945e-01  -1.5014e+00
 -1.1983e+00   2.9475e+00
 -8.1033e-01   3.5759e-01
 -9.5018e-01  -2.5681e-01
  3.6345e-01  -2.4749e+00
 -3.6918e+00  -9.7639e-01
  3.4318e+00  -5.1442e+00
  1.0144e+00  -2.5255e+00
  1.2682e+00  -1.4420e+00
 -7.0745e+00  -1.1877e+01
  1.3362e+00   8.7940e-02
 -3.5440e+00   1.2748e-01
 -3.2717e-01   3.8765e-01
 -2.4188e+00  -6.5163e-01
 -1.8979e-01   1.0015e+00
  2.0183e+00   1.0410e+00
  1.1423e+00   9.0781e-02
  1.0513e+00   7.2490e-01
  6.4624e-01  -1.1732e+00
  3.3409e+00   1.9799e-01
  2.9051e-03   2.6604e+00
 -1.6767e+00  -2.4265e+00
  4.9426e+00  -1.7633e-01
 -5.4305e+00  -4.1711e+00
 -2.3189e+00   1.0322e+00
 -2.9668e+00   1.9724e+00
 -3.6276e-01  -1.4315e-01
 -4.4466e+00  -3.3276e+00
 -1.7849e+00  -1.5139e+00
  3.5286e-01  -3.1590e+00
  1.5458e+00  -4.3863e-01
  2.8380e+00  -4.5420e-01
 -2.1898e+00   1.0655e+00
 -1.9272e-01  -2.5677e-01
  2.0234e+00   4.0632e-01
  6.2425e-01  -3.8790e-01
 -4.7812e+00  -2.8739e-01
 -9.8020e-01  -3.2491e+00
 -8.4127e+00  -2.4243e+00
  2.1313e+00   1.8694e+00
 -1.0579e+00   1.4969e+00
  1.7460e-01  -2.1301e+00
  4.3338e+00   4.5943e+00
 -6.7874e-02   7.3412e-01
 -2.6496e-01  -1.9473e+00
  1.5416e+00  -1.1509e+01
  3.1748e-01  -3.2785e-01
  1.6153e+00  -1.5919e-01
  2.5583e-02  -1.6896e-01
  5.3389e+00   3.4445e+00
  7.8930e-01  -5.5118e-01
  2.6282e+00  -1.5643e+01
 -1.9726e+00   1.6728e+00
 -5.3645e-01  -7.8483e-01
 -2.1534e+00  -3.6254e-01
  4.0991e-01   1.6940e-01
 -6.8955e-01  -1.7315e+00
  1.8723e+00   1.3262e+01
  4.8581e-01   3.1856e-01
 -5.5090e+00  -5.1225e+00
 -2.5592e+00  -1.5485e+00
  2.2015e-01  -3.6330e-02
  7.9467e-01  -2.2000e-01
 -1.7324e+00  -3.8045e-01
 -1.6457e-01   6.4152e-01
 -1.1856e+00   1.4931e+00
  4.1877e+00   4.6130e+00
 -1.7037e+00  -3.0030e-01
  8.1446e-01   7.6468e-01
  1.3208e+00   1.2470e+00
 -1.1798e+00  -3.2740e+00
 -7.3120e-01  -1.7506e-01
 -5.6207e-01  -3.1297e-01
  1.5860e-01  -3.5664e-01
 -3.8702e-01   4.1811e-02
 -3.5663e+00   1.9369e+00
 -1.0801e+00  -3.2450e+00
  2.2492e+00   1.1626e-01
 -1.1267e-02  -4.9100e-02
 -5.6242e+00   1.1897e+00
 -1.4069e-01   1.4901e+00
  1.0289e-01   7.4335e-01
  2.8982e-01  -1.2725e+00
  6.9663e-01   3.2631e-01
  2.5225e-01   1.3702e+00
 -1.1193e+00   6.0837e-01
  5.9003e-02   8.9396e-01
  2.1690e+00   2.8027e+00
 -1.0641e-01  -1.7479e-01
 -3.2279e-01  -1.1980e+00
 -1.5416e+00   1.3418e+00
 -2.0327e+00   7.2353e+00
  1.5144e+00   2.7567e+00
  3.2545e+00  -1.6746e+00
 -6.0892e-01   1.2180e+00
  5.7312e-01  -6.9451e-01
  1.9471e+00   1.6594e+00
 -5.1877e+00  -6.7868e+00
  1.1334e+00   1.6072e+00
  6.9527e-01   2.9621e-01
 -1.2990e+00  -6.3884e-01
 -1.5756e-01  -1.0477e+00
 -9.8451e-01  -8.9444e-01
 -2.6362e+00  -3.9376e+00
 -1.2488e+01  -2.6774e+00
  9.2799e+00  -8.6468e+00
 -7.0041e-01  -9.1556e-01
  2.9515e+00  -8.2194e-01
  8.7537e-01   2.7326e+00
 -1.8433e+00   1.9273e+00
  1.4523e+00  -5.6054e-01
  1.8078e-01  -9.7169e-01
  3.4540e-01  -1.3737e+00
  1.7073e+00   2.4841e+00
 -1.3642e+00   3.0676e-03
  4.0181e-01  -2.0181e-01
  1.0254e+00  -1.2024e+00
 -7.1947e-01  -3.1289e-01
 -2.6849e+00   2.6395e+00
 -1.9518e+00  -9.2298e-02
 -5.6359e+00  -1.8636e+00
 -3.8577e-01   3.1189e-01
  3.3061e-01  -3.4138e-01
  5.0230e+00   1.5417e+00
 -1.2384e+00  -2.1490e+00
 -1.0106e+00  -8.6759e-01
  1.2283e+00  -4.6557e+00
 -3.8844e-01  -8.2898e-01
 -5.2280e-01   2.8128e-01
  1.1534e+00   2.4301e+00
 -1.5592e+00  -2.3506e+00
  5.5964e-01   5.0083e-01
 -1.2600e+00   2.1618e+00
  3.0508e-01  -4.1529e-01
  1.9377e+00   5.6001e-01
 -2.1193e-01   5.6092e-01
  1.4129e+00   4.1242e+00
 -3.5175e+00  -3.0647e+00
  3.8282e+00  -2.0006e+00
  2.4375e+00   1.9597e+00
  3.2016e-01  -2.7902e+00
 -2.0338e+00  -1.4404e+00
  1.9966e+00   6.5648e-02
 -1.6232e-01   6.1990e-01
  3.2074e+00  -2.1795e-01
 -3.2388e-01   6.3739e-01
 -1.7253e+00   7.3512e-02
  4.7908e-01   1.6496e-01
 -2.2338e+00   1.8062e-01
  1.9887e+00   1.8211e-01
 -4.4284e+00   5.4968e+00
  3.6108e-01  -6.9512e+00
  7.5382e-01   1.2823e+00
 -1.7179e+00   1.8659e+01
 -1.4264e+00   1.4768e+00
  6.9846e-01  -3.5070e-01
  9.4472e-01   1.5424e+00
  1.2454e-01   1.3724e+00
 -1.0978e+01   9.6177e+00
  2.7729e-01   6.5836e-01
 -4.2934e-01   2.3600e-02
 -1.4797e+00   1.7700e+00
 -3.9797e-01   4.1879e-01
  4.2269e-01  -8.8745e-01
  4.7579e+00   7.7530e-02
  1.2773e+00   2.0031e-01
 -2.2102e+00   7.8335e-01
 -1.9942e+00  -1.9639e+00
 -3.8611e-01  -9.6133e-01
  9.5901e-01  -8.8064e-02
 -2.3875e+00  -3.0355e+00
 -1.1715e+01  -2.0020e+00
 -6.9095e+00  -1.7182e+00
  5.6866e-01  -1.5273e+00
 -3.5440e-01  -7.9238e-02
  1.0645e+00  -1.7215e+00
  6.8702e-01   5.7961e-01
  1.6900e+00  -4.5532e+00
  3.1128e+00   5.5194e-01
 -1.0698e+00   2.6995e+00
  1.9799e-01   4.6563e-01
 -8.5969e-02   3.1096e+00
  7.7995e-01   2.2881e-01
 -2.1377e+00  -5.3976e+00
  5.4744e+00  -1.4456e+01
  5.2716e-02  -2.0032e-01
 -3.3894e-01   2.0138e+00
  1.4492e+00  -3.4952e+00
 -1.2684e+00   8.6625e-01
  1.5952e+00   1.3786e-01
 -7.6119e-03   2.8339e-01
  2.4611e-01  -1.7451e-01
  2.7384e+00   1.0922e+00
 -1.3923e-02  -8.8677e-02
  3.7615e-01  -5.7873e+00
  8.0359e+00  -5.7995e-01
 -1.8198e+00  -3.3608e+00
 -8.4038e-01  -4.5822e-01
 -4.4642e+00   8.9052e+00
  1.4868e+00  -1.4050e+00
 -1.2607e+00  -2.3311e+00
 -3.3960e-01   2.1986e+00
  5.2072e-01   5.3995e-01
  4.8128e-01   9.2353e-01
  6.1989e+00  -8.7700e+00
  9.8843e-01   1.6926e-01
  8.2946e-01   1.7524e+00
  2.8730e+00  -1.3892e+00
 -3.0031e-03   6.7800e+00
  5.4032e-01   9.8808e-02
  1.0058e-02   2.0636e-01
  6.6424e-01  -2.6825e+00
 -1.1233e+00   1.1107e+00
  9.9377e-01  -3.9684e-01
  2.2471e+00   7.7015e+00
 -3.3631e-01  -2.0894e-01
 -1.5492e-02  -4.8463e-01
 -1.3015e+01   4.0798e-01
  1.9800e+00  -9.1728e-02
  5.0218e-02  -7.8837e-01
  3.1188e-01  -1.7051e-01
  3.8281e-01   7.5805e-01
  2.7300e-01   5.0758e-01
  1.1376e-02   9.9293e-01
 -4.6524e+00  -9.7001e+00
 -3.3992e+00  -2.9942e+00
  1.4465e+00  -7.1397e-01
  4.0306e+00   1.0183e+00
  1.1982e+00   1.2620e+00
 -1.0326e+00  -7.5766e-01
  4.7466e-01  -5.3356e-01
  1.2480e+00   6.2898e+00
 -2.5090e-01  -1.7805e-01
 -6.2547e-01  -1.4678e+00
  6.1587e+00  -5.6739e+00
 -1.2643e+00  -6.6941e+00
 -2.3190e-02  -3.2213e-02
  9.1412e-01  -1.3334e+00
  4.4128e+00   6.0369e-01
 -1.4578e-01   6.2148e-01
  6.9642e-01   4.4114e-01
 -1.0937e+00  -2.4122e-01
  9.4612e+00  -6.2741e+00
  1.2212e-01  -1.1456e-01
 -4.9351e-02  -3.5016e-01
  1.4150e-01   3.1634e-01
 -1.1282e+00  -1.4783e+00
 -9.8858e-01  -1.0243e+00
  5.3744e-01   2.3979e-01
  1.4198e+00   3.9121e-01
  1.5414e+00  -4.3675e-01
 -2.1951e+00   1.3214e-01
  1.4324e+00   1.9553e+00
  5.5703e-01   9.8332e-01
 -4.6376e-01   4.4398e-01
 -6.0404e-03  -4.2123e-01
  4.8072e+00   1.1151e+01
 -4.0917e-01   1.0051e+00
 -1.4298e+01  -9.8517e+00
  1.9240e-01   8.0028e-02
 -8.1840e-01  -3.6248e-02
 -1.2562e-01  -1.5679e-01
 -3.9656e-02   3.4444e-01
  7.3137e-01  -6.3543e+00
 -2.9680e+00  -4.2007e-01
  2.7965e-01   4.1036e-01
  4.0556e+00   8.0032e+00
 -1.8406e+00  -3.6275e+00
  7.2465e-01   6.0823e-01
  3.6350e+00  -1.4170e+00
 -2.7259e+00   9.9086e-02
 -7.5154e-01   5.9592e-01
  2.9723e+00   3.0363e+00
 -7.3627e-01   3.0676e+00
  1.1210e+00   1.6451e+00
  6.5056e-01  -4.9775e-02
 -1.6590e+00   2.9030e-01
 -3.6688e+00   1.2616e+00
  4.8543e-02   3.8271e-01
  2.5664e-01  -3.5540e-01
  1.1335e+00   1.0441e+00
 -2.8076e-01   8.8015e-01
  1.9929e-01  -1.0798e+00
  1.4058e+00   1.0934e+00
  7.5645e-01   4.6849e+00
  3.4725e+00   2.9609e-01
 -1.0143e+00  -1.1388e+00
 -4.5985e-01   1.2808e-01
 -6.6596e-01  -9.0241e-01
  2.3381e+00   4.7329e+00
  5.4056e-01  -6.5167e-01
  1.1042e+01   5.4180e+00
 -2.1178e+00  -4.1500e+00
 -6.5260e-03  -1.4600e-01
 -1.0136e+00   7.4213e-01
  1.8877e-02  -8.1582e-02
 -1.3768e+00   1.2184e+00
 -1.5322e+00   2.8413e+00
 -5.2159e-01   1.1848e+00
  7.9177e-01   2.0963e-01
  2.5286e+00   1.5801e+00
 -1.2589e+00  -4.2125e+00
 -7.2763e-01   5.7823e-01
  2.4698e+00   2.9939e+00
 -1.3583e+00   3.2272e-01
  1.2039e+00  -1.7948e-01
  1.4317e+00  -1.2187e+00
  1.7290e+00   7.2333e+00
 -8.8171e-02   6.9597e-01
 -3.3913e+00   3.7710e+00
  7.5487e+00   1.9634e-01
  2.6520e+00   1.9186e+00
 -9.0890e-01  -1.9613e+00
  1.2931e+00  -1.2723e-01
  1.0692e+00  -6.4059e-02
  9.2543e-01  -3.6516e-01
 -3.5595e-01  -1.1496e+00
  2.5065e+00   5.4257e+00
  8.0819e-02   5.9739e-01
  4.2945e-01   6.2467e-01
  1.2370e+00  -1.4788e-01
 -2.4558e-01  -8.0303e-01
 -4.6102e-01  -3.5230e-02
  2.1296e+00   5.4366e-01
 -2.9430e-02  -6.8110e-01
  4.8082e-01   1.0747e+00
  1.3829e+00   1.4038e-01
 -2.4082e+00   1.1873e+00
  2.3729e+00  -3.4903e+00
 -5.1232e+00  -3.9522e+00
 -8.8691e-01   5.3620e-01
 -2.0026e+00   7.6287e+00
 -7.4601e+00   1.4245e+01
  1.1392e+00  -7.3820e-01
  8.4404e-01   3.8876e-01
  5.1475e-01   1.5343e-01
  1.6497e+00   4.2491e-01
  7.6893e-01   1.7836e+00
  1.8252e+00   6.2821e+00
  9.1903e+00  -6.3819e+00
  1.5185e+00  -8.0430e+00
  4.2256e-01  -1.4014e+00
  1.6240e+00   1.2843e+00
  2.4374e-01  -3.4036e-01
 -3.9929e-01   2.1129e-01
 -6.4668e+00   2.8954e+00
 -1.7521e+00   3.8468e-01
  4.2861e-01   2.4327e+00
 -3.9335e-01   1.9599e+00
 -3.3387e-01   4.5136e-01
 -1.4262e+00  -2.1659e+00
 -8.1919e-01  -7.6481e-01
  1.0313e-01   4.8279e-01
  6.0375e-02   7.7392e-01
  8.7985e-01  -6.6123e-01
 -1.1049e+00   1.9627e+00
  5.5532e-01   6.1055e-01
 -2.2897e+00   1.4482e+00
 -1.3438e+00  -2.2727e+00
  8.7819e-01  -2.1876e+00
 -1.9037e+00   1.4298e+00
 -5.0097e-01  -3.6951e-01
  5.0769e-01  -1.2263e-01
 -9.0317e-01   6.2275e-01
  3.3585e+00  -3.3637e+00
  2.0830e+00   4.0933e+00
 -2.1876e+00  -2.4063e-01
  8.0465e-01  -1.9039e-01
 -8.4104e-01   3.3093e-01
  2.4427e+00  -2.2227e+00
  4.4543e-01  -5.3957e-01
 -8.7268e-02   7.2163e-02
  2.3822e-01   1.0483e-01
  8.0811e+00  -1.1786e+01
 -1.5400e+00   3.1898e-01
 -3.0389e-01  -1.2790e+00
 -1.0946e-01  -3.6820e+00
  1.0867e+00   1.5220e-01
 -5.8028e-01   2.8388e-01
 -8.0423e+00  -3.2816e+00
 -9.0821e-01   4.2864e-01
  1.1327e+00  -1.3842e-01
  2.2128e+00   2.6590e+00
  1.6486e+00  -6.6738e-01
  4.3103e+00  -1.2372e+00
  8.3843e+00  -3.4097e-01
 -2.6671e+00  -1.1854e+00
 -9.1526e-01   5.3569e-01
  9.0893e-02  -1.7940e-01
 -2.9605e+00  -9.0632e+00
  8.3001e-01   2.2068e+00
 -1.3708e+01   5.8749e+00
 -5.0645e+00   1.3540e+01
  1.1376e+00   1.9725e+00
 -9.5197e-01   8.6861e-01
  7.8773e-01  -3.4716e-01
  6.7504e-01   1.0011e+00
  2.3023e+00   5.5801e-01
  1.7760e-01  -2.1923e-01
 -1.8114e+00   5.0066e+00
  1.5381e-01   9.8965e-01
 -6.5955e-01  -1.3141e-01
  1.2120e+00   1.3160e+00
  5.6055e-01  -1.2061e+00
  1.3925e+00  -2.4337e+00
  8.3479e+00  -9.2993e+00
  1.8117e-01  -4.7559e-01
 -1.9816e+00  -3.3434e+00
 -8.0110e-01   2.4482e+00
 -1.4979e+00   1.0386e-01
  1.5491e+00   5.3128e+00
  5.5218e-01   9.8374e-01
 -1.2133e+01  -9.0040e+00
 -1.5972e-01  -3.5631e-01
  1.3968e+00   1.2163e+00
  6.7045e-01   1.7630e-01
  3.8732e-01   5.2228e-01
 -3.6292e+00   2.1647e-01
  3.1622e+00  -7.5255e-02
 -1.4391e+00   2.4262e-01
  3.5868e+00  -6.2692e-01
  1.9928e-01   3.9620e-02
  1.7743e+00   7.3324e+00
 -7.2739e+00   5.2565e+00
  5.6330e-01  -8.1516e-02
 -4.6072e-01  -5.7686e+00
  1.4948e+00   2.0409e-01
 -3.8217e+00  -1.2548e+00
 -2.6238e-02  -3.7695e-01
  3.7493e+00   1.1058e+00
  4.1295e-01   8.0661e-01
  6.8140e-01  -2.4073e+00
  1.1482e+01  -1.0876e+01
  1.7441e+00   1.1593e+00
  6.5614e-01  -1.3660e+00
  2.0066e-01   1.0070e-01
 -7.8256e-01  -3.6241e-01
  1.2324e+00   1.3323e+00
  7.0774e-01  -2.5427e+00
  6.2031e-01  -1.8375e-02
  2.1400e-01  -1.1383e+00
  1.1382e+00   5.1602e-01
 -5.9535e+00   7.9545e+00
 -1.8377e-01  -2.2349e-02
 -4.4350e-02   3.0639e-01
  3.6285e-02  -1.0309e+00
 -1.4590e+00   2.0359e+00
 -6.3948e-01   1.5509e+00
  4.4384e-01   1.0599e+00
 -2.1670e-01   2.2280e+00
 -9.2195e-01   1.0377e-02
 -4.8384e-01  -1.0894e+00
  2.5321e+00   4.7757e-01
 -2.0049e-01   1.3240e+00
  4.3091e+00  -9.2954e-01
  2.1877e+00  -1.0840e+00
 -1.1180e-01  -8.1790e-01
  9.4646e-01  -3.4361e-02
  2.3548e-02  -8.1826e-02
  6.8198e-01   1.4245e-01
  7.4674e-01  -7.4952e-01
 -5.7016e-01   1.8416e+00
  7.5752e+00   1.2384e+01
 -7.1729e-01   6.9406e-01
  8.8670e-01  -9.4159e-01
  4.9949e-01  -2.4544e+00
 -4.0399e-01   1.4245e+00
 -1.1515e+00  -6.8785e-01
  1.5598e+00   2.7989e-01
 -1.1268e+00   4.2758e-02
 -7.5849e-01   1.7381e+00
  2.6193e-01   2.2704e+00
  1.2157e+00   1.3276e+00
 -5.1323e+00   1.5960e+00
  5.7273e-02   2.8913e-01
  2.3845e+00   5.1529e+00
 -1.5768e+00  -8.9188e+00
 -7.5958e-01  -3.7718e-01
  1.5965e+00   2.1150e+00
 -2.5583e-01   7.9123e-01
 -2.2101e+00   1.0510e+00
  1.2570e+00  -7.0512e-02
 -9.9638e-02   4.5020e+00
 -2.0266e+00  -7.0373e+00
 -3.4310e-01  -1.7768e-01
  4.7070e+00   1.4113e+00
 -3.4388e-01   6.9303e-01
 -8.9691e-01  -1.7968e-01
  2.7408e-02  -1.9101e-01
 -3.7953e+00  -3.6166e+00
  4.1296e-01   6.2603e-01
 -4.2863e-01  -1.3829e+00
  9.6408e-01   2.3384e+00
 -5.5461e-01  -6.9396e-01
  3.6527e+00  -2.3733e+00
 -9.6652e-02   1.0183e+00
  9.1599e-02  -6.3718e-01
  2.2309e+00   8.0701e-01
  4.6072e+00   1.4507e+01
 -4.6100e+00  -1.3895e+01
  2.2969e+00  -3.5104e+00
  4.4926e-01   2.6084e-01
 -3.4415e-01   6.2694e-02
 -7.0296e-01   1.6536e+00
 -2.1652e+00  -9.1616e+00
 -5.4665e-01  -2.5236e-01
  3.6249e-01  -3.9421e-01
  2.3569e+00   1.6738e-01
 -3.3981e-01   1.9588e+00
  9.7271e-02  -5.0739e-01
